1.0386e-03 1.0023e-01
1.0386e-03 8.9330e-02
1.0566e-03 7.9614e-02
1.0750e-03 7.9614e-02
1.0750e-03 7.9614e-02
1.0750e-03 7.9611e-02
1.0566e-03 7.0955e-02
1.0566e-03 7.0955e-02
1.0386e-03 6.3238e-02
1.0386e-03 5.6361e-02
1.0566e-03 5.0231e-02
1.0566e-03 5.0231e-02
1.0750e-03 4.4781e-02
1.0750e-03 4.4768e-02
1.0750e-03 3.9899e-02
1.0750e-03 3.9899e-02
1.0566e-03 3.9899e-02
1.0386e-03 3.5559e-02
1.0386e-03 3.1692e-02
1.0386e-03 2.8245e-02
1.0386e-03 2.5173e-02
1.0386e-03 2.2435e-02
1.0386e-03 1.9995e-02
1.0386e-03 1.7821e-02
1.0386e-03 1.5883e-02
1.0386e-03 1.4155e-02
1.0386e-03 1.2616e-02
1.0386e-03 1.1244e-02
1.0386e-03 1.0021e-02
1.0386e-03 8.9309e-03
1.0386e-03 7.9596e-03
1.0386e-03 7.0939e-03
1.0387e-03 6.3224e-03
1.0387e-03 5.6348e-03
1.0566e-03 5.0262e-03
1.0750e-03 5.0233e-03
1.0752e-03 5.0219e-03
1.0793e-03 4.4757e-03
1.0751e-03 3.9890e-03
1.0750e-03 3.9881e-03
1.0749e-03 3.9890e-03
1.0566e-03 4.4720e-03
1.0387e-03 3.9890e-03
1.0387e-03 3.5551e-03
1.0388e-03 3.1685e-03
1.0388e-03 2.8239e-03
1.0401e-03 2.5167e-03
1.0417e-03 2.2430e-03
1.0406e-03 1.9991e-03
1.0452e-03 1.7817e-03
1.0490e-03 1.5879e-03
1.0566e-03 1.4772e-03
1.0616e-03 1.4152e-03
1.0702e-03 1.2613e-03
1.0566e-03 1.1960e-03
1.0492e-03 1.1241e-03
1.0502e-03 1.0018e-03
1.0566e-03 9.3146e-04
1.0624e-03 8.9288e-04
1.0750e-03 8.4937e-04
1.0837e-03 7.9577e-04
1.0936e-03 7.4155e-04
1.0991e-03 7.0923e-04
1.1046e-03 6.3209e-04
1.1088e-03 5.6335e-04
1.1126e-03 5.4307e-04
1.1272e-03 5.0208e-04
1.1319e-03 4.8905e-04
1.1466e-03 4.4747e-04
1.1516e-03 4.2924e-04
1.1631e-03 3.9880e-04
1.1715e-03 3.7994e-04
1.1827e-03 3.5543e-04
1.1919e-03 3.3993e-04
1.2097e-03 3.1677e-04
1.2126e-03 3.1292e-04
1.2336e-03 2.8850e-04
1.2391e-03 2.8232e-04
1.2550e-03 2.6648e-04
1.2768e-03 2.5337e-04
1.2802e-03 2.5162e-04
1.2990e-03 2.3981e-04
1.3215e-03 2.2704e-04
1.3268e-03 2.2425e-04
1.3445e-03 2.1461e-04
1.3678e-03 2.0414e-04
1.3797e-03 1.9986e-04
1.3915e-03 1.9444e-04
1.4157e-03 1.8475e-04
1.4362e-03 1.7813e-04
1.4403e-03 1.7658e-04
1.4653e-03 1.6777e-04
1.4907e-03 1.6066e-04
1.4983e-03 1.5875e-04
1.5166e-03 1.5345e-04
1.5429e-03 1.4749e-04
1.5697e-03 1.4220e-04
1.5735e-03 1.4149e-04
1.5969e-03 1.3663e-04
1.6247e-03 1.3156e-04
1.6529e-03 1.2706e-04
1.6591e-03 1.2610e-04
1.6815e-03 1.2208e-04
1.7107e-03 1.1758e-04
1.7404e-03 1.1359e-04
1.7510e-03 1.1238e-04
1.7706e-03 1.0972e-04
1.8014e-03 1.0595e-04
1.8326e-03 1.0266e-04
1.8608e-03 1.0016e-04
1.8645e-03 9.9759e-05
1.8968e-03 9.6302e-05
1.9297e-03 9.3180e-05
1.9632e-03 9.0428e-05
1.9784e-03 8.9268e-05
1.9973e-03 8.7506e-05
2.0320e-03 8.4585e-05
2.0673e-03 8.2007e-05
2.1031e-03 7.9795e-05
2.1073e-03 7.9559e-05
2.1396e-03 7.7219e-05
2.1768e-03 7.4856e-05
2.2146e-03 7.2874e-05
2.2530e-03 7.1149e-05
2.2586e-03 7.0906e-05
2.2921e-03 6.9079e-05
2.3319e-03 6.7047e-05
2.3724e-03 6.5217e-05
2.4136e-03 6.3595e-05
2.4243e-03 6.3195e-05
2.4555e-03 6.1741e-05
2.4981e-03 5.9921e-05
2.5414e-03 5.8322e-05
2.5856e-03 5.6888e-05
2.6041e-03 5.6322e-05
2.6304e-03 5.5308e-05
2.6761e-03 5.3796e-05
2.7226e-03 5.2420e-05
2.7698e-03 5.1176e-05
2.8122e-03 5.0196e-05
2.8179e-03 5.0028e-05
2.8668e-03 4.8597e-05
2.9166e-03 4.7281e-05
2.9672e-03 4.6095e-05
3.0187e-03 4.5010e-05
3.0337e-03 4.4737e-05
3.0711e-03 4.3873e-05
3.1244e-03 4.2735e-05
3.1786e-03 4.1695e-05
3.2338e-03 4.0735e-05
3.2894e-03 3.9871e-05
3.2899e-03 3.9861e-05
3.3470e-03 3.8721e-05
3.4051e-03 3.7689e-05
3.4643e-03 3.6757e-05
3.5244e-03 3.6001e-05
3.5648e-03 3.5535e-05
3.5856e-03 3.5225e-05
3.6478e-03 3.4320e-05
3.7111e-03 3.3442e-05
3.7755e-03 3.2641e-05
3.8411e-03 3.1975e-05
3.8750e-03 3.1670e-05
3.9077e-03 3.1296e-05
3.9756e-03 3.0554e-05
4.0446e-03 2.9840e-05
4.1148e-03 2.9186e-05
4.1862e-03 2.8589e-05
4.2329e-03 2.8226e-05
4.2589e-03 2.7962e-05
4.3328e-03 2.7255e-05
4.4080e-03 2.6649e-05
4.4845e-03 2.6117e-05
4.5624e-03 2.5627e-05
4.6338e-03 2.5156e-05
4.6416e-03 2.5090e-05
4.7221e-03 2.4414e-05
4.8041e-03 2.3811e-05
4.8875e-03 2.3296e-05
4.9723e-03 2.2823e-05
5.0529e-03 2.2420e-05
5.0586e-03 2.2384e-05
5.1465e-03 2.1828e-05
5.2358e-03 2.1319e-05
5.3267e-03 2.0849e-05
5.4191e-03 2.0419e-05
5.5132e-03 2.0026e-05
5.5245e-03 1.9982e-05
5.6089e-03 1.9554e-05
5.7062e-03 1.9106e-05
5.8053e-03 1.8697e-05
5.9061e-03 1.8324e-05
6.0086e-03 1.7981e-05
6.0633e-03 1.7808e-05
6.1129e-03 1.7606e-05
6.2190e-03 1.7199e-05
6.3269e-03 1.6825e-05
6.4368e-03 1.6481e-05
6.5485e-03 1.6165e-05
6.6622e-03 1.5885e-05
6.6680e-03 1.5872e-05
6.7778e-03 1.5540e-05
6.8955e-03 1.5214e-05
7.0151e-03 1.4900e-05
7.1369e-03 1.4609e-05
7.2608e-03 1.4343e-05
7.3627e-03 1.4145e-05
7.3868e-03 1.4083e-05
7.5151e-03 1.3767e-05
7.6455e-03 1.3479e-05
7.7782e-03 1.3215e-05
7.9132e-03 1.2971e-05
8.0506e-03 1.2736e-05
8.1294e-03 1.2607e-05
8.1903e-03 1.2479e-05
8.3325e-03 1.2194e-05
8.4771e-03 1.1947e-05
8.6243e-03 1.1720e-05
8.7740e-03 1.1512e-05
8.9263e-03 1.1321e-05
8.9979e-03 1.1236e-05
9.0812e-03 1.1107e-05
9.2389e-03 1.0865e-05
9.3992e-03 1.0638e-05
9.5624e-03 1.0430e-05
9.7284e-03 1.0244e-05
9.8972e-03 1.0072e-05
9.9558e-03 1.0014e-05
1.0069e-02 9.8693e-06
1.0244e-02 9.6609e-06
1.0422e-02 9.4688e-06
1.0603e-02 9.2902e-06
1.0787e-02 9.1255e-06
1.0974e-02 8.9733e-06
1.1036e-02 8.9247e-06
1.1164e-02 8.7952e-06
1.1358e-02 8.6071e-06
1.1555e-02 8.4326e-06
1.1756e-02 8.2711e-06
1.1960e-02 8.1464e-06
1.2167e-02 8.0587e-06
1.2379e-02 7.9748e-06
1.2429e-02 7.9541e-06
1.2594e-02 7.8623e-06
1.2812e-02 7.6980e-06
1.3035e-02 7.5456e-06
1.3261e-02 7.4041e-06
1.3491e-02 7.2748e-06
1.3725e-02 7.1551e-06
1.3863e-02 7.0890e-06
1.3963e-02 7.0260e-06
1.4206e-02 6.8785e-06
1.4452e-02 6.7393e-06
1.4703e-02 6.6102e-06
1.4958e-02 6.4919e-06
1.5218e-02 6.3866e-06
1.5399e-02 6.3180e-06
1.5482e-02 6.2765e-06
1.5751e-02 6.1480e-06
1.6024e-02 6.0266e-06
1.6303e-02 5.9133e-06
1.6585e-02 5.8080e-06
1.6873e-02 5.7264e-06
1.7166e-02 5.6622e-06
1.7316e-02 5.6309e-06
1.7464e-02 5.5893e-06
1.7767e-02 5.4996e-06
1.8076e-02 5.3893e-06
1.8390e-02 5.2870e-06
1.8709e-02 5.1920e-06
1.9034e-02 5.1059e-06
1.9364e-02 5.0262e-06
1.9397e-02 5.0185e-06
1.9700e-02 4.9246e-06
2.0042e-02 4.8270e-06
2.0390e-02 4.7361e-06
2.0744e-02 4.6516e-06
2.1104e-02 4.5731e-06
2.1470e-02 4.5000e-06
2.1612e-02 4.4727e-06
2.1843e-02 4.4147e-06
2.2222e-02 4.3255e-06
2.2608e-02 4.2638e-06
2.3000e-02 4.2055e-06
2.3399e-02 4.1500e-06
2.3806e-02 4.0868e-06
2.4219e-02 4.0225e-06
2.4467e-02 3.9862e-06
2.4639e-02 3.9530e-06
2.5067e-02 3.8745e-06
2.5502e-02 3.8020e-06
2.5945e-02 3.7343e-06
2.6395e-02 3.6714e-06
2.6853e-02 3.6232e-06
2.7319e-02 3.5777e-06
2.7588e-02 3.5527e-06
2.7794e-02 3.5273e-06
2.8276e-02 3.4609e-06
2.8767e-02 3.3952e-06
2.9266e-02 3.3344e-06
2.9774e-02 3.2777e-06
3.0291e-02 3.2250e-06
3.0817e-02 3.1755e-06
3.0921e-02 3.1663e-06
3.1352e-02 3.1163e-06
3.1896e-02 3.0698e-06
3.2449e-02 3.0253e-06
3.3013e-02 2.9829e-06
3.3586e-02 2.9345e-06
3.4169e-02 2.8866e-06
3.4762e-02 2.8420e-06
3.5045e-02 2.8219e-06
3.5365e-02 2.7920e-06
3.5979e-02 2.7379e-06
3.6604e-02 2.6874e-06
3.7239e-02 2.6413e-06
3.7885e-02 2.6045e-06
3.8543e-02 2.5697e-06
3.9212e-02 2.5368e-06
3.9619e-02 2.5150e-06
3.9893e-02 2.4956e-06
4.0585e-02 2.4471e-06
4.1290e-02 2.4020e-06
4.2006e-02 2.3630e-06
4.2736e-02 2.3296e-06
4.3477e-02 2.2980e-06
4.4232e-02 2.2674e-06
4.4840e-02 2.2415e-06
4.5000e-02 2.2325e-06
4.5781e-02 2.1899e-06
4.6576e-02 2.1501e-06
4.7384e-02 2.1177e-06
4.8207e-02 2.0879e-06
4.9043e-02 2.0597e-06
4.9895e-02 2.0305e-06
5.0761e-02 2.0012e-06
5.0866e-02 1.9977e-06
5.1642e-02 1.9638e-06
5.2538e-02 1.9285e-06
5.3450e-02 1.8986e-06
5.4378e-02 1.8703e-06
5.5322e-02 1.8436e-06
5.6282e-02 1.8183e-06
5.7259e-02 1.7943e-06
5.7859e-02 1.7804e-06
5.8253e-02 1.7683e-06
5.9264e-02 1.7365e-06
6.0293e-02 1.7054e-06
6.1339e-02 1.6763e-06
6.2404e-02 1.6499e-06
6.3487e-02 1.6274e-06
6.4589e-02 1.6061e-06
6.5675e-02 1.5868e-06
6.5711e-02 1.5860e-06
6.6851e-02 1.5590e-06
6.8012e-02 1.5333e-06
6.9192e-02 1.5090e-06
7.0393e-02 1.4862e-06
7.1615e-02 1.4650e-06
7.2858e-02 1.4449e-06
7.4123e-02 1.4262e-06
7.4992e-02 1.4142e-06
7.5409e-02 1.4065e-06
7.6718e-02 1.3833e-06
7.8050e-02 1.3615e-06
7.9405e-02 1.3407e-06
8.0783e-02 1.3210e-06
8.2185e-02 1.3024e-06
8.3612e-02 1.2839e-06
8.5063e-02 1.2661e-06
8.5544e-02 1.2604e-06
8.6540e-02 1.2448e-06
8.8042e-02 1.2237e-06
8.9570e-02 1.2053e-06
9.1125e-02 1.1879e-06
9.2707e-02 1.1713e-06
9.4316e-02 1.1548e-06
9.5953e-02 1.1393e-06
9.7619e-02 1.1246e-06
9.7769e-02 1.1233e-06
9.9313e-02 1.1060e-06
1.0104e-01 1.0882e-06
1.0279e-01 1.0714e-06
1.0458e-01 1.0554e-06
1.0639e-01 1.0402e-06
1.0824e-01 1.0259e-06
1.1012e-01 1.0124e-06
1.1181e-01 1.0012e-06
1.1203e-01 9.9929e-07
1.1397e-01 9.8249e-07
1.1595e-01 9.6663e-07
1.1796e-01 9.5223e-07
1.2001e-01 9.3876e-07
1.2209e-01 9.2600e-07
1.2421e-01 9.1375e-07
1.2637e-01 9.0204e-07
1.2830e-01 8.9227e-07
1.2856e-01 8.9049e-07
1.3079e-01 8.7592e-07
1.3306e-01 8.6277e-07
1.3537e-01 8.5035e-07
1.3772e-01 8.3860e-07
1.4011e-01 8.2665e-07
1.4255e-01 8.1524e-07
1.4502e-01 8.0449e-07
1.4738e-01 7.9522e-07
1.4754e-01 7.9437e-07
1.5010e-01 7.8152e-07
1.5270e-01 7.6936e-07
1.5536e-01 7.5795e-07
1.5805e-01 7.4743e-07
1.6080e-01 7.3747e-07
1.6359e-01 7.2800e-07
1.6643e-01 7.1879e-07
1.6932e-01 7.1008e-07
1.6978e-01 7.0874e-07
1.7225e-01 6.9902e-07
1.7524e-01 6.8804e-07
1.7829e-01 6.7767e-07
1.8138e-01 6.6785e-07
1.8453e-01 6.5860e-07
1.8773e-01 6.4985e-07
1.9099e-01 6.4155e-07
1.9431e-01 6.3368e-07
1.9520e-01 6.3166e-07
1.9768e-01 6.2421e-07
2.0111e-01 6.1449e-07
2.0460e-01 6.0531e-07
2.0815e-01 5.9692e-07
2.1177e-01 5.8913e-07
2.1544e-01 5.8173e-07
2.1918e-01 5.7453e-07
2.2299e-01 5.6735e-07
2.2544e-01 5.6296e-07
2.2686e-01 5.5959e-07
2.3079e-01 5.5055e-07
2.3480e-01 5.4281e-07
2.3888e-01 5.3546e-07
2.4302e-01 5.2849e-07
2.4724e-01 5.2156e-07
2.5153e-01 5.1485e-07
2.5590e-01 5.0846e-07
2.6034e-01 5.0251e-07
2.6097e-01 5.0173e-07
2.6486e-01 4.9524e-07
2.6946e-01 4.8809e-07
2.7413e-01 4.8127e-07
2.7889e-01 4.7448e-07
2.8373e-01 4.6804e-07
2.8866e-01 4.6193e-07
2.9367e-01 4.5610e-07
2.9877e-01 4.5056e-07
3.0205e-01 4.4716e-07
3.0395e-01 4.4454e-07
3.0923e-01 4.3782e-07
3.1460e-01 4.3183e-07
3.2006e-01 4.2612e-07
3.2561e-01 4.2068e-07
3.3126e-01 4.1526e-07
3.3701e-01 4.1010e-07
3.4286e-01 4.0518e-07
3.4882e-01 4.0047e-07
3.5137e-01 3.9853e-07
3.5487e-01 3.9500e-07
3.6103e-01 3.8906e-07
3.6730e-01 3.8364e-07
3.7367e-01 3.7875e-07
3.8016e-01 3.7408e-07
3.8676e-01 3.6963e-07
3.9347e-01 3.6533e-07
4.0030e-01 3.6122e-07
4.0725e-01 3.5731e-07
4.1115e-01 3.5519e-07
4.1432e-01 3.5290e-07
4.2151e-01 3.4788e-07
4.2883e-01 3.4310e-07
4.3627e-01 3.3850e-07
4.4384e-01 3.3408e-07
4.5155e-01 3.2986e-07
4.5939e-01 3.2587e-07
4.6736e-01 3.2214e-07
4.7547e-01 3.1859e-07
4.8032e-01 3.1656e-07
4.8373e-01 3.1467e-07
4.9212e-01 3.1032e-07
5.0067e-01 3.0617e-07
5.0936e-01 3.0221e-07
5.1820e-01 2.9859e-07
5.2719e-01 2.9518e-07
5.3634e-01 2.9191e-07
5.4565e-01 2.8875e-07
5.5512e-01 2.8569e-07
5.6476e-01 2.8277e-07
5.6693e-01 2.8213e-07
5.7456e-01 2.7915e-07
5.8454e-01 2.7553e-07
5.9468e-01 2.7208e-07
6.0501e-01 2.6880e-07
6.1551e-01 2.6547e-07
6.2619e-01 2.6220e-07
6.3706e-01 2.5908e-07
6.4812e-01 2.5617e-07
6.5937e-01 2.5360e-07
6.6935e-01 2.5144e-07
6.7081e-01 2.5103e-07
6.8246e-01 2.4793e-07
6.9430e-01 2.4481e-07
7.0636e-01 2.4178e-07
7.1862e-01 2.3883e-07
7.3109e-01 2.3621e-07
7.4378e-01 2.3379e-07
7.5669e-01 2.3151e-07
7.6983e-01 2.2933e-07
7.8319e-01 2.2719e-07
7.9678e-01 2.2508e-07
8.0326e-01 2.2410e-07
8.1062e-01 2.2268e-07
8.2469e-01 2.1987e-07
8.3900e-01 2.1715e-07
8.5356e-01 2.1450e-07
8.6838e-01 2.1226e-07
8.8345e-01 2.1027e-07
8.9879e-01 2.0838e-07
9.1439e-01 2.0651e-07
9.3026e-01 2.0458e-07
9.4641e-01 2.0267e-07
9.6284e-01 2.0079e-07
9.7351e-01 1.9972e-07
9.7955e-01 1.9897e-07
9.9655e-01 1.9722e-07
1.0139e+00 1.9549e-07
1.0315e+00 1.9371e-07
1.0494e+00 1.9194e-07
1.0676e+00 1.9024e-07
1.0861e+00 1.8860e-07
1.1050e+00 1.8705e-07
1.1241e+00 1.8564e-07
1.1436e+00 1.8428e-07
1.1635e+00 1.8304e-07
1.1837e+00 1.8177e-07
1.2042e+00 1.8076e-07
1.2251e+00 1.7978e-07
1.2464e+00 1.7881e-07
1.2642e+00 1.7800e-07
1.2680e+00 1.7779e-07
1.2901e+00 1.7672e-07
1.3124e+00 1.7580e-07
1.3352e+00 1.7505e-07
1.3584e+00 1.7491e-07
1.3820e+00 1.7465e-07
1.4060e+00 1.7440e-07
1.4304e+00 1.7415e-07
1.4552e+00 1.7433e-07
1.4805e+00 1.7470e-07
1.5062e+00 1.7560e-07
1.5323e+00 1.7723e-07
1.5428e+00 1.7800e-07
1.5589e+00 1.7936e-07
1.5860e+00 1.8249e-07
1.6135e+00 1.8701e-07
1.6415e+00 1.9302e-07
1.6645e+00 1.9972e-07
1.6700e+00 2.0329e-07
1.6901e+00 2.2410e-07
1.6878e+00 2.5144e-07
1.6700e+00 2.7300e-07
1.6633e+00 2.8213e-07
1.6415e+00 3.0716e-07
1.6353e+00 3.1656e-07
1.6135e+00 3.3825e-07
1.5960e+00 3.5519e-07
1.5860e+00 3.6550e-07
1.5589e+00 3.9833e-07
1.5587e+00 3.9853e-07
1.5323e+00 4.2651e-07
1.5147e+00 4.4716e-07
1.5062e+00 4.5854e-07
1.4805e+00 4.9512e-07
1.4757e+00 5.0173e-07
1.4552e+00 5.3020e-07
1.4324e+00 5.6296e-07
1.4304e+00 5.6643e-07
1.4060e+00 6.0433e-07
1.3856e+00 6.3166e-07
1.3820e+00 6.3754e-07
1.3584e+00 6.7853e-07
1.3419e+00 7.0874e-07
1.3352e+00 7.2282e-07
1.3124e+00 7.6732e-07
1.2976e+00 7.9522e-07
1.2901e+00 8.1412e-07
1.2680e+00 8.6776e-07
1.2567e+00 8.9227e-07
1.2464e+00 9.1974e-07
1.2251e+00 9.7556e-07
1.2154e+00 1.0012e-06
1.2042e+00 1.0383e-06
1.1837e+00 1.0965e-06
1.1731e+00 1.1233e-06
1.1635e+00 1.1579e-06
1.1436e+00 1.2283e-06
1.1329e+00 1.2604e-06
1.1241e+00 1.2939e-06
1.1050e+00 1.3639e-06
1.0900e+00 1.4142e-06
1.0861e+00 1.4332e-06
1.0676e+00 1.5205e-06
1.0494e+00 1.5849e-06
1.0489e+00 1.5868e-06
1.0315e+00 1.6864e-06
1.0139e+00 1.7689e-06
1.0110e+00 1.7804e-06
9.9655e-01 1.8615e-06
9.7955e-01 1.9455e-06
9.6820e-01 1.9977e-06
9.6284e-01 2.0371e-06
9.4641e-01 2.1494e-06
9.3026e-01 2.2277e-06
9.2750e-01 2.2415e-06
9.1439e-01 2.3561e-06
8.9879e-01 2.4659e-06
8.9016e-01 2.5150e-06
8.8345e-01 2.5777e-06
8.6838e-01 2.7094e-06
8.5356e-01 2.8127e-06
8.5230e-01 2.8219e-06
8.3900e-01 2.9766e-06
8.2469e-01 3.0892e-06
8.1340e-01 3.1663e-06
8.1062e-01 3.2045e-06
7.9678e-01 3.3957e-06
7.8319e-01 3.5225e-06
7.7959e-01 3.5527e-06
7.6983e-01 3.7132e-06
7.5669e-01 3.8809e-06
7.4568e-01 3.9862e-06
7.4378e-01 4.0202e-06
7.3109e-01 4.2245e-06
7.1862e-01 4.3812e-06
7.1069e-01 4.4727e-06
7.0636e-01 4.5740e-06
6.9430e-01 4.8209e-06
6.8246e-01 4.9719e-06
6.7840e-01 5.0185e-06
6.7081e-01 5.2176e-06
6.5937e-01 5.4570e-06
6.4812e-01 5.6104e-06
6.4654e-01 5.6309e-06
6.3706e-01 5.9125e-06
6.2619e-01 6.1594e-06
6.1706e-01 6.3180e-06
6.1551e-01 6.3752e-06
6.0501e-01 6.7135e-06
5.9468e-01 6.9515e-06
5.8746e-01 7.0890e-06
5.8454e-01 7.2210e-06
5.7456e-01 7.6221e-06
5.6476e-01 7.8428e-06
5.5884e-01 7.9541e-06
5.5512e-01 8.1442e-06
5.4565e-01 8.5691e-06
5.3634e-01 8.8393e-06
5.3280e-01 8.9247e-06
5.2719e-01 9.2699e-06
5.1820e-01 9.7138e-06
5.0936e-01 9.9993e-06
5.0881e-01 1.0014e-05
5.0067e-01 1.0544e-05
4.9212e-01 1.0933e-05
4.8373e-01 1.1205e-05
4.8287e-01 1.1236e-05
4.7547e-01 1.1896e-05
4.6736e-01 1.2322e-05
4.5939e-01 1.2592e-05
4.5900e-01 1.2607e-05
4.5155e-01 1.3396e-05
4.4384e-01 1.3883e-05
4.3709e-01 1.4145e-05
4.3627e-01 1.4242e-05
4.2883e-01 1.5102e-05
4.2151e-01 1.5634e-05
4.1662e-01 1.5872e-05
4.1432e-01 1.6185e-05
4.0725e-01 1.7028e-05
4.0030e-01 1.7554e-05
3.9618e-01 1.7808e-05
3.9347e-01 1.8292e-05
3.8676e-01 1.9230e-05
3.8016e-01 1.9729e-05
3.7600e-01 1.9982e-05
3.7367e-01 2.0462e-05
3.6730e-01 2.1570e-05
3.6103e-01 2.2171e-05
3.5720e-01 2.2420e-05
3.5487e-01 2.2977e-05
3.4882e-01 2.4227e-05
3.4286e-01 2.4922e-05
3.4015e-01 2.5156e-05
3.3701e-01 2.6039e-05
3.3126e-01 2.7306e-05
3.2561e-01 2.8052e-05
3.2400e-01 2.8226e-05
3.2006e-01 2.9560e-05
3.1460e-01 3.0687e-05
3.0923e-01 3.1391e-05
3.0683e-01 3.1670e-05
3.0395e-01 3.2867e-05
2.9877e-01 3.4474e-05
2.9367e-01 3.5250e-05
2.9134e-01 3.5535e-05
2.8866e-01 3.6850e-05
2.8373e-01 3.8636e-05
2.7889e-01 3.9557e-05
2.7656e-01 3.9871e-05
2.7413e-01 4.1215e-05
2.6946e-01 4.3312e-05
2.6486e-01 4.4469e-05
2.6342e-01 4.4737e-05
2.6034e-01 4.6769e-05
2.5590e-01 4.8732e-05
2.5153e-01 4.9832e-05
2.4990e-01 5.0196e-05
2.4724e-01 5.2424e-05
2.4302e-01 5.4678e-05
2.3888e-01 5.5865e-05
2.3693e-01 5.6322e-05
2.3480e-01 5.8458e-05
2.3079e-01 6.1384e-05
2.2686e-01 6.2755e-05
2.2506e-01 6.3195e-05
2.2299e-01 6.5608e-05
2.1918e-01 6.8932e-05
2.1544e-01 7.0490e-05
2.1410e-01 7.0906e-05
2.1177e-01 7.4037e-05
2.0815e-01 7.7391e-05
2.0460e-01 7.9135e-05
2.0350e-01 7.9559e-05
2.0111e-01 8.3353e-05
1.9768e-01 8.6741e-05
1.9431e-01 8.8593e-05
1.9285e-01 8.9268e-05
1.9099e-01 9.3058e-05
1.8773e-01 9.7562e-05
1.8453e-01 9.9470e-05
1.8304e-01 1.0016e-04
1.8138e-01 1.0407e-04
1.7829e-01 1.0927e-04
1.7524e-01 1.1162e-04
1.7366e-01 1.1238e-04
1.7225e-01 1.1615e-04
1.6932e-01 1.2210e-04
1.6643e-01 1.2503e-04
1.6463e-01 1.2610e-04
1.6359e-01 1.2926e-04
1.6080e-01 1.3653e-04
1.5805e-01 1.4008e-04
1.5651e-01 1.4149e-04
1.5536e-01 1.4630e-04
1.5270e-01 1.5352e-04
1.5010e-01 1.5707e-04
1.4815e-01 1.5875e-04
1.4754e-01 1.6167e-04
1.4502e-01 1.7211e-04
1.4255e-01 1.7625e-04
1.4039e-01 1.7813e-04
1.4011e-01 1.7967e-04
1.3772e-01 1.9240e-04
1.3537e-01 1.9766e-04
1.3324e-01 1.9986e-04
1.3306e-01 2.0102e-04
1.3079e-01 2.1522e-04
1.2856e-01 2.2156e-04
1.2657e-01 2.2425e-04
1.2637e-01 2.2581e-04
1.2421e-01 2.4112e-04
1.2209e-01 2.4803e-04
1.2001e-01 2.5148e-04
1.1993e-01 2.5162e-04
1.1796e-01 2.6989e-04
1.1595e-01 2.7764e-04
1.1397e-01 2.8161e-04
1.1362e-01 2.8232e-04
1.1203e-01 3.0070e-04
1.1012e-01 3.1171e-04
1.0824e-01 3.1577e-04
1.0771e-01 3.1677e-04
1.0639e-01 3.3415e-04
1.0458e-01 3.4824e-04
1.0279e-01 3.5385e-04
1.0197e-01 3.5543e-04
1.0104e-01 3.6940e-04
9.9313e-02 3.8772e-04
9.7619e-02 3.9592e-04
9.6458e-02 3.9880e-04
9.5953e-02 4.0760e-04
9.4316e-02 4.3159e-04
9.2707e-02 4.4233e-04
9.1134e-02 4.4747e-04
9.1125e-02 4.4767e-04
8.9570e-02 4.8027e-04
8.8042e-02 4.9379e-04
8.6540e-02 5.0042e-04
8.6121e-02 5.0208e-04
8.5063e-02 5.3091e-04
8.3612e-02 5.5215e-04
8.2185e-02 5.6020e-04
8.1363e-02 5.6335e-04
8.0783e-02 5.8177e-04
7.9405e-02 6.1456e-04
7.8050e-02 6.2723e-04
7.6815e-02 6.3209e-04
7.6718e-02 6.3561e-04
7.5409e-02 6.8225e-04
7.4123e-02 7.0100e-04
7.2858e-02 7.0845e-04
7.2706e-02 7.0923e-04
7.1615e-02 7.5626e-04
7.0393e-02 7.8229e-04
6.9192e-02 7.9379e-04
6.8903e-02 7.9577e-04
6.8012e-02 8.4031e-04
6.6851e-02 8.7356e-04
6.5711e-02 8.8826e-04
6.5208e-02 8.9288e-04
6.4589e-02 9.3302e-04
6.3487e-02 9.7668e-04
6.2404e-02 9.9406e-04
6.1519e-02 1.0018e-03
6.1339e-02 1.0155e-03
6.0293e-02 1.0868e-03
5.9264e-02 1.1126e-03
5.8253e-02 1.1228e-03
5.8136e-02 1.1241e-03
5.7259e-02 1.2038e-03
5.6282e-02 1.2436e-03
5.5322e-02 1.2589e-03
5.5114e-02 1.2613e-03
5.4378e-02 1.3350e-03
5.3450e-02 1.3871e-03
5.2538e-02 1.4092e-03
5.2136e-02 1.4152e-03
5.1642e-02 1.4734e-03
5.0761e-02 1.5451e-03
4.9895e-02 1.5761e-03
4.9339e-02 1.5879e-03
4.9043e-02 1.6340e-03
4.8207e-02 1.7245e-03
4.7384e-02 1.7630e-03
4.6576e-02 1.7809e-03
4.6546e-02 1.7817e-03
4.5781e-02 1.9209e-03
4.5000e-02 1.9725e-03
4.4232e-02 1.9944e-03
4.4050e-02 1.9991e-03
4.3477e-02 2.1210e-03
4.2736e-02 2.2040e-03
4.2006e-02 2.2350e-03
4.1696e-02 2.2430e-03
4.1290e-02 2.3421e-03
4.0585e-02 2.4562e-03
3.9893e-02 2.5009e-03
3.9358e-02 2.5167e-03
3.9212e-02 2.5578e-03
3.8543e-02 2.7254e-03
3.7885e-02 2.7937e-03
3.7239e-02 2.8231e-03
3.7218e-02 2.8239e-03
3.6604e-02 3.0267e-03
3.5979e-02 3.1190e-03
3.5365e-02 3.1597e-03
3.5215e-02 3.1685e-03
3.4762e-02 3.3688e-03
3.4169e-02 3.4895e-03
3.3586e-02 3.5392e-03
3.3317e-02 3.5551e-03
3.3013e-02 3.7137e-03
3.2449e-02 3.9016e-03
3.1896e-02 3.9648e-03
3.1469e-02 3.9890e-03
3.1352e-02 4.0593e-03
3.0817e-02 4.3407e-03
3.0291e-02 4.4399e-03
2.9774e-02 4.4751e-03
2.9765e-02 4.4757e-03
2.9266e-02 4.8257e-03
2.8767e-02 4.9620e-03
2.8276e-02 5.0144e-03
2.8190e-02 5.0219e-03
2.7794e-02 5.3462e-03
2.7319e-02 5.5433e-03
2.6853e-02 5.6213e-03
2.6762e-02 5.6348e-03
2.6395e-02 6.0254e-03
2.5945e-02 6.2060e-03
2.5502e-02 6.2895e-03
2.5235e-02 6.3224e-03
2.5067e-02 6.5246e-03
2.4639e-02 6.9227e-03
2.4219e-02 7.0455e-03
2.3869e-02 7.0939e-03
2.3806e-02 7.1875e-03
2.3399e-02 7.7127e-03
2.3000e-02 7.8756e-03
2.2608e-02 7.9392e-03
2.2429e-02 7.9596e-03
2.2222e-02 8.2821e-03
2.1843e-02 8.7340e-03
2.1470e-02 8.8859e-03
2.1225e-02 8.9309e-03
2.1104e-02 9.1788e-03
2.0744e-02 9.7426e-03
2.0390e-02 9.9467e-03
2.0074e-02 1.0021e-02
2.0042e-02 1.0096e-02
1.9700e-02 1.0824e-02
1.9364e-02 1.1100e-02
1.9034e-02 1.1222e-02
1.8968e-02 1.1244e-02
1.8709e-02 1.1983e-02
1.8390e-02 1.2409e-02
1.8076e-02 1.2570e-02
1.7962e-02 1.2616e-02
1.7767e-02 1.3318e-02
1.7464e-02 1.3904e-02
1.7166e-02 1.4060e-02
1.6873e-02 1.4144e-02
1.6844e-02 1.4155e-02
1.6585e-02 1.5233e-02
1.6303e-02 1.5709e-02
1.6024e-02 1.5857e-02
1.5962e-02 1.5883e-02
1.5751e-02 1.6925e-02
1.5482e-02 1.7507e-02
1.5218e-02 1.7739e-02
1.5057e-02 1.7821e-02
1.4958e-02 1.8318e-02
1.4703e-02 1.9294e-02
1.4452e-02 1.9756e-02
1.4206e-02 1.9952e-02
1.4120e-02 1.9995e-02
1.3963e-02 2.0944e-02
1.3725e-02 2.1902e-02
1.3491e-02 2.2284e-02
1.3261e-02 2.2428e-02
1.3250e-02 2.2435e-02
1.3035e-02 2.4182e-02
1.2812e-02 2.4836e-02
1.2594e-02 2.5104e-02
1.2476e-02 2.5173e-02
1.2379e-02 2.5926e-02
1.2167e-02 2.6698e-02
1.1960e-02 2.7262e-02
1.1756e-02 2.7804e-02
1.1555e-02 2.8116e-02
1.1403e-02 2.8245e-02
1.1358e-02 2.8763e-02
1.1164e-02 3.0483e-02
1.0974e-02 3.1184e-02
1.0787e-02 3.1518e-02
1.0629e-02 3.1692e-02
1.0603e-02 3.2068e-02
1.0422e-02 3.3790e-02
1.0244e-02 3.4610e-02
1.0069e-02 3.5090e-02
9.8972e-03 3.5380e-02
9.7284e-03 3.5550e-02
9.7175e-03 3.5559e-02
9.5624e-03 3.7489e-02
9.3992e-03 3.8615e-02
9.2389e-03 3.9293e-02
9.0812e-03 3.9660e-02
8.9263e-03 3.9807e-02
8.7740e-03 3.9888e-02
8.7527e-03 3.9899e-02
8.6243e-03 4.1910e-02
8.4771e-03 4.3433e-02
8.3325e-03 4.4195e-02
8.1903e-03 4.4545e-02
8.0506e-03 4.4702e-02
7.9465e-03 4.4768e-02
7.9132e-03 4.5452e-02
7.7782e-03 4.7622e-02
7.6455e-03 4.8914e-02
7.5151e-03 4.9653e-02
7.3868e-03 4.9961e-02
7.2608e-03 5.0137e-02
7.1514e-03 5.0231e-02
7.1369e-03 5.0602e-02
7.0151e-03 5.3717e-02
6.8955e-03 5.5135e-02
6.7778e-03 5.5699e-02
6.6622e-03 5.6050e-02
6.5485e-03 5.6258e-02
6.4773e-03 5.6361e-02
6.4368e-03 5.7860e-02
6.3269e-03 6.0511e-02
6.2190e-03 6.1729e-02
6.1129e-03 6.2439e-02
6.0086e-03 6.2869e-02
5.9061e-03 6.3120e-02
5.8053e-03 6.3236e-02
5.8040e-03 6.3238e-02
5.7062e-03 6.6973e-02
5.6089e-03 6.9035e-02
5.5132e-03 7.0106e-02
5.4191e-03 7.0591e-02
5.3267e-03 7.0828e-02
5.2358e-03 7.0940e-02
5.2236e-03 7.0955e-02
5.1465e-03 7.4675e-02
5.0586e-03 7.7265e-02
4.9723e-03 7.8565e-02
4.8875e-03 7.9157e-02
4.8041e-03 7.9411e-02
4.7221e-03 7.9571e-02
4.7009e-03 7.9614e-02
4.6416e-03 8.3660e-02
4.5624e-03 8.7022e-02
4.4845e-03 8.8197e-02
4.4080e-03 8.8772e-02
4.3328e-03 8.9095e-02
4.2589e-03 8.9291e-02
4.2442e-03 8.9330e-02
4.1862e-03 9.4175e-02
4.1148e-03 9.7080e-02
4.0446e-03 9.8669e-02
3.9756e-03 9.9512e-02
3.9077e-03 9.9964e-02
3.8411e-03 1.0018e-01
3.8199e-03 1.0023e-01
