1.0386e-03 1.0023e-01
1.0386e-03 8.9330e-02
1.0386e-03 7.9614e-02
1.0386e-03 7.0955e-02
1.0386e-03 6.3238e-02
1.0386e-03 5.6361e-02
1.0387e-03 5.0231e-02
1.0387e-03 4.4768e-02
1.0388e-03 3.9899e-02
1.0566e-03 3.5606e-02
1.0567e-03 3.5559e-02
1.0750e-03 3.1714e-02
1.0751e-03 3.1692e-02
1.0752e-03 2.8245e-02
1.0757e-03 2.5173e-02
1.0750e-03 2.5155e-02
1.0748e-03 2.5173e-02
1.0566e-03 2.8214e-02
1.0388e-03 2.5173e-02
1.0389e-03 2.2435e-02
1.0390e-03 1.9995e-02
1.0406e-03 1.7821e-02
1.0424e-03 1.5883e-02
1.0470e-03 1.4155e-02
1.0556e-03 1.2616e-02
1.0533e-03 1.1244e-02
1.0566e-03 1.0793e-02
1.0615e-03 1.0021e-02
1.0750e-03 9.0545e-03
1.0763e-03 8.9309e-03
1.0807e-03 7.9596e-03
1.0750e-03 7.4576e-03
1.0645e-03 7.0939e-03
1.0703e-03 6.3224e-03
1.0750e-03 6.1115e-03
1.0815e-03 5.6348e-03
1.0936e-03 5.1105e-03
1.0960e-03 5.0219e-03
1.1125e-03 4.4757e-03
1.1126e-03 4.4710e-03
1.1252e-03 3.9890e-03
1.1319e-03 3.7624e-03
1.1320e-03 3.5551e-03
1.1319e-03 3.5523e-03
1.1126e-03 3.5399e-03
1.0948e-03 3.1685e-03
1.0964e-03 2.8239e-03
1.1126e-03 2.5607e-03
1.1319e-03 2.5458e-03
1.1352e-03 2.5167e-03
1.1374e-03 2.2430e-03
1.1371e-03 1.9991e-03
1.1378e-03 1.7817e-03
1.1439e-03 1.5879e-03
1.1516e-03 1.4681e-03
1.1608e-03 1.4152e-03
1.1715e-03 1.3376e-03
1.1819e-03 1.2613e-03
1.1919e-03 1.1698e-03
1.1985e-03 1.1241e-03
1.2126e-03 1.0588e-03
1.2336e-03 1.0113e-03
1.2392e-03 1.0018e-03
1.2550e-03 9.6382e-04
1.2768e-03 9.1239e-04
1.2838e-03 8.9288e-04
1.2990e-03 8.1523e-04
1.3020e-03 7.9577e-04
1.3199e-03 7.0923e-04
1.3215e-03 7.0484e-04
1.3445e-03 6.7468e-04
1.3678e-03 6.4789e-04
1.3806e-03 6.3209e-04
1.3915e-03 6.1473e-04
1.4157e-03 5.7962e-04
1.4292e-03 5.6335e-04
1.4403e-03 5.4754e-04
1.4653e-03 5.3073e-04
1.4907e-03 5.1881e-04
1.5166e-03 5.0951e-04
1.5264e-03 5.0208e-04
1.5429e-03 4.8307e-04
1.5697e-03 4.6173e-04
1.5969e-03 4.4880e-04
1.6000e-03 4.4747e-04
1.6247e-03 4.3261e-04
1.6529e-03 4.1882e-04
1.6815e-03 4.0472e-04
1.6934e-03 3.9880e-04
1.7107e-03 3.8759e-04
1.7404e-03 3.7134e-04
1.7668e-03 3.5543e-04
1.7706e-03 3.5321e-04
1.8014e-03 3.3610e-04
1.8326e-03 3.2450e-04
1.8645e-03 3.1707e-04
1.8658e-03 3.1677e-04
1.8968e-03 3.0785e-04
1.9297e-03 3.0066e-04
1.9632e-03 2.9450e-04
1.9973e-03 2.8844e-04
2.0176e-03 2.8232e-04
2.0320e-03 2.7711e-04
2.0673e-03 2.6552e-04
2.1031e-03 2.5709e-04
2.1372e-03 2.5162e-04
2.1396e-03 2.5113e-04
2.1768e-03 2.4390e-04
2.2146e-03 2.3711e-04
2.2530e-03 2.3075e-04
2.2921e-03 2.2511e-04
2.2976e-03 2.2425e-04
2.3319e-03 2.1776e-04
2.3724e-03 2.1090e-04
2.4136e-03 2.0535e-04
2.4555e-03 2.0104e-04
2.4668e-03 1.9986e-04
2.4981e-03 1.9582e-04
2.5414e-03 1.9068e-04
2.5856e-03 1.8561e-04
2.6304e-03 1.8109e-04
2.6614e-03 1.7813e-04
2.6761e-03 1.7621e-04
2.7226e-03 1.7045e-04
2.7698e-03 1.6541e-04
2.8179e-03 1.6133e-04
2.8519e-03 1.5875e-04
2.8668e-03 1.5734e-04
2.9166e-03 1.5263e-04
2.9672e-03 1.4833e-04
3.0187e-03 1.4451e-04
3.0682e-03 1.4149e-04
3.0711e-03 1.4128e-04
3.1244e-03 1.3731e-04
3.1786e-03 1.3383e-04
3.2338e-03 1.3089e-04
3.2899e-03 1.2822e-04
3.3338e-03 1.2610e-04
3.3470e-03 1.2525e-04
3.4051e-03 1.2153e-04
3.4643e-03 1.1816e-04
3.5244e-03 1.1511e-04
3.5856e-03 1.1244e-04
3.5871e-03 1.1238e-04
3.6478e-03 1.0917e-04
3.7111e-03 1.0662e-04
3.7755e-03 1.0427e-04
3.8411e-03 1.0179e-04
3.8840e-03 1.0016e-04
3.9077e-03 9.9010e-05
3.9756e-03 9.5951e-05
4.0446e-03 9.3269e-05
4.1148e-03 9.0923e-05
4.1711e-03 8.9268e-05
4.1862e-03 8.8722e-05
4.2589e-03 8.6400e-05
4.3328e-03 8.4239e-05
4.4080e-03 8.2073e-05
4.4845e-03 8.0054e-05
4.5041e-03 7.9559e-05
4.5624e-03 7.7779e-05
4.6416e-03 7.5758e-05
4.7221e-03 7.3932e-05
4.8041e-03 7.2280e-05
4.8754e-03 7.0906e-05
4.8875e-03 7.0604e-05
4.9723e-03 6.8596e-05
5.0586e-03 6.6760e-05
5.1465e-03 6.5088e-05
5.2358e-03 6.3610e-05
5.2605e-03 6.3195e-05
5.3267e-03 6.1749e-05
5.4191e-03 5.9953e-05
5.5132e-03 5.8387e-05
5.6089e-03 5.7098e-05
5.6724e-03 5.6322e-05
5.7062e-03 5.5803e-05
5.8053e-03 5.4322e-05
5.9061e-03 5.2923e-05
6.0086e-03 5.1632e-05
6.1129e-03 5.0453e-05
6.1369e-03 5.0196e-05
6.2190e-03 4.9101e-05
6.3269e-03 4.7788e-05
6.4368e-03 4.6732e-05
6.5485e-03 4.5768e-05
6.6622e-03 4.4795e-05
6.6684e-03 4.4737e-05
6.7778e-03 4.3429e-05
6.8955e-03 4.2189e-05
7.0151e-03 4.1163e-05
7.1369e-03 4.0254e-05
7.1918e-03 3.9871e-05
7.2608e-03 3.9256e-05
7.3868e-03 3.8316e-05
7.5151e-03 3.7459e-05
7.6455e-03 3.6600e-05
7.7782e-03 3.5754e-05
7.8143e-03 3.5535e-05
7.9132e-03 3.4775e-05
8.0506e-03 3.3847e-05
8.1903e-03 3.3021e-05
8.3325e-03 3.2258e-05
8.4576e-03 3.1670e-05
8.4771e-03 3.1555e-05
8.6243e-03 3.0710e-05
8.7740e-03 2.9933e-05
8.9263e-03 2.9225e-05
9.0812e-03 2.8575e-05
9.1677e-03 2.8226e-05
9.2389e-03 2.7864e-05
9.3992e-03 2.7078e-05
9.5624e-03 2.6366e-05
9.7284e-03 2.5745e-05
9.8972e-03 2.5180e-05
9.9045e-03 2.5156e-05
1.0069e-02 2.4461e-05
1.0244e-02 2.3802e-05
1.0422e-02 2.3203e-05
1.0603e-02 2.2659e-05
1.0688e-02 2.2420e-05
1.0787e-02 2.2068e-05
1.0974e-02 2.1438e-05
1.1164e-02 2.0869e-05
1.1358e-02 2.0368e-05
1.1522e-02 1.9982e-05
1.1555e-02 1.9882e-05
1.1756e-02 1.9297e-05
1.1960e-02 1.8767e-05
1.2167e-02 1.8278e-05
1.2379e-02 1.7834e-05
1.2392e-02 1.7808e-05
1.2594e-02 1.7286e-05
1.2812e-02 1.6783e-05
1.3035e-02 1.6328e-05
1.3261e-02 1.5920e-05
1.3289e-02 1.5872e-05
1.3491e-02 1.5435e-05
1.3725e-02 1.4981e-05
1.3963e-02 1.4574e-05
1.4206e-02 1.4197e-05
1.4239e-02 1.4145e-05
1.4452e-02 1.3730e-05
1.4703e-02 1.3295e-05
1.4958e-02 1.2912e-05
1.5200e-02 1.2607e-05
1.5218e-02 1.2578e-05
1.5482e-02 1.2166e-05
1.5751e-02 1.1798e-05
1.6024e-02 1.1466e-05
1.6235e-02 1.1236e-05
1.6303e-02 1.1143e-05
1.6585e-02 1.0770e-05
1.6873e-02 1.0429e-05
1.7166e-02 1.0121e-05
1.7273e-02 1.0014e-05
1.7464e-02 9.7778e-06
1.7767e-02 9.4404e-06
1.8076e-02 9.1544e-06
1.8356e-02 8.9247e-06
1.8390e-02 8.8902e-06
1.8709e-02 8.5706e-06
1.9034e-02 8.2934e-06
1.9364e-02 8.0498e-06
1.9503e-02 7.9541e-06
1.9700e-02 7.7854e-06
2.0042e-02 7.5164e-06
2.0390e-02 7.2805e-06
2.0713e-02 7.0890e-06
2.0744e-02 7.0666e-06
2.1104e-02 6.8096e-06
2.1470e-02 6.5851e-06
2.1843e-02 6.3878e-06
2.1984e-02 6.3180e-06
2.2222e-02 6.1723e-06
2.2608e-02 5.9444e-06
2.3000e-02 5.7463e-06
2.3255e-02 5.6309e-06
2.3399e-02 5.5511e-06
2.3806e-02 5.3465e-06
2.4219e-02 5.1711e-06
2.4634e-02 5.0185e-06
2.4639e-02 5.0162e-06
2.5067e-02 4.8307e-06
2.5502e-02 4.6724e-06
2.5945e-02 4.5329e-06
2.6150e-02 4.4727e-06
2.6395e-02 4.3843e-06
2.6853e-02 4.2192e-06
2.7319e-02 4.0757e-06
2.7646e-02 3.9862e-06
2.7794e-02 3.9367e-06
2.8276e-02 3.7948e-06
2.8767e-02 3.6750e-06
2.9266e-02 3.5705e-06
2.9354e-02 3.5527e-06
2.9774e-02 3.4468e-06
3.0291e-02 3.3307e-06
3.0817e-02 3.2296e-06
3.1185e-02 3.1663e-06
3.1352e-02 3.1304e-06
3.1896e-02 3.0113e-06
3.2449e-02 2.9082e-06
3.2994e-02 2.8219e-06
3.3013e-02 2.8182e-06
3.3586e-02 2.7174e-06
3.4169e-02 2.6315e-06
3.4762e-02 2.5562e-06
3.5121e-02 2.5150e-06
3.5365e-02 2.4801e-06
3.5979e-02 2.3986e-06
3.6604e-02 2.3272e-06
3.7239e-02 2.2638e-06
3.7455e-02 2.2415e-06
3.7885e-02 2.1865e-06
3.8543e-02 2.1117e-06
3.9212e-02 2.0475e-06
3.9871e-02 1.9977e-06
3.9893e-02 1.9955e-06
4.0585e-02 1.9324e-06
4.1290e-02 1.8770e-06
4.2006e-02 1.8252e-06
4.2682e-02 1.7804e-06
4.2736e-02 1.7759e-06
4.3477e-02 1.7172e-06
4.4232e-02 1.6677e-06
4.5000e-02 1.6308e-06
4.5781e-02 1.5987e-06
4.6100e-02 1.5868e-06
4.6576e-02 1.5636e-06
4.7384e-02 1.5233e-06
4.8207e-02 1.4875e-06
4.9043e-02 1.4565e-06
4.9895e-02 1.4323e-06
5.0724e-02 1.4142e-06
5.0761e-02 1.4131e-06
5.1642e-02 1.3912e-06
5.2538e-02 1.3736e-06
5.3450e-02 1.3591e-06
5.4378e-02 1.3498e-06
5.5322e-02 1.3461e-06
5.6282e-02 1.3486e-06
5.7259e-02 1.3602e-06
5.8253e-02 1.3844e-06
5.8945e-02 1.4142e-06
5.9264e-02 1.4251e-06
6.0293e-02 1.4827e-06
6.1310e-02 1.5868e-06
6.1339e-02 1.5895e-06
6.2404e-02 1.7535e-06
6.2520e-02 1.7804e-06
6.3306e-02 1.9977e-06
6.3487e-02 2.0630e-06
6.3885e-02 2.2415e-06
6.4282e-02 2.5150e-06
6.4532e-02 2.8219e-06
6.4589e-02 2.9118e-06
6.4918e-02 3.1663e-06
6.5238e-02 3.5527e-06
6.5442e-02 3.9862e-06
6.5571e-02 4.4727e-06
6.5652e-02 5.0185e-06
6.5703e-02 5.6309e-06
6.5711e-02 5.7513e-06
6.5713e-02 5.6309e-06
6.5728e-02 5.0185e-06
6.5751e-02 4.4727e-06
6.5789e-02 3.9862e-06
6.5848e-02 3.5527e-06
6.5941e-02 3.1663e-06
6.6089e-02 2.8219e-06
6.6324e-02 2.5150e-06
6.6694e-02 2.2415e-06
6.6851e-02 2.1522e-06
6.6983e-02 1.9977e-06
6.7268e-02 1.7804e-06
6.7718e-02 1.5868e-06
6.8012e-02 1.4964e-06
6.8208e-02 1.4142e-06
6.8735e-02 1.2604e-06
6.9192e-02 1.1700e-06
6.9393e-02 1.1233e-06
7.0108e-02 1.0012e-06
7.0393e-02 9.6330e-07
7.0886e-02 8.9227e-07
7.1615e-02 8.1611e-07
7.1809e-02 7.9522e-07
7.2825e-02 7.0874e-07
7.2858e-02 7.0627e-07
7.3854e-02 6.3166e-07
7.4123e-02 6.1513e-07
7.4994e-02 5.6296e-07
7.5409e-02 5.4171e-07
7.6228e-02 5.0173e-07
7.6718e-02 4.8072e-07
7.7549e-02 4.4716e-07
7.8050e-02 4.2903e-07
7.8947e-02 3.9853e-07
7.9405e-02 3.8443e-07
8.0420e-02 3.5519e-07
8.0783e-02 3.4558e-07
8.1965e-02 3.1656e-07
8.2185e-02 3.1155e-07
8.3612e-02 2.8230e-07
8.3621e-02 2.8213e-07
8.5063e-02 2.5527e-07
8.5289e-02 2.5144e-07
8.6540e-02 2.3118e-07
8.7005e-02 2.2410e-07
8.8042e-02 2.0911e-07
8.8712e-02 1.9972e-07
8.9570e-02 1.8850e-07
9.0425e-02 1.7800e-07
9.1125e-02 1.6997e-07
9.2176e-02 1.5864e-07
9.2707e-02 1.5329e-07
9.3996e-02 1.4139e-07
9.4316e-02 1.3862e-07
9.5853e-02 1.2601e-07
9.5953e-02 1.2524e-07
9.7619e-02 1.1281e-07
9.7688e-02 1.1231e-07
9.9313e-02 1.0138e-07
9.9512e-02 1.0009e-07
1.0104e-01 9.0980e-08
1.0134e-01 8.9206e-08
1.0279e-01 8.1459e-08
1.0316e-01 7.9504e-08
1.0458e-01 7.2732e-08
1.0497e-01 7.0857e-08
1.0639e-01 6.4734e-08
1.0675e-01 6.3151e-08
1.0824e-01 5.7389e-08
1.0851e-01 5.6283e-08
1.1012e-01 5.0644e-08
1.1024e-01 5.0161e-08
1.1191e-01 4.4706e-08
1.1203e-01 4.4363e-08
1.1342e-01 3.9844e-08
1.1397e-01 3.8408e-08
1.1490e-01 3.5510e-08
1.1595e-01 3.3000e-08
1.1639e-01 3.1648e-08
1.1790e-01 2.8206e-08
1.1796e-01 2.8082e-08
1.1903e-01 2.5139e-08
1.2001e-01 2.3314e-08
1.2033e-01 2.2404e-08
1.2149e-01 1.9968e-08
1.2209e-01 1.9030e-08
1.2255e-01 1.7796e-08
1.2363e-01 1.5861e-08
1.2421e-01 1.5095e-08
1.2456e-01 1.4136e-08
1.2540e-01 1.2598e-08
1.2637e-01 1.1493e-08
1.2645e-01 1.1228e-08
1.2694e-01 1.0007e-08
1.2770e-01 8.9186e-09
1.2856e-01 8.1473e-09
1.2861e-01 7.9486e-09
1.2886e-01 7.0841e-09
1.2926e-01 6.3136e-09
1.2991e-01 5.6270e-09
1.3079e-01 5.0651e-09
1.3079e-01 5.0150e-09
1.3085e-01 4.4696e-09
1.3093e-01 3.9835e-09
1.3106e-01 3.5502e-09
1.3126e-01 3.1641e-09
1.3159e-01 2.8200e-09
1.3211e-01 2.5133e-09
1.3292e-01 2.2399e-09
1.3306e-01 2.2008e-09
1.3306e-01 1.9963e-09
1.3306e-01 1.7792e-09
1.3307e-01 1.5857e-09
1.3308e-01 1.4132e-09
1.3309e-01 1.2595e-09
1.3311e-01 1.1225e-09
1.3314e-01 1.0005e-09
1.3318e-01 8.9165e-10
1.3326e-01 7.9468e-10
1.3338e-01 7.0825e-10
1.3356e-01 6.3122e-10
1.3386e-01 5.6257e-10
1.3433e-01 5.0138e-10
1.3507e-01 4.4685e-10
1.3537e-01 4.2969e-10
1.3568e-01 4.4685e-10
1.3643e-01 5.0138e-10
1.3691e-01 5.6257e-10
1.3721e-01 6.3122e-10
1.3740e-01 7.0825e-10
1.3752e-01 7.9468e-10
1.3759e-01 8.9165e-10
1.3764e-01 1.0005e-09
1.3767e-01 1.1225e-09
1.3769e-01 1.2595e-09
1.3770e-01 1.4132e-09
1.3771e-01 1.5857e-09
1.3771e-01 1.7792e-09
1.3772e-01 1.9963e-09
1.3772e-01 2.2399e-09
1.3772e-01 2.5133e-09
1.3772e-01 2.8200e-09
1.3772e-01 2.8504e-09
1.3861e-01 3.1641e-09
1.3926e-01 3.5502e-09
1.3967e-01 3.9835e-09
1.3993e-01 4.4696e-09
1.4009e-01 5.0150e-09
1.4011e-01 5.0843e-09
1.4118e-01 5.6270e-09
1.4200e-01 6.3136e-09
1.4251e-01 7.0841e-09
1.4255e-01 7.1556e-09
1.4391e-01 7.9486e-09
1.4490e-01 8.9186e-09
1.4502e-01 9.0601e-09
1.4661e-01 1.0007e-08
1.4754e-01 1.0796e-08
1.4832e-01 1.1228e-08
1.5010e-01 1.2428e-08
1.5043e-01 1.2598e-08
1.5270e-01 1.3899e-08
1.5319e-01 1.4136e-08
1.5536e-01 1.5218e-08
1.5675e-01 1.5861e-08
1.5805e-01 1.6445e-08
1.6080e-01 1.7621e-08
1.6126e-01 1.7796e-08
1.6359e-01 1.8587e-08
1.6643e-01 1.9568e-08
1.6767e-01 1.9968e-08
1.6932e-01 2.0413e-08
1.7225e-01 2.1161e-08
1.7524e-01 2.1928e-08
1.7719e-01 2.2404e-08
1.7829e-01 2.2618e-08
1.8138e-01 2.3165e-08
1.8453e-01 2.3706e-08
1.8773e-01 2.4256e-08
1.9099e-01 2.4797e-08
1.9320e-01 2.5139e-08
1.9431e-01 2.5269e-08
1.9768e-01 2.5621e-08
2.0111e-01 2.5961e-08
2.0460e-01 2.6288e-08
2.0815e-01 2.6574e-08
2.1177e-01 2.6831e-08
2.1544e-01 2.7078e-08
2.1918e-01 2.7337e-08
2.2299e-01 2.7638e-08
2.2686e-01 2.7940e-08
2.3026e-01 2.8206e-08
2.3079e-01 2.8237e-08
2.3480e-01 2.8436e-08
2.3888e-01 2.8647e-08
2.4302e-01 2.8874e-08
2.4724e-01 2.9128e-08
2.5153e-01 2.9415e-08
2.5590e-01 2.9741e-08
2.6034e-01 3.0119e-08
2.6486e-01 3.0571e-08
2.6946e-01 3.1115e-08
2.7325e-01 3.1648e-08
2.7413e-01 3.1743e-08
2.7889e-01 3.2372e-08
2.8373e-01 3.3186e-08
2.8866e-01 3.4261e-08
2.9300e-01 3.5510e-08
2.9367e-01 3.5668e-08
2.9877e-01 3.7162e-08
3.0395e-01 3.9442e-08
3.0468e-01 3.9844e-08
3.0923e-01 4.2182e-08
3.1249e-01 4.4706e-08
3.1460e-01 4.6387e-08
3.1796e-01 5.0161e-08
3.2006e-01 5.3028e-08
3.2195e-01 5.6283e-08
3.2480e-01 6.3151e-08
3.2561e-01 6.5783e-08
3.2722e-01 7.0857e-08
3.2908e-01 7.9504e-08
3.3025e-01 8.9206e-08
3.3099e-01 1.0009e-07
3.3126e-01 1.0573e-07
3.3445e-01 1.1231e-07
3.3701e-01 1.1814e-07
3.3714e-01 1.1231e-07
3.3750e-01 1.0009e-07
3.3808e-01 8.9206e-08
3.3900e-01 7.9504e-08
3.4047e-01 7.0857e-08
3.4278e-01 6.3151e-08
3.4286e-01 6.2919e-08
3.4432e-01 5.6283e-08
3.4668e-01 5.0161e-08
3.4882e-01 4.6453e-08
3.4970e-01 4.4706e-08
3.5295e-01 3.9844e-08
3.5487e-01 3.7753e-08
3.5690e-01 3.5510e-08
3.6103e-01 3.2147e-08
3.6167e-01 3.1648e-08
3.6703e-01 2.8206e-08
3.6730e-01 2.8052e-08
3.7288e-01 2.5139e-08
3.7367e-01 2.4781e-08
3.7957e-01 2.2404e-08
3.8016e-01 2.2187e-08
3.8676e-01 2.0008e-08
3.8689e-01 1.9968e-08
3.9347e-01 1.8073e-08
3.9455e-01 1.7796e-08
4.0030e-01 1.6386e-08
4.0272e-01 1.5861e-08
4.0725e-01 1.4906e-08
4.1140e-01 1.4136e-08
4.1432e-01 1.3608e-08
4.2058e-01 1.2598e-08
4.2151e-01 1.2451e-08
4.2883e-01 1.1355e-08
4.2970e-01 1.1228e-08
4.3627e-01 1.0305e-08
4.3849e-01 1.0007e-08
4.4384e-01 9.3269e-09
4.4715e-01 8.9186e-09
4.5155e-01 8.4091e-09
4.5550e-01 7.9486e-09
4.5939e-01 7.5355e-09
4.6345e-01 7.0841e-09
4.6736e-01 6.6999e-09
4.7088e-01 6.3136e-09
4.7547e-01 5.8890e-09
4.7783e-01 5.6270e-09
4.8373e-01 5.1070e-09
4.8451e-01 5.0150e-09
4.9022e-01 4.4696e-09
4.9212e-01 4.3257e-09
4.9511e-01 3.9835e-09
5.0067e-01 3.5728e-09
5.0084e-01 3.5502e-09
5.0420e-01 3.1641e-09
5.0936e-01 2.8279e-09
5.0941e-01 2.8200e-09
5.1173e-01 2.5133e-09
5.1540e-01 2.2399e-09
5.1820e-01 2.0952e-09
5.1874e-01 1.9963e-09
5.2038e-01 1.7792e-09
5.2299e-01 1.5857e-09
5.2713e-01 1.4132e-09
5.2719e-01 1.4108e-09
5.2765e-01 1.2595e-09
5.2839e-01 1.1225e-09
5.2956e-01 1.0005e-09
5.3143e-01 8.9165e-10
5.3440e-01 7.9468e-10
5.3634e-01 7.4916e-10
5.3634e-01 7.0825e-10
5.3635e-01 6.3122e-10
5.3636e-01 5.6257e-10
5.3638e-01 5.0138e-10
5.3641e-01 4.4685e-10
5.3646e-01 3.9825e-10
5.3654e-01 3.5494e-10
5.3666e-01 3.1634e-10
5.3686e-01 2.8193e-10
5.3717e-01 2.5127e-10
5.3766e-01 2.2394e-10
5.3842e-01 1.9959e-10
5.3965e-01 1.7788e-10
5.4159e-01 1.5853e-10
5.4467e-01 1.4129e-10
5.4565e-01 1.3689e-10
5.4666e-01 1.4129e-10
5.4982e-01 1.5853e-10
5.5181e-01 1.7788e-10
5.5307e-01 1.9959e-10
5.5386e-01 2.2394e-10
5.5436e-01 2.5127e-10
5.5468e-01 2.8193e-10
5.5488e-01 3.1634e-10
5.5500e-01 3.5494e-10
5.5508e-01 3.9825e-10
5.5512e-01 4.2826e-10
5.5654e-01 4.4685e-10
5.5973e-01 5.0138e-10
5.6174e-01 5.6257e-10
5.6301e-01 6.3122e-10
5.6381e-01 7.0825e-10
5.6432e-01 7.9468e-10
5.6464e-01 8.9165e-10
5.6476e-01 9.4273e-10
5.6716e-01 1.0005e-09
5.7080e-01 1.1225e-09
5.7310e-01 1.2595e-09
5.7455e-01 1.4132e-09
5.7456e-01 1.4144e-09
5.8021e-01 1.5857e-09
5.8383e-01 1.7792e-09
5.8454e-01 1.8277e-09
5.9005e-01 1.9963e-09
5.9468e-01 2.2061e-09
5.9590e-01 2.2399e-09
6.0426e-01 2.5133e-09
6.0501e-01 2.5423e-09
6.1471e-01 2.8200e-09
6.1551e-01 2.8453e-09
6.2619e-01 3.1158e-09
6.2833e-01 3.1641e-09
6.3706e-01 3.3545e-09
6.4601e-01 3.5502e-09
6.4812e-01 3.5928e-09
6.5937e-01 3.7980e-09
6.6889e-01 3.9835e-09
6.7081e-01 4.0163e-09
6.8246e-01 4.2039e-09
6.9430e-01 4.4259e-09
6.9660e-01 4.4696e-09
7.0636e-01 4.6284e-09
7.1862e-01 4.8674e-09
7.2501e-01 5.0150e-09
7.3109e-01 5.1385e-09
7.4378e-01 5.4695e-09
7.4848e-01 5.6270e-09
7.5669e-01 5.8906e-09
7.6591e-01 6.3136e-09
7.6983e-01 6.5010e-09
7.7857e-01 7.0841e-09
7.8319e-01 7.4644e-09
7.8782e-01 7.9486e-09
7.9433e-01 8.9186e-09
7.9678e-01 9.4420e-09
7.9966e-01 1.0007e-08
8.0413e-01 1.1228e-08
8.0696e-01 1.2598e-08
8.0874e-01 1.4136e-08
8.0987e-01 1.5861e-08
8.1058e-01 1.7796e-08
8.1062e-01 1.7913e-08
8.1074e-01 1.7796e-08
8.1302e-01 1.5861e-08
8.1664e-01 1.4136e-08
8.2237e-01 1.2598e-08
8.2469e-01 1.2114e-08
8.2544e-01 1.1228e-08
8.2703e-01 1.0007e-08
8.2956e-01 8.9186e-09
8.3357e-01 7.9486e-09
8.3900e-01 7.1687e-09
8.3934e-01 7.0841e-09
8.4295e-01 6.3136e-09
8.4870e-01 5.6270e-09
8.5356e-01 5.2333e-09
8.5537e-01 5.0150e-09
8.6146e-01 4.4696e-09
8.6838e-01 4.0804e-09
8.6953e-01 3.9835e-09
8.7599e-01 3.5502e-09
8.8345e-01 3.2380e-09
8.8452e-01 3.1641e-09
8.9070e-01 2.8200e-09
8.9879e-01 2.5480e-09
8.9929e-01 2.5133e-09
9.0396e-01 2.2399e-09
9.1124e-01 1.9963e-09
9.1439e-01 1.9150e-09
9.1603e-01 1.7792e-09
9.1940e-01 1.5857e-09
9.2449e-01 1.4132e-09
9.3026e-01 1.2880e-09
9.3490e-01 1.4132e-09
9.3892e-01 1.5857e-09
9.4151e-01 1.7792e-09
9.4317e-01 1.9963e-09
9.4425e-01 2.2399e-09
9.4496e-01 2.5133e-09
9.4542e-01 2.8200e-09
9.4572e-01 3.1641e-09
9.4593e-01 3.5502e-09
9.4606e-01 3.9835e-09
9.4615e-01 4.4696e-09
9.4622e-01 5.0150e-09
9.4626e-01 5.6270e-09
9.4629e-01 6.3136e-09
9.4631e-01 7.0841e-09
9.4633e-01 7.9486e-09
9.4634e-01 8.9186e-09
9.4634e-01 1.0007e-08
9.4634e-01 1.1228e-08
9.4634e-01 1.2598e-08
9.4633e-01 1.4136e-08
9.4630e-01 1.5861e-08
9.4626e-01 1.7796e-08
9.4618e-01 1.9968e-08
9.4598e-01 2.2404e-08
9.4548e-01 2.5139e-08
9.4397e-01 2.8206e-08
9.3733e-01 3.1648e-08
9.3026e-01 3.3777e-08
9.3026e-01 3.5510e-08
9.3025e-01 3.9844e-08
9.3025e-01 4.4706e-08
9.3025e-01 5.0161e-08
9.3024e-01 5.6283e-08
9.3021e-01 6.3151e-08
9.3015e-01 7.0857e-08
9.2993e-01 7.9504e-08
9.2897e-01 8.9206e-08
9.2219e-01 1.0009e-07
9.1439e-01 1.0685e-07
9.1439e-01 1.1231e-07
9.1439e-01 1.2601e-07
9.1438e-01 1.4139e-07
9.1437e-01 1.5864e-07
9.1431e-01 1.7800e-07
9.1402e-01 1.9972e-07
9.1197e-01 2.2410e-07
8.9879e-01 2.4918e-07
8.9879e-01 2.5144e-07
8.9879e-01 2.8213e-07
8.9878e-01 3.1656e-07
8.9877e-01 3.5519e-07
8.9868e-01 3.9853e-07
8.9797e-01 4.4716e-07
8.8734e-01 5.0173e-07
8.8345e-01 5.1781e-07
8.8345e-01 5.6296e-07
8.8345e-01 6.3166e-07
8.8345e-01 7.0874e-07
8.8342e-01 7.9522e-07
8.8321e-01 8.9227e-07
8.8021e-01 1.0012e-06
8.6838e-01 1.0997e-06
8.6838e-01 1.1233e-06
8.6838e-01 1.2604e-06
8.6837e-01 1.4142e-06
8.6829e-01 1.5868e-06
8.6700e-01 1.7804e-06
8.5356e-01 1.9830e-06
8.5355e-01 1.9977e-06
8.5343e-01 2.2415e-06
8.5133e-01 2.5150e-06
8.3900e-01 2.7827e-06
8.2469e-01 2.8167e-06
8.1062e-01 2.7446e-06
7.9678e-01 2.8058e-06
7.8319e-01 2.8039e-06
7.6983e-01 2.8016e-06
7.5669e-01 2.7921e-06
7.4378e-01 2.7975e-06
7.3109e-01 2.8021e-06
7.1862e-01 2.8029e-06
7.0636e-01 2.8061e-06
6.9430e-01 2.8053e-06
6.8246e-01 2.7848e-06
6.7081e-01 2.7405e-06
6.5937e-01 2.6502e-06
6.5373e-01 2.5150e-06
6.4812e-01 2.4966e-06
6.3706e-01 2.3684e-06
6.3169e-01 2.2415e-06
6.2619e-01 2.2049e-06
6.1664e-01 1.9977e-06
6.1551e-01 1.9901e-06
6.0542e-01 1.7804e-06
6.0501e-01 1.7707e-06
5.9539e-01 1.5868e-06
5.9468e-01 1.5550e-06
5.8657e-01 1.4142e-06
5.8461e-01 1.2604e-06
5.8454e-01 1.2195e-06
5.7766e-01 1.1233e-06
5.7466e-01 1.0012e-06
5.7456e-01 9.7149e-07
5.6755e-01 8.9227e-07
5.6485e-01 7.9522e-07
5.6477e-01 7.0874e-07
5.6476e-01 6.7626e-07
5.5925e-01 6.3166e-07
5.5526e-01 5.6296e-07
5.5513e-01 5.0173e-07
5.5512e-01 4.4716e-07
5.5512e-01 3.9853e-07
5.5512e-01 3.5519e-07
5.5512e-01 3.1656e-07
5.5512e-01 2.8213e-07
5.5512e-01 2.5144e-07
5.5512e-01 2.2410e-07
5.5512e-01 1.9972e-07
5.5512e-01 1.7800e-07
5.5512e-01 1.5864e-07
5.5512e-01 1.4139e-07
5.5512e-01 1.2601e-07
5.5512e-01 1.2417e-07
5.5512e-01 1.2601e-07
5.5510e-01 1.4139e-07
5.5455e-01 1.5864e-07
5.4565e-01 1.7703e-07
5.4565e-01 1.7800e-07
5.4565e-01 1.9972e-07
5.4565e-01 2.2410e-07
5.4565e-01 2.5144e-07
5.4565e-01 2.8213e-07
5.4565e-01 3.1656e-07
5.4564e-01 3.5519e-07
5.4555e-01 3.9853e-07
5.4326e-01 4.4716e-07
5.3634e-01 4.8841e-07
5.3634e-01 5.0173e-07
5.3634e-01 5.6296e-07
5.3634e-01 6.3166e-07
5.3634e-01 7.0874e-07
5.3632e-01 7.9522e-07
5.3591e-01 8.9227e-07
5.2719e-01 9.9899e-07
5.2719e-01 1.0012e-06
5.2717e-01 1.1233e-06
5.2692e-01 1.2604e-06
5.1951e-01 1.4142e-06
5.1820e-01 1.4397e-06
5.1818e-01 1.5868e-06
5.1780e-01 1.7804e-06
5.0936e-01 1.9938e-06
5.0936e-01 1.9977e-06
5.0932e-01 2.2415e-06
5.0849e-01 2.5150e-06
5.0067e-01 2.7962e-06
5.0062e-01 2.8219e-06
4.9944e-01 3.1663e-06
4.9212e-01 3.5023e-06
4.9208e-01 3.5527e-06
4.9134e-01 3.9862e-06
4.8373e-01 4.4351e-06
4.8356e-01 4.4727e-06
4.7547e-01 5.0185e-06
4.7547e-01 5.0185e-06
4.7509e-01 5.6309e-06
4.6736e-01 6.2981e-06
4.6735e-01 6.3180e-06
4.6716e-01 7.0890e-06
4.5939e-01 7.9497e-06
4.5938e-01 7.9541e-06
4.5850e-01 8.9247e-06
4.5155e-01 9.9085e-06
4.5155e-01 1.0014e-05
4.5154e-01 1.1236e-05
4.5143e-01 1.2607e-05
4.4654e-01 1.4145e-05
4.4384e-01 1.4753e-05
4.3627e-01 1.5845e-05
4.3627e-01 1.5872e-05
4.3606e-01 1.7808e-05
4.2883e-01 1.9958e-05
4.2883e-01 1.9982e-05
4.2883e-01 2.2420e-05
4.2883e-01 2.5156e-05
4.2882e-01 2.8226e-05
4.2831e-01 3.1670e-05
4.2151e-01 3.5282e-05
4.1989e-01 3.5535e-05
4.1432e-01 3.8845e-05
4.1429e-01 3.9871e-05
4.1231e-01 4.4737e-05
4.0725e-01 4.8673e-05
4.0725e-01 5.0196e-05
4.0721e-01 5.6322e-05
4.0267e-01 6.3195e-05
4.0030e-01 6.5834e-05
4.0007e-01 7.0906e-05
3.9347e-01 7.9339e-05
3.8693e-01 7.0906e-05
3.8676e-01 7.0715e-05
3.8676e-01 7.0906e-05
3.8675e-01 7.9559e-05
3.8624e-01 8.9268e-05
3.8016e-01 9.9365e-05
3.8016e-01 1.0016e-04
3.8016e-01 1.1238e-04
3.8010e-01 1.2610e-04
3.7402e-01 1.4149e-04
3.7367e-01 1.4243e-04
3.7332e-01 1.4149e-04
3.6736e-01 1.2610e-04
3.6730e-01 1.1238e-04
3.6730e-01 1.0807e-04
3.6103e-01 1.1096e-04
3.6103e-01 1.1238e-04
3.6103e-01 1.2610e-04
3.6103e-01 1.4149e-04
3.6103e-01 1.5875e-04
3.6103e-01 1.7813e-04
3.6103e-01 1.9986e-04
3.6103e-01 2.2425e-04
3.6101e-01 2.5162e-04
3.5898e-01 2.8232e-04
3.5487e-01 3.0534e-04
3.5486e-01 3.1677e-04
3.5417e-01 3.5543e-04
3.4882e-01 3.9387e-04
3.4354e-01 3.5543e-04
3.4286e-01 3.4958e-04
3.3791e-01 3.1677e-04
3.3702e-01 2.8232e-04
3.3701e-01 2.5162e-04
3.3701e-01 2.2425e-04
3.3701e-01 1.9986e-04
3.3701e-01 1.7813e-04
3.3701e-01 1.7783e-04
3.3701e-01 1.7813e-04
3.3701e-01 1.9986e-04
3.3701e-01 2.2425e-04
3.3701e-01 2.5162e-04
3.3700e-01 2.8232e-04
3.3665e-01 3.1677e-04
3.3126e-01 3.5329e-04
3.3126e-01 3.5543e-04
3.3126e-01 3.9880e-04
3.3121e-01 4.4747e-04
3.2561e-01 5.0189e-04
3.2007e-01 4.4747e-04
3.2006e-01 4.4743e-04
3.1463e-01 3.9880e-04
3.1460e-01 3.5543e-04
3.1460e-01 3.1677e-04
3.1460e-01 2.8232e-04
3.1460e-01 2.5162e-04
3.1460e-01 2.2425e-04
3.1460e-01 2.2413e-04
3.0930e-01 1.9986e-04
3.0923e-01 1.7813e-04
3.0923e-01 1.7809e-04
3.0923e-01 1.7813e-04
3.0923e-01 1.9986e-04
3.0923e-01 2.2425e-04
3.0923e-01 2.5162e-04
3.0922e-01 2.8232e-04
3.0812e-01 3.1677e-04
3.0395e-01 3.4742e-04
2.9973e-01 3.1677e-04
2.9877e-01 3.1566e-04
2.9367e-01 2.9680e-04
2.9141e-01 2.8232e-04
2.8866e-01 2.8120e-04
2.8373e-01 2.7422e-04
2.7932e-01 2.5162e-04
2.7889e-01 2.5154e-04
2.7413e-01 2.5070e-04
2.6946e-01 2.4881e-04
2.6486e-01 2.4527e-04
2.6034e-01 2.3491e-04
2.5726e-01 2.2425e-04
2.5590e-01 2.2419e-04
2.5153e-01 2.2403e-04
2.4724e-01 2.2388e-04
2.4302e-01 2.2374e-04
2.3888e-01 2.2364e-04
2.3480e-01 2.2347e-04
2.3079e-01 2.2332e-04
2.2686e-01 2.2319e-04
2.2299e-01 2.2313e-04
2.1918e-01 2.2312e-04
2.1544e-01 2.2316e-04
2.1177e-01 2.2331e-04
2.0815e-01 2.2331e-04
2.0460e-01 2.2316e-04
2.0111e-01 2.2298e-04
1.9768e-01 2.2276e-04
1.9431e-01 2.2248e-04
1.9099e-01 2.2203e-04
1.8773e-01 2.2139e-04
1.8453e-01 2.1989e-04
1.8138e-01 2.1548e-04
1.7829e-01 2.0474e-04
1.7727e-01 1.9986e-04
1.7524e-01 1.9976e-04
1.7225e-01 1.9953e-04
1.6932e-01 1.9859e-04
1.6643e-01 1.9410e-04
1.6388e-01 1.7813e-04
1.6359e-01 1.7809e-04
1.6080e-01 1.7729e-04
1.5805e-01 1.6784e-04
1.5673e-01 1.5875e-04
1.5536e-01 1.5799e-04
1.5275e-01 1.4149e-04
1.5270e-01 1.4144e-04
1.5010e-01 1.3185e-04
1.4914e-01 1.2610e-04
1.4754e-01 1.1520e-04
1.4702e-01 1.1238e-04
1.4503e-01 1.0016e-04
1.4502e-01 9.9794e-05
1.4264e-01 8.9268e-05
1.4255e-01 7.9559e-05
1.4255e-01 7.9405e-05
1.4016e-01 7.0906e-05
1.4011e-01 6.3195e-05
1.4011e-01 5.6322e-05
1.4011e-01 5.6304e-05
1.3774e-01 5.0196e-05
1.3772e-01 4.4737e-05
1.3772e-01 3.9871e-05
1.3772e-01 3.5535e-05
1.3772e-01 3.2879e-05
1.3699e-01 3.1670e-05
1.3538e-01 2.8226e-05
1.3537e-01 2.5156e-05
1.3537e-01 2.2420e-05
1.3537e-01 1.9982e-05
1.3537e-01 1.7808e-05
1.3537e-01 1.5872e-05
1.3537e-01 1.4145e-05
1.3537e-01 1.2607e-05
1.3537e-01 1.1236e-05
1.3537e-01 1.0014e-05
1.3537e-01 8.9247e-06
1.3537e-01 7.9541e-06
1.3537e-01 7.0890e-06
1.3537e-01 6.3180e-06
1.3537e-01 5.6309e-06
1.3537e-01 5.0185e-06
1.3537e-01 5.0126e-06
1.3537e-01 5.0185e-06
1.3537e-01 5.6309e-06
1.3537e-01 6.3180e-06
1.3537e-01 7.0890e-06
1.3537e-01 7.9541e-06
1.3537e-01 8.9247e-06
1.3537e-01 1.0014e-05
1.3537e-01 1.1236e-05
1.3537e-01 1.2607e-05
1.3537e-01 1.4145e-05
1.3537e-01 1.5872e-05
1.3537e-01 1.7808e-05
1.3537e-01 1.9982e-05
1.3536e-01 2.2420e-05
1.3406e-01 2.5156e-05
1.3306e-01 2.6481e-05
1.3306e-01 2.8226e-05
1.3306e-01 3.1670e-05
1.3306e-01 3.5535e-05
1.3306e-01 3.9871e-05
1.3306e-01 4.4737e-05
1.3306e-01 5.0196e-05
1.3294e-01 5.6322e-05
1.3079e-01 6.2836e-05
1.3079e-01 6.3195e-05
1.3079e-01 7.0906e-05
1.3079e-01 7.9559e-05
1.3077e-01 8.9268e-05
1.2856e-01 1.0007e-04
1.2856e-01 1.0016e-04
1.2856e-01 1.1238e-04
1.2855e-01 1.2610e-04
1.2637e-01 1.4147e-04
1.2637e-01 1.4149e-04
1.2637e-01 1.5875e-04
1.2627e-01 1.7813e-04
1.2421e-01 1.9887e-04
1.2421e-01 1.9986e-04
1.2417e-01 2.2425e-04
1.2209e-01 2.5123e-04
1.2209e-01 2.5162e-04
1.2203e-01 2.8232e-04
1.2001e-01 3.1594e-04
1.2001e-01 3.1677e-04
1.1977e-01 3.5543e-04
1.1796e-01 3.9382e-04
1.1795e-01 3.9880e-04
1.1596e-01 4.4747e-04
1.1595e-01 4.4782e-04
1.1583e-01 5.0208e-04
1.1397e-01 5.5984e-04
1.1396e-01 5.6335e-04
1.1203e-01 6.3200e-04
1.1203e-01 6.3209e-04
1.1170e-01 7.0923e-04
1.1012e-01 7.8083e-04
1.1006e-01 7.9577e-04
1.0824e-01 8.8992e-04
1.0823e-01 8.9288e-04
1.0639e-01 1.0014e-03
1.0639e-01 1.0018e-03
1.0571e-01 1.1241e-03
1.0458e-01 1.2097e-03
1.0437e-01 1.2613e-03
1.0279e-01 1.3973e-03
1.0271e-01 1.4152e-03
1.0104e-01 1.5807e-03
1.0101e-01 1.5879e-03
9.9313e-02 1.7788e-03
9.9302e-02 1.7817e-03
9.7619e-02 1.9981e-03
9.7615e-02 1.9991e-03
9.6070e-02 2.2430e-03
9.5953e-02 2.2623e-03
9.5371e-02 2.5167e-03
9.4316e-02 2.7149e-03
9.4096e-02 2.8239e-03
9.2707e-02 3.1217e-03
9.2623e-02 3.1685e-03
9.1125e-02 3.5352e-03
9.1095e-02 3.5551e-03
8.9570e-02 3.9813e-03
8.9560e-02 3.9890e-03
8.8042e-02 4.4735e-03
8.8040e-02 4.4757e-03
8.6855e-02 5.0219e-03
8.6540e-02 5.1506e-03
8.6230e-02 5.6348e-03
8.5063e-02 6.1786e-03
8.4992e-02 6.3224e-03
8.3612e-02 7.0576e-03
8.3599e-02 7.0939e-03
8.2185e-02 7.9540e-03
8.2183e-02 7.9596e-03
8.1651e-02 8.9309e-03
8.0783e-02 9.6059e-03
8.0720e-02 1.0021e-02
7.9405e-02 1.1190e-02
7.9399e-02 1.1244e-02
7.8050e-02 1.2615e-02
7.8050e-02 1.2616e-02
7.7986e-02 1.4155e-02
7.6718e-02 1.5802e-02
7.6716e-02 1.5883e-02
7.5962e-02 1.7821e-02
7.5409e-02 1.8740e-02
7.5401e-02 1.9995e-02
7.4123e-02 2.2424e-02
7.4123e-02 2.2435e-02
7.4112e-02 2.5173e-02
7.2858e-02 2.8221e-02
7.2858e-02 2.8245e-02
7.2853e-02 3.1692e-02
7.1615e-02 3.5549e-02
7.1615e-02 3.5559e-02
7.1615e-02 3.9899e-02
7.1460e-02 4.4768e-02
7.0393e-02 4.9544e-02
7.0393e-02 5.0231e-02
7.0393e-02 5.6361e-02
7.0195e-02 6.3238e-02
6.9192e-02 6.9686e-02
6.9192e-02 7.0955e-02
6.9192e-02 7.9614e-02
6.9191e-02 8.9330e-02
6.8524e-02 1.0023e-01
6.1384e-02 1.0023e-01
6.1339e-02 8.9330e-02
6.1339e-02 8.8384e-02
6.0395e-02 7.9614e-02
6.0293e-02 7.0955e-02
6.0293e-02 7.0913e-02
5.9271e-02 6.3238e-02
5.9264e-02 6.3105e-02
5.8271e-02 5.6361e-02
5.8253e-02 5.6294e-02
5.7259e-02 5.1970e-02
5.6978e-02 5.0231e-02
5.6282e-02 4.9907e-02
5.5322e-02 4.4923e-02
5.5294e-02 4.4768e-02
5.4378e-02 4.4647e-02
5.3450e-02 4.4145e-02
5.2538e-02 4.1313e-02
5.2189e-02 3.9899e-02
5.1642e-02 3.9878e-02
5.0761e-02 3.9839e-02
4.9895e-02 3.9793e-02
4.9043e-02 3.9747e-02
4.8207e-02 3.9684e-02
4.7384e-02 3.9635e-02
4.6576e-02 3.9624e-02
4.5781e-02 3.9648e-02
4.5000e-02 3.9698e-02
4.4232e-02 3.9755e-02
4.3477e-02 3.9802e-02
4.2736e-02 3.9841e-02
4.2006e-02 3.9870e-02
4.1290e-02 3.9891e-02
4.0961e-02 3.9899e-02
4.0585e-02 4.1252e-02
3.9893e-02 4.3159e-02
3.9212e-02 4.4050e-02
3.8543e-02 4.4435e-02
3.7885e-02 4.4625e-02
3.7239e-02 4.4719e-02
3.6626e-02 4.4768e-02
3.6604e-02 4.4897e-02
3.5979e-02 4.8262e-02
3.5365e-02 4.9450e-02
3.4762e-02 4.9926e-02
3.4169e-02 5.0121e-02
3.3586e-02 5.0205e-02
3.3352e-02 5.0231e-02
3.3013e-02 5.2819e-02
3.2449e-02 5.5330e-02
3.1896e-02 5.6067e-02
3.1352e-02 5.6265e-02
3.0817e-02 5.6345e-02
3.0713e-02 5.6361e-02
3.0291e-02 6.0378e-02
2.9774e-02 6.2463e-02
2.9266e-02 6.3032e-02
2.8767e-02 6.3198e-02
2.8533e-02 6.3238e-02
2.8276e-02 6.6168e-02
2.7794e-02 6.9567e-02
2.7319e-02 7.0544e-02
2.6853e-02 7.0860e-02
2.6443e-02 7.0955e-02
2.6395e-02 7.1583e-02
2.5945e-02 7.7285e-02
2.5502e-02 7.8956e-02
2.5067e-02 7.9458e-02
2.4714e-02 7.9614e-02
2.4639e-02 8.0967e-02
2.4219e-02 8.7008e-02
2.3806e-02 8.8676e-02
2.3399e-02 8.9167e-02
2.3065e-02 8.9330e-02
2.3000e-02 9.0752e-02
2.2608e-02 9.8240e-02
2.2222e-02 9.9681e-02
2.1843e-02 1.0009e-01
2.1570e-02 1.0023e-01
9.6284e-01 2.1819e-10
9.6430e-01 2.2394e-10
9.6992e-01 2.5127e-10
9.7349e-01 2.8193e-10
9.7575e-01 3.1634e-10
9.7717e-01 3.5494e-10
9.7807e-01 3.9825e-10
9.7865e-01 4.4685e-10
9.7901e-01 5.0138e-10
9.7925e-01 5.6257e-10
9.7939e-01 6.3122e-10
9.7949e-01 7.0825e-10
9.7955e-01 7.8660e-10
9.8030e-01 7.9468e-10
9.8802e-01 8.9165e-10
9.9297e-01 1.0005e-09
9.9616e-01 1.1225e-09
9.9655e-01 1.1406e-09
1.0073e+00 1.2595e-09
1.0139e+00 1.3650e-09
1.0198e+00 1.4132e-09
1.0315e+00 1.5196e-09
1.0411e+00 1.5857e-09
1.0494e+00 1.6426e-09
1.0676e+00 1.7473e-09
1.0729e+00 1.7792e-09
1.0861e+00 1.8574e-09
1.1050e+00 1.9930e-09
1.1054e+00 1.9963e-09
1.1241e+00 2.1742e-09
1.1295e+00 2.2399e-09
1.1436e+00 2.4838e-09
1.1451e+00 2.5133e-09
1.1567e+00 2.8200e-09
1.1623e+00 3.1641e-09
1.1635e+00 3.3143e-09
1.1659e+00 3.5502e-09
1.1673e+00 3.9835e-09
1.1658e+00 4.4696e-09
1.1635e+00 4.8671e-09
1.1631e+00 5.0150e-09
1.1607e+00 5.6270e-09
1.1568e+00 6.3136e-09
1.1514e+00 7.0841e-09
1.1436e+00 7.9371e-09
1.1436e+00 7.9486e-09
1.1394e+00 8.9186e-09
1.1330e+00 1.0007e-08
1.1241e+00 1.1068e-08
1.1236e+00 1.1228e-08
1.1188e+00 1.2598e-08
1.1092e+00 1.4136e-08
1.1050e+00 1.4710e-08
1.1013e+00 1.5861e-08
1.0919e+00 1.7796e-08
1.0861e+00 1.8669e-08
1.0824e+00 1.9968e-08
1.0689e+00 2.2404e-08
1.0676e+00 2.2641e-08
1.0530e+00 2.5139e-08
1.0494e+00 2.5733e-08
1.0337e+00 2.8206e-08
1.0315e+00 2.8615e-08
1.0139e+00 2.9910e-08
9.9655e-01 3.0654e-08
9.8393e-01 2.8206e-08
9.7955e-01 2.7660e-08
9.6841e-01 2.5139e-08
9.6403e-01 2.2404e-08
9.6284e-01 2.1401e-08
9.5391e-01 1.9968e-08
9.4737e-01 1.7796e-08
9.4662e-01 1.5861e-08
9.4647e-01 1.4136e-08
9.4643e-01 1.2598e-08
9.4642e-01 1.1228e-08
9.4642e-01 1.0007e-08
9.4641e-01 8.9186e-09
9.4641e-01 7.9486e-09
9.4641e-01 7.0841e-09
9.4641e-01 6.3136e-09
9.4641e-01 5.6270e-09
9.4641e-01 5.0150e-09
9.4641e-01 4.4696e-09
9.4641e-01 3.9835e-09
9.4641e-01 3.5502e-09
9.4641e-01 3.1641e-09
9.4641e-01 2.8200e-09
9.4641e-01 2.5133e-09
9.4641e-01 2.2399e-09
9.4642e-01 1.9963e-09
9.4642e-01 1.7792e-09
9.4642e-01 1.5857e-09
9.4643e-01 1.4132e-09
9.4643e-01 1.2595e-09
9.4644e-01 1.1225e-09
9.4646e-01 1.0005e-09
9.4648e-01 8.9165e-10
9.4652e-01 7.9468e-10
9.4658e-01 7.0825e-10
9.4667e-01 6.3122e-10
9.4682e-01 5.6257e-10
9.4704e-01 5.0138e-10
9.4740e-01 4.4685e-10
9.4795e-01 3.9825e-10
9.4883e-01 3.5494e-10
9.5022e-01 3.1634e-10
9.5242e-01 2.8193e-10
9.5591e-01 2.5127e-10
9.6141e-01 2.2394e-10
9.6284e-01 2.1819e-10
