5.5303e-01 1.0000e-11
5.5322e-01 1.1220e-11
5.5334e-01 1.2590e-11
5.5341e-01 1.4126e-11
5.5346e-01 1.5850e-11
5.5349e-01 1.7784e-11
5.5351e-01 1.9954e-11
5.5352e-01 2.2389e-11
5.5353e-01 2.5121e-11
5.5353e-01 2.8187e-11
5.5353e-01 3.1626e-11
5.5354e-01 3.5486e-11
5.5354e-01 3.9816e-11
5.5354e-01 4.4675e-11
5.5354e-01 5.0127e-11
5.5354e-01 5.6244e-11
5.5354e-01 6.3107e-11
5.5354e-01 7.0808e-11
5.5354e-01 7.9449e-11
5.5354e-01 8.9145e-11
5.5354e-01 1.0002e-10
5.5354e-01 1.1223e-10
5.5354e-01 1.2592e-10
5.5354e-01 1.4129e-10
5.5354e-01 1.5853e-10
5.5354e-01 1.7788e-10
5.5354e-01 1.9959e-10
5.5354e-01 2.2394e-10
5.5354e-01 2.5127e-10
5.5354e-01 2.8193e-10
5.5354e-01 3.1634e-10
5.5354e-01 3.2211e-10
5.5536e-01 3.5494e-10
5.5682e-01 3.9825e-10
5.5774e-01 4.4685e-10
5.5832e-01 5.0138e-10
5.5869e-01 5.6257e-10
5.5884e-01 5.9958e-10
5.6003e-01 6.3122e-10
5.6216e-01 7.0825e-10
5.6351e-01 7.9468e-10
5.6420e-01 8.6529e-10
5.6505e-01 8.9165e-10
5.6785e-01 1.0005e-09
5.6960e-01 1.1194e-09
5.6970e-01 1.1225e-09
5.7343e-01 1.2595e-09
5.7506e-01 1.3494e-09
5.7692e-01 1.4132e-09
5.8057e-01 1.5763e-09
5.8086e-01 1.5857e-09
5.8603e-01 1.7792e-09
5.8613e-01 1.7836e-09
5.9174e-01 1.9759e-09
5.9240e-01 1.9963e-09
5.9741e-01 2.1503e-09
6.0037e-01 2.2399e-09
6.0314e-01 2.3203e-09
6.0891e-01 2.4850e-09
6.0999e-01 2.5133e-09
6.1475e-01 2.6243e-09
6.2064e-01 2.7692e-09
6.2284e-01 2.8200e-09
6.2658e-01 2.8930e-09
6.3258e-01 3.0100e-09
6.3864e-01 3.1313e-09
6.4040e-01 3.1641e-09
6.4476e-01 3.2299e-09
6.5094e-01 3.3226e-09
6.5717e-01 3.4168e-09
6.6347e-01 3.5132e-09
6.6602e-01 3.5502e-09
6.6982e-01 3.5932e-09
6.7624e-01 3.6636e-09
6.8272e-01 3.7349e-09
6.8926e-01 3.8099e-09
6.9586e-01 3.8858e-09
7.0253e-01 3.9602e-09
7.0469e-01 3.9835e-09
7.0926e-01 4.0207e-09
7.1605e-01 4.0789e-09
7.2291e-01 4.1393e-09
7.2984e-01 4.2050e-09
7.3683e-01 4.2750e-09
7.4389e-01 4.3580e-09
7.5101e-01 4.4535e-09
7.5209e-01 4.4696e-09
7.5821e-01 4.5396e-09
7.6547e-01 4.6372e-09
7.7280e-01 4.7585e-09
7.8020e-01 4.9147e-09
7.8412e-01 5.0150e-09
7.8768e-01 5.0889e-09
7.9522e-01 5.2854e-09
8.0284e-01 5.5702e-09
8.0412e-01 5.6270e-09
8.1053e-01 5.8791e-09
8.1830e-01 6.1660e-09
8.2614e-01 6.2921e-09
8.3405e-01 5.9897e-09
8.3885e-01 5.6270e-09
8.4204e-01 5.4025e-09
8.4514e-01 5.0150e-09
8.5011e-01 4.5685e-09
8.5114e-01 4.4696e-09
8.5749e-01 3.9835e-09
8.5825e-01 3.9336e-09
8.6307e-01 3.5502e-09
8.6647e-01 3.3479e-09
8.6886e-01 3.1641e-09
8.7477e-01 2.8370e-09
8.7502e-01 2.8200e-09
8.8011e-01 2.5133e-09
8.8315e-01 2.3796e-09
8.8562e-01 2.2399e-09
8.9161e-01 2.0030e-09
8.9172e-01 1.9963e-09
8.9563e-01 1.7792e-09
9.0015e-01 1.6233e-09
9.0144e-01 1.5857e-09
9.0878e-01 1.4135e-09
9.0879e-01 1.4132e-09
9.1251e-01 1.2595e-09
9.1748e-01 1.1365e-09
9.1766e-01 1.1225e-09
9.1948e-01 1.0005e-09
9.2235e-01 8.9165e-10
9.2627e-01 8.0334e-10
9.2640e-01 7.9468e-10
9.2788e-01 7.0825e-10
9.3021e-01 6.3122e-10
9.3387e-01 5.6257e-10
9.3514e-01 5.4378e-10
9.3952e-01 5.0138e-10
9.4410e-01 4.4977e-10
9.4413e-01 4.4685e-10
9.4469e-01 3.9825e-10
9.4528e-01 3.5494e-10
9.4601e-01 3.1634e-10
9.4699e-01 2.8193e-10
9.4831e-01 2.5127e-10
9.5015e-01 2.2394e-10
9.5285e-01 1.9959e-10
9.5314e-01 1.9743e-10
9.5915e-01 1.7788e-10
9.6228e-01 1.7120e-10
9.6347e-01 1.7788e-10
9.6649e-01 1.9959e-10
9.6841e-01 2.2394e-10
9.6960e-01 2.5127e-10
9.7036e-01 2.8193e-10
9.7084e-01 3.1634e-10
9.7115e-01 3.5494e-10
9.7134e-01 3.9825e-10
9.7146e-01 4.4685e-10
9.7149e-01 4.6190e-10
9.7491e-01 5.0138e-10
9.7838e-01 5.6257e-10
9.8058e-01 6.3122e-10
9.8080e-01 6.3931e-10
9.8720e-01 7.0825e-10
9.9020e-01 7.5229e-10
9.9539e-01 7.9468e-10
9.9968e-01 8.3174e-10
1.0092e+00 8.9165e-10
1.0093e+00 8.9242e-10
1.0189e+00 9.2739e-10
1.0287e+00 9.5685e-10
1.0385e+00 9.7789e-10
1.0485e+00 9.9236e-10
1.0566e+00 1.0005e-09
1.0585e+00 1.0020e-09
1.0687e+00 1.0026e-09
1.0745e+00 1.0005e-09
1.0789e+00 9.9833e-10
1.0892e+00 9.8484e-10
1.0997e+00 9.6606e-10
1.1102e+00 9.4425e-10
1.1208e+00 9.2072e-10
1.1316e+00 8.9733e-10
1.1342e+00 8.9165e-10
1.1424e+00 8.6951e-10
1.1534e+00 8.4211e-10
1.1644e+00 8.1857e-10
1.1756e+00 8.0147e-10
1.1802e+00 7.9468e-10
1.1868e+00 7.8265e-10
1.1982e+00 7.6359e-10
1.2097e+00 7.4763e-10
1.2213e+00 7.3674e-10
1.2330e+00 7.2942e-10
1.2448e+00 7.2203e-10
1.2567e+00 7.1387e-10
1.2680e+00 7.0825e-10
1.2687e+00 7.0782e-10
1.2809e+00 7.0340e-10
1.2932e+00 7.0168e-10
1.3056e+00 7.0023e-10
1.3181e+00 6.9753e-10
1.3307e+00 6.9865e-10
1.3434e+00 7.0207e-10
1.3563e+00 7.0343e-10
1.3682e+00 7.0825e-10
1.3693e+00 7.0862e-10
1.3824e+00 7.1038e-10
1.3957e+00 7.1608e-10
1.4090e+00 7.2496e-10
1.4225e+00 7.3315e-10
1.4362e+00 7.4748e-10
1.4499e+00 7.6244e-10
1.4638e+00 7.7979e-10
1.4736e+00 7.9468e-10
1.4778e+00 8.0121e-10
1.4920e+00 8.2871e-10
1.5063e+00 8.5511e-10
1.5207e+00 8.9144e-10
1.5208e+00 8.9165e-10
1.5353e+00 9.4453e-10
1.5476e+00 1.0005e-09
1.5500e+00 1.0199e-09
1.5619e+00 1.1225e-09
1.5644e+00 1.2595e-09
1.5605e+00 1.4132e-09
1.5500e+00 1.5553e-09
1.5478e+00 1.5857e-09
1.5353e+00 1.6881e-09
1.5243e+00 1.7792e-09
1.5207e+00 1.8080e-09
1.5063e+00 1.9181e-09
1.4948e+00 1.9963e-09
1.4920e+00 2.0129e-09
1.4778e+00 2.1120e-09
1.4638e+00 2.2123e-09
1.4602e+00 2.2399e-09
1.4499e+00 2.3384e-09
1.4362e+00 2.4830e-09
1.4334e+00 2.5133e-09
1.4225e+00 2.6351e-09
1.4090e+00 2.7597e-09
1.4048e+00 2.8200e-09
1.3957e+00 2.9697e-09
1.3824e+00 3.1401e-09
1.3799e+00 3.1641e-09
1.3693e+00 3.3194e-09
1.3563e+00 3.5384e-09
1.3554e+00 3.5502e-09
1.3434e+00 3.7548e-09
1.3307e+00 3.9683e-09
1.3300e+00 3.9835e-09
1.3181e+00 4.2844e-09
1.3056e+00 4.4524e-09
1.3049e+00 4.4696e-09
1.2932e+00 4.8407e-09
1.2851e+00 5.0150e-09
1.2809e+00 5.1506e-09
1.2687e+00 5.4751e-09
1.2637e+00 5.6270e-09
1.2567e+00 5.9119e-09
1.2448e+00 6.2247e-09
1.2421e+00 6.3136e-09
1.2330e+00 6.7258e-09
1.2245e+00 7.0841e-09
1.2213e+00 7.2830e-09
1.2097e+00 7.7770e-09
1.2068e+00 7.9486e-09
1.1982e+00 8.6163e-09
1.1915e+00 8.9186e-09
1.1868e+00 9.2584e-09
1.1758e+00 1.0007e-08
1.1756e+00 1.0022e-08
1.1657e+00 1.1228e-08
1.1644e+00 1.1389e-08
1.1534e+00 1.2410e-08
1.1522e+00 1.2598e-08
1.1424e+00 1.4043e-08
1.1416e+00 1.4136e-08
1.1316e+00 1.5587e-08
1.1304e+00 1.5861e-08
1.1208e+00 1.7697e-08
1.1201e+00 1.7796e-08
1.1102e+00 1.9722e-08
1.1090e+00 1.9968e-08
1.0997e+00 2.2120e-08
1.0980e+00 2.2404e-08
1.0892e+00 2.4440e-08
1.0846e+00 2.5139e-08
1.0789e+00 2.6564e-08
1.0715e+00 2.8206e-08
1.0687e+00 2.9081e-08
1.0585e+00 3.0861e-08
1.0500e+00 3.1648e-08
1.0485e+00 3.2052e-08
1.0385e+00 3.4642e-08
1.0287e+00 3.5253e-08
1.0189e+00 3.5352e-08
1.0093e+00 3.5403e-08
9.9968e-01 3.5467e-08
9.9020e-01 3.5072e-08
9.8130e-01 3.1648e-08
9.8080e-01 3.1527e-08
9.7149e-01 2.8923e-08
9.6970e-01 2.8206e-08
9.6322e-01 2.5139e-08
9.6241e-01 2.2404e-08
9.6228e-01 2.2129e-08
9.5463e-01 1.9968e-08
9.5332e-01 1.7796e-08
9.5317e-01 1.5861e-08
9.5315e-01 1.4136e-08
9.5314e-01 1.2598e-08
9.5314e-01 1.1228e-08
9.5314e-01 1.0007e-08
9.5314e-01 8.9186e-09
9.5314e-01 7.9486e-09
9.5314e-01 7.0841e-09
9.5314e-01 6.3136e-09
9.5314e-01 5.6270e-09
9.5314e-01 5.0150e-09
9.5314e-01 4.4696e-09
9.5314e-01 3.9835e-09
9.5314e-01 3.5502e-09
9.5314e-01 3.1641e-09
9.5314e-01 2.8200e-09
9.5314e-01 2.5133e-09
9.5314e-01 2.2399e-09
9.5314e-01 1.9963e-09
9.5314e-01 1.7792e-09
9.5314e-01 1.5857e-09
9.5314e-01 1.4132e-09
9.5314e-01 1.2595e-09
9.5314e-01 1.1225e-09
9.5314e-01 1.0157e-09
9.4941e-01 1.1225e-09
9.4616e-01 1.2595e-09
9.4410e-01 1.3463e-09
9.4406e-01 1.4132e-09
9.4402e-01 1.5857e-09
9.4402e-01 1.7792e-09
9.4404e-01 1.9963e-09
9.4406e-01 2.2399e-09
9.4407e-01 2.5133e-09
9.4408e-01 2.8200e-09
9.4409e-01 3.1641e-09
9.4409e-01 3.5502e-09
9.4409e-01 3.9835e-09
9.4409e-01 4.4696e-09
9.4410e-01 5.0150e-09
9.4410e-01 5.6270e-09
9.4410e-01 6.3136e-09
9.4410e-01 7.0841e-09
9.4410e-01 7.9486e-09
9.4410e-01 8.9186e-09
9.4410e-01 1.0007e-08
9.4410e-01 1.1228e-08
9.4409e-01 1.2598e-08
9.4409e-01 1.4136e-08
9.4408e-01 1.5861e-08
9.4405e-01 1.7796e-08
9.4394e-01 1.9968e-08
9.4344e-01 2.2404e-08
9.3940e-01 2.5139e-08
9.3514e-01 2.6734e-08
9.3514e-01 2.8206e-08
9.3513e-01 3.1648e-08
9.3513e-01 3.5510e-08
9.3510e-01 3.9844e-08
9.3495e-01 4.4706e-08
9.3381e-01 5.0161e-08
9.2627e-01 5.5848e-08
9.2627e-01 5.6283e-08
9.2626e-01 6.3151e-08
9.2625e-01 7.0857e-08
9.2615e-01 7.9504e-08
9.2548e-01 8.9206e-08
9.1748e-01 9.9897e-08
9.1748e-01 1.0009e-07
9.1747e-01 1.1231e-07
9.1744e-01 1.2601e-07
9.1718e-01 1.4139e-07
9.1334e-01 1.5864e-07
9.0878e-01 1.6923e-07
9.0878e-01 1.7800e-07
9.0876e-01 1.9972e-07
9.0860e-01 2.2410e-07
9.0616e-01 2.5144e-07
9.0015e-01 2.7350e-07
9.0014e-01 2.8213e-07
9.0008e-01 3.1656e-07
8.9923e-01 3.5519e-07
8.9161e-01 3.9534e-07
8.9161e-01 3.9853e-07
8.9158e-01 4.4716e-07
8.9122e-01 5.0173e-07
8.8315e-01 5.6256e-07
8.8315e-01 5.6296e-07
8.8314e-01 6.3166e-07
8.8295e-01 7.0874e-07
8.7817e-01 7.9522e-07
8.7477e-01 8.3554e-07
8.7476e-01 8.9227e-07
8.7466e-01 1.0012e-06
8.7204e-01 1.1233e-06
8.6647e-01 1.2173e-06
8.6646e-01 1.2604e-06
8.6631e-01 1.4142e-06
8.6059e-01 1.5868e-06
8.5825e-01 1.6426e-06
8.5825e-01 1.7804e-06
8.5823e-01 1.9977e-06
8.5765e-01 2.2415e-06
8.5011e-01 2.5003e-06
8.4856e-01 2.5150e-06
8.4204e-01 2.7485e-06
8.4198e-01 2.8219e-06
8.4003e-01 3.1663e-06
8.3405e-01 3.4586e-06
8.2614e-01 3.2819e-06
8.1830e-01 3.2484e-06
8.1053e-01 3.3295e-06
8.0284e-01 3.2164e-06
8.0168e-01 3.1663e-06
7.9522e-01 3.1426e-06
7.8768e-01 3.1278e-06
7.8020e-01 3.1161e-06
7.7280e-01 3.1097e-06
7.6547e-01 3.0389e-06
7.5821e-01 2.9936e-06
7.5101e-01 2.9676e-06
7.4389e-01 2.9616e-06
7.3683e-01 2.9673e-06
7.2984e-01 2.9403e-06
7.2291e-01 2.9084e-06
7.1605e-01 2.8951e-06
7.0926e-01 2.8926e-06
7.0253e-01 2.8883e-06
6.9586e-01 2.8374e-06
6.9505e-01 2.8219e-06
6.8926e-01 2.8192e-06
6.8272e-01 2.8146e-06
6.7624e-01 2.8073e-06
6.6982e-01 2.7970e-06
6.6347e-01 2.7798e-06
6.5717e-01 2.7532e-06
6.5094e-01 2.5406e-06
6.5020e-01 2.5150e-06
6.4476e-01 2.5032e-06
6.3864e-01 2.4680e-06
6.3258e-01 2.4205e-06
6.2813e-01 2.2415e-06
6.2658e-01 2.2312e-06
6.2064e-01 2.1502e-06
6.1531e-01 1.9977e-06
6.1475e-01 1.9966e-06
6.0891e-01 1.9461e-06
6.0423e-01 1.7804e-06
6.0314e-01 1.7697e-06
5.9741e-01 1.6789e-06
5.9472e-01 1.5868e-06
5.9174e-01 1.4852e-06
5.8944e-01 1.4142e-06
5.8613e-01 1.2900e-06
5.8507e-01 1.2604e-06
5.8066e-01 1.1233e-06
5.8057e-01 1.1175e-06
5.7535e-01 1.0012e-06
5.7506e-01 9.9421e-07
5.7004e-01 8.9227e-07
5.6960e-01 8.6316e-07
5.6586e-01 7.9522e-07
5.6425e-01 7.0874e-07
5.6420e-01 6.6432e-07
5.6195e-01 6.3166e-07
5.5895e-01 5.6296e-07
5.5885e-01 5.0173e-07
5.5884e-01 4.4716e-07
5.5884e-01 3.9853e-07
5.5884e-01 3.9735e-07
5.5856e-01 3.9853e-07
5.5354e-01 4.4260e-07
5.4883e-01 3.9853e-07
5.4831e-01 3.5519e-07
5.4829e-01 3.1656e-07
5.4829e-01 2.8213e-07
5.4829e-01 2.5144e-07
5.4829e-01 2.2410e-07
5.4829e-01 1.9972e-07
5.4829e-01 1.7800e-07
5.4829e-01 1.5864e-07
5.4829e-01 1.4139e-07
5.4829e-01 1.2601e-07
5.4829e-01 1.1231e-07
5.4829e-01 1.0009e-07
5.4829e-01 8.9206e-08
5.4829e-01 7.9504e-08
5.4829e-01 7.0857e-08
5.4829e-01 6.3151e-08
5.4829e-01 5.6283e-08
5.4829e-01 5.0161e-08
5.4829e-01 4.4706e-08
5.4829e-01 3.9844e-08
5.4829e-01 3.5510e-08
5.4829e-01 3.1648e-08
5.4829e-01 2.8206e-08
5.4829e-01 2.5139e-08
5.4829e-01 2.2404e-08
5.4829e-01 1.9968e-08
5.4829e-01 1.7796e-08
5.4829e-01 1.5861e-08
5.4829e-01 1.4136e-08
5.4829e-01 1.2598e-08
5.4829e-01 1.1228e-08
5.4829e-01 1.0007e-08
5.4829e-01 8.9186e-09
5.4829e-01 7.9486e-09
5.4829e-01 7.0841e-09
5.4829e-01 6.3136e-09
5.4829e-01 5.6270e-09
5.4829e-01 5.0150e-09
5.4829e-01 4.4696e-09
5.4829e-01 3.9835e-09
5.4829e-01 3.5502e-09
5.4829e-01 3.1641e-09
5.4829e-01 2.8200e-09
5.4829e-01 2.5133e-09
5.4829e-01 2.2399e-09
5.4829e-01 1.9963e-09
5.4830e-01 1.7792e-09
5.4830e-01 1.5857e-09
5.4830e-01 1.4132e-09
5.4831e-01 1.2595e-09
5.4832e-01 1.1225e-09
5.4829e-01 1.0385e-09
5.4829e-01 1.1225e-09
5.4829e-01 1.2595e-09
5.4829e-01 1.4132e-09
5.4829e-01 1.5857e-09
5.4829e-01 1.7792e-09
5.4829e-01 1.9963e-09
5.4829e-01 2.2399e-09
5.4829e-01 2.5133e-09
5.4829e-01 2.8200e-09
5.4829e-01 3.1641e-09
5.4829e-01 3.5502e-09
5.4829e-01 3.9835e-09
5.4829e-01 4.4696e-09
5.4829e-01 5.0150e-09
5.4829e-01 5.6270e-09
5.4829e-01 6.3136e-09
5.4829e-01 7.0841e-09
5.4829e-01 7.9486e-09
5.4829e-01 8.9186e-09
5.4829e-01 1.0007e-08
5.4829e-01 1.1228e-08
5.4829e-01 1.2598e-08
5.4829e-01 1.4136e-08
5.4829e-01 1.5861e-08
5.4829e-01 1.7796e-08
5.4829e-01 1.9968e-08
5.4829e-01 2.2404e-08
5.4829e-01 2.5139e-08
5.4829e-01 2.8206e-08
5.4829e-01 3.1648e-08
5.4829e-01 3.5510e-08
5.4829e-01 3.9844e-08
5.4829e-01 4.4706e-08
5.4829e-01 5.0161e-08
5.4829e-01 5.6283e-08
5.4829e-01 6.3151e-08
5.4829e-01 7.0857e-08
5.4829e-01 7.9504e-08
5.4829e-01 8.9206e-08
5.4829e-01 1.0009e-07
5.4829e-01 1.1231e-07
5.4829e-01 1.2601e-07
5.4829e-01 1.4139e-07
5.4829e-01 1.5864e-07
5.4829e-01 1.7800e-07
5.4829e-01 1.9972e-07
5.4829e-01 2.2410e-07
5.4829e-01 2.5144e-07
5.4829e-01 2.8213e-07
5.4829e-01 3.1656e-07
5.4829e-01 3.5519e-07
5.4829e-01 3.9853e-07
5.4821e-01 4.4716e-07
5.4309e-01 5.0093e-07
5.3801e-01 4.4716e-07
5.3793e-01 3.9853e-07
5.3793e-01 3.8534e-07
5.3793e-01 3.9853e-07
5.3793e-01 4.4716e-07
5.3793e-01 5.0173e-07
5.3788e-01 5.6296e-07
5.3658e-01 6.3166e-07
5.3283e-01 6.8906e-07
5.3283e-01 7.0874e-07
5.3282e-01 7.9522e-07
5.3248e-01 8.9227e-07
5.2777e-01 9.9557e-07
5.2774e-01 1.0012e-06
5.2686e-01 1.1233e-06
5.2277e-01 1.2369e-06
5.2272e-01 1.2604e-06
5.2132e-01 1.4142e-06
5.1781e-01 1.5378e-06
5.1763e-01 1.5868e-06
5.1289e-01 1.7775e-06
5.1288e-01 1.7804e-06
5.1245e-01 1.9977e-06
5.0803e-01 2.2229e-06
5.0773e-01 2.2415e-06
5.0321e-01 2.4994e-06
5.0321e-01 2.5150e-06
5.0318e-01 2.8219e-06
5.0224e-01 3.1663e-06
4.9843e-01 3.4787e-06
4.9370e-01 3.5041e-06
4.9257e-01 3.5527e-06
4.8902e-01 3.8775e-06
4.8859e-01 3.9862e-06
4.8438e-01 4.4318e-06
4.8356e-01 4.4727e-06
4.7978e-01 4.9132e-06
4.7799e-01 5.0185e-06
4.7523e-01 5.3826e-06
4.7289e-01 5.6309e-06
4.7072e-01 5.9593e-06
4.6847e-01 6.3180e-06
4.6625e-01 6.7008e-06
4.6499e-01 7.0890e-06
4.6183e-01 7.7124e-06
4.6166e-01 7.9541e-06
4.5745e-01 8.9052e-06
4.5718e-01 8.9247e-06
4.5311e-01 9.8996e-06
4.5242e-01 1.0014e-05
4.4881e-01 1.1028e-05
4.4880e-01 1.1236e-05
4.4855e-01 1.2607e-05
4.4455e-01 1.4071e-05
4.4445e-01 1.4145e-05
4.4033e-01 1.5846e-05
4.3615e-01 1.5865e-05
4.3613e-01 1.5872e-05
4.3201e-01 1.7786e-05
4.3200e-01 1.7808e-05
4.3086e-01 1.9982e-05
4.2791e-01 2.1746e-05
4.2791e-01 2.2420e-05
4.2781e-01 2.5156e-05
4.2385e-01 2.8182e-05
4.2385e-01 2.8226e-05
4.2370e-01 3.1670e-05
4.1983e-01 3.5424e-05
4.1611e-01 3.5535e-05
4.1585e-01 3.5759e-05
4.1190e-01 3.9850e-05
4.1189e-01 3.9871e-05
4.0870e-01 4.4737e-05
4.0799e-01 4.5732e-05
4.0798e-01 5.0196e-05
4.0670e-01 5.6322e-05
4.0412e-01 6.0926e-05
4.0188e-01 6.3195e-05
4.0029e-01 6.6373e-05
3.9665e-01 7.0906e-05
3.9649e-01 7.1278e-05
3.9273e-01 7.9526e-05
3.8900e-01 7.7375e-05
3.8622e-01 7.0906e-05
3.8531e-01 6.9897e-05
3.8529e-01 7.0906e-05
3.8308e-01 7.9559e-05
3.8165e-01 8.3368e-05
3.8165e-01 8.9268e-05
3.8165e-01 1.0016e-04
3.8156e-01 1.1238e-04
3.7803e-01 1.2586e-04
3.7798e-01 1.2610e-04
3.7445e-01 1.4128e-04
3.7089e-01 1.3749e-04
3.6829e-01 1.2610e-04
3.6738e-01 1.1238e-04
3.6737e-01 1.0914e-04
3.6389e-01 1.1092e-04
3.6044e-01 1.1148e-04
3.6044e-01 1.1238e-04
3.6044e-01 1.2610e-04
3.6043e-01 1.4149e-04
3.5986e-01 1.5875e-04
3.5702e-01 1.7491e-04
3.5702e-01 1.7813e-04
3.5702e-01 1.9986e-04
3.5702e-01 2.2425e-04
3.5702e-01 2.5162e-04
3.5696e-01 2.8232e-04
3.5363e-01 3.1632e-04
3.5362e-01 3.1677e-04
3.5027e-01 3.5542e-04
3.5027e-01 3.5543e-04
3.4922e-01 3.9880e-04
3.4695e-01 4.3213e-04
3.4366e-01 4.4523e-04
3.4056e-01 3.9880e-04
3.4040e-01 3.5543e-04
3.4040e-01 3.1677e-04
3.4040e-01 2.8232e-04
3.4040e-01 2.5162e-04
3.4040e-01 2.5155e-04
3.3720e-01 2.2425e-04
3.3717e-01 1.9986e-04
3.3717e-01 1.9948e-04
3.3397e-01 1.8087e-04
3.3397e-01 1.9986e-04
3.3397e-01 2.2425e-04
3.3397e-01 2.5162e-04
3.3397e-01 2.8232e-04
3.3397e-01 3.1677e-04
3.3397e-01 3.5543e-04
3.3397e-01 3.9880e-04
3.3397e-01 4.4747e-04
3.3316e-01 5.0208e-04
3.3080e-01 5.4775e-04
3.2766e-01 5.6032e-04
3.2455e-01 5.0708e-04
3.2429e-01 5.0208e-04
3.2147e-01 4.9677e-04
3.1872e-01 4.4747e-04
3.1842e-01 3.9880e-04
3.1842e-01 3.5543e-04
3.1842e-01 3.1677e-04
3.1842e-01 3.1606e-04
3.1548e-01 2.8232e-04
3.1540e-01 2.5162e-04
3.1540e-01 2.4946e-04
3.1266e-01 2.2425e-04
3.1241e-01 1.9986e-04
3.1241e-01 1.9986e-04
3.0945e-01 1.7813e-04
3.0944e-01 1.7805e-04
3.0944e-01 1.7813e-04
3.0943e-01 1.9986e-04
3.0844e-01 2.2425e-04
3.0651e-01 2.4233e-04
3.0651e-01 2.5162e-04
3.0651e-01 2.8232e-04
3.0595e-01 3.1677e-04
3.0360e-01 3.4811e-04
3.0087e-01 3.1677e-04
3.0072e-01 3.1670e-04
2.9786e-01 3.1524e-04
2.9504e-01 3.0889e-04
2.9224e-01 2.8529e-04
2.9194e-01 2.8232e-04
2.8947e-01 2.8175e-04
2.8672e-01 2.8012e-04
2.8400e-01 2.7606e-04
2.8130e-01 2.6694e-04
2.7917e-01 2.5162e-04
2.7863e-01 2.5155e-04
2.7599e-01 2.5119e-04
2.7337e-01 2.5062e-04
2.7078e-01 2.4973e-04
2.6821e-01 2.4840e-04
2.6566e-01 2.4655e-04
2.6314e-01 2.4332e-04
2.6065e-01 2.3721e-04
2.5817e-01 2.2819e-04
2.5717e-01 2.2425e-04
2.5572e-01 2.2420e-04
2.5330e-01 2.2412e-04
2.5089e-01 2.2403e-04
2.4851e-01 2.2395e-04
2.4615e-01 2.2388e-04
2.4382e-01 2.2381e-04
2.4151e-01 2.2374e-04
2.3921e-01 2.2369e-04
2.3694e-01 2.2361e-04
2.3470e-01 2.2351e-04
2.3247e-01 2.2342e-04
2.3026e-01 2.2334e-04
2.2808e-01 2.2327e-04
2.2591e-01 2.2322e-04
2.2377e-01 2.2318e-04
2.2165e-01 2.2316e-04
2.1954e-01 2.2315e-04
2.1746e-01 2.2314e-04
2.1540e-01 2.2316e-04
2.1335e-01 2.2321e-04
2.1133e-01 2.2340e-04
2.0932e-01 2.2335e-04
2.0734e-01 2.2327e-04
2.0537e-01 2.2319e-04
2.0342e-01 2.2310e-04
2.0149e-01 2.2300e-04
1.9958e-01 2.2289e-04
1.9769e-01 2.2276e-04
1.9581e-01 2.2261e-04
1.9395e-01 2.2244e-04
1.9211e-01 2.2220e-04
1.9029e-01 2.2192e-04
1.8848e-01 2.2157e-04
1.8670e-01 2.2112e-04
1.8492e-01 2.2021e-04
1.8317e-01 2.1845e-04
1.8143e-01 2.1559e-04
1.7971e-01 2.1093e-04
1.7800e-01 2.0314e-04
1.7742e-01 1.9986e-04
1.7632e-01 1.9981e-04
1.7464e-01 1.9973e-04
1.7299e-01 1.9960e-04
1.7134e-01 1.9939e-04
1.6972e-01 1.9882e-04
1.6811e-01 1.9752e-04
1.6651e-01 1.9437e-04
1.6493e-01 1.8620e-04
1.6401e-01 1.7813e-04
1.6337e-01 1.7808e-04
1.6182e-01 1.7780e-04
1.6028e-01 1.7680e-04
1.5876e-01 1.7286e-04
1.5733e-01 1.5875e-04
1.5725e-01 1.5874e-04
1.5576e-01 1.5832e-04
1.5428e-01 1.5570e-04
1.5289e-01 1.4149e-04
1.5282e-01 1.4146e-04
1.5137e-01 1.4045e-04
1.4993e-01 1.2847e-04
1.4971e-01 1.2610e-04
1.4851e-01 1.2487e-04
1.4719e-01 1.1238e-04
1.4710e-01 1.1225e-04
1.4571e-01 1.0464e-04
1.4520e-01 1.0016e-04
1.4432e-01 9.6306e-05
1.4344e-01 8.9268e-05
1.4296e-01 8.4496e-05
1.4227e-01 7.9559e-05
1.4160e-01 7.0906e-05
1.4160e-01 7.0812e-05
1.4028e-01 6.3195e-05
1.4026e-01 6.0362e-05
1.3947e-01 5.6322e-05
1.3892e-01 5.0196e-05
1.3892e-01 4.4737e-05
1.3892e-01 4.4721e-05
1.3762e-01 3.9871e-05
1.3761e-01 3.5535e-05
1.3761e-01 3.1670e-05
1.3761e-01 3.1606e-05
1.3633e-01 2.8226e-05
1.3630e-01 2.5156e-05
1.3630e-01 2.2420e-05
1.3630e-01 1.9982e-05
1.3630e-01 1.7808e-05
1.3630e-01 1.6391e-05
1.3595e-01 1.5872e-05
1.3502e-01 1.4145e-05
1.3501e-01 1.2607e-05
1.3501e-01 1.1236e-05
1.3501e-01 1.0014e-05
1.3501e-01 8.9247e-06
1.3501e-01 7.9541e-06
1.3501e-01 7.0890e-06
1.3501e-01 6.3180e-06
1.3501e-01 5.6309e-06
1.3501e-01 5.0185e-06
1.3501e-01 4.4727e-06
1.3501e-01 3.9862e-06
1.3501e-01 3.5527e-06
1.3501e-01 3.1663e-06
1.3501e-01 2.8219e-06
1.3501e-01 2.5150e-06
1.3501e-01 2.2415e-06
1.3501e-01 1.9977e-06
1.3501e-01 1.7804e-06
1.3501e-01 1.5868e-06
1.3501e-01 1.4142e-06
1.3501e-01 1.2604e-06
1.3501e-01 1.1233e-06
1.3501e-01 1.0012e-06
1.3501e-01 8.9227e-07
1.3501e-01 7.9522e-07
1.3501e-01 7.0874e-07
1.3501e-01 6.3166e-07
1.3501e-01 5.6296e-07
1.3501e-01 5.0173e-07
1.3501e-01 4.4716e-07
1.3501e-01 3.9853e-07
1.3501e-01 3.5519e-07
1.3501e-01 3.5405e-07
1.3501e-01 3.5519e-07
1.3501e-01 3.9853e-07
1.3501e-01 4.4716e-07
1.3501e-01 5.0173e-07
1.3501e-01 5.6296e-07
1.3501e-01 6.3166e-07
1.3501e-01 7.0874e-07
1.3501e-01 7.9522e-07
1.3501e-01 8.9227e-07
1.3501e-01 1.0012e-06
1.3501e-01 1.1233e-06
1.3501e-01 1.2604e-06
1.3501e-01 1.4142e-06
1.3501e-01 1.5868e-06
1.3501e-01 1.7804e-06
1.3501e-01 1.9977e-06
1.3501e-01 2.2415e-06
1.3501e-01 2.5150e-06
1.3501e-01 2.8219e-06
1.3501e-01 3.1663e-06
1.3501e-01 3.5527e-06
1.3501e-01 3.9862e-06
1.3501e-01 4.4727e-06
1.3501e-01 5.0185e-06
1.3501e-01 5.6309e-06
1.3501e-01 6.3180e-06
1.3501e-01 7.0890e-06
1.3501e-01 7.9541e-06
1.3501e-01 8.9247e-06
1.3501e-01 1.0014e-05
1.3501e-01 1.1236e-05
1.3501e-01 1.2607e-05
1.3501e-01 1.4145e-05
1.3473e-01 1.5872e-05
1.3373e-01 1.7391e-05
1.3373e-01 1.7808e-05
1.3373e-01 1.9982e-05
1.3373e-01 2.2420e-05
1.3373e-01 2.5156e-05
1.3373e-01 2.8226e-05
1.3370e-01 3.1670e-05
1.3246e-01 3.5451e-05
1.3246e-01 3.5535e-05
1.3246e-01 3.9871e-05
1.3246e-01 4.4737e-05
1.3239e-01 5.0196e-05
1.3120e-01 5.6017e-05
1.3120e-01 5.6322e-05
1.3120e-01 6.3195e-05
1.3098e-01 7.0906e-05
1.2996e-01 7.8034e-05
1.2996e-01 7.9559e-05
1.2991e-01 8.9268e-05
1.2872e-01 9.9731e-05
1.2872e-01 1.0016e-04
1.2862e-01 1.1238e-04
1.2750e-01 1.2496e-04
1.2750e-01 1.2610e-04
1.2661e-01 1.4149e-04
1.2629e-01 1.4599e-04
1.2623e-01 1.5875e-04
1.2509e-01 1.7728e-04
1.2508e-01 1.7813e-04
1.2391e-01 1.9977e-04
1.2391e-01 1.9986e-04
1.2314e-01 2.2425e-04
1.2273e-01 2.3374e-04
1.2238e-01 2.5162e-04
1.2157e-01 2.7304e-04
1.2133e-01 2.8232e-04
1.2041e-01 3.0952e-04
1.2018e-01 3.1677e-04
1.1927e-01 3.4751e-04
1.1897e-01 3.5543e-04
1.1814e-01 3.8740e-04
1.1767e-01 3.9880e-04
1.1702e-01 4.2691e-04
1.1611e-01 4.4747e-04
1.1591e-01 4.5716e-04
1.1481e-01 5.0188e-04
1.1480e-01 5.0208e-04
1.1372e-01 5.6228e-04
1.1366e-01 5.6335e-04
1.1264e-01 6.2778e-04
1.1242e-01 6.3209e-04
1.1157e-01 6.9268e-04
1.1076e-01 7.0923e-04
1.1051e-01 7.2934e-04
1.0946e-01 7.9475e-04
1.0941e-01 7.9577e-04
1.0842e-01 8.8677e-04
1.0814e-01 8.9288e-04
1.0740e-01 9.7120e-04
1.0638e-01 1.0014e-03
1.0636e-01 1.0018e-03
1.0537e-01 1.1199e-03
1.0520e-01 1.1241e-03
1.0437e-01 1.2371e-03
1.0338e-01 1.2610e-03
1.0337e-01 1.2613e-03
1.0240e-01 1.4107e-03
1.0225e-01 1.4152e-03
1.0142e-01 1.5595e-03
1.0046e-01 1.5874e-03
1.0045e-01 1.5879e-03
9.9509e-02 1.7756e-03
9.9281e-02 1.7817e-03
9.8564e-02 1.9447e-03
9.7629e-02 1.9980e-03
9.7605e-02 1.9991e-03
9.6703e-02 2.2332e-03
9.6309e-02 2.2430e-03
9.5785e-02 2.3970e-03
9.4876e-02 2.5145e-03
9.4821e-02 2.5167e-03
9.3976e-02 2.8006e-03
9.3308e-02 2.8239e-03
9.3084e-02 2.9092e-03
9.2201e-02 3.1643e-03
9.2099e-02 3.1685e-03
9.1326e-02 3.5044e-03
9.0460e-02 3.5549e-03
9.0457e-02 3.5551e-03
8.9601e-02 3.9799e-03
8.9454e-02 3.9890e-03
8.8751e-02 4.3844e-03
8.7909e-02 4.4751e-03
8.7902e-02 4.4757e-03
8.7075e-02 5.0077e-03
8.6925e-02 5.0219e-03
8.6249e-02 5.5147e-03
8.5430e-02 5.6343e-03
8.5426e-02 5.6348e-03
8.4620e-02 6.3077e-03
8.4522e-02 6.3224e-03
8.3817e-02 6.9901e-03
8.3265e-02 7.0939e-03
8.3022e-02 7.3565e-03
8.2234e-02 7.9514e-03
8.2201e-02 7.9596e-03
8.1454e-02 8.8784e-03
8.1288e-02 8.9309e-03
8.0681e-02 9.7824e-03
8.0034e-02 1.0021e-02
7.9915e-02 1.0210e-02
7.9157e-02 1.1233e-02
7.9138e-02 1.1244e-02
7.8406e-02 1.2573e-02
7.8349e-02 1.2616e-02
7.7662e-02 1.4033e-02
7.7527e-02 1.4155e-02
7.6925e-02 1.5564e-02
7.6565e-02 1.5883e-02
7.6195e-02 1.6863e-02
7.5472e-02 1.7821e-02
7.5472e-02 1.7821e-02
7.4756e-02 1.9992e-02
7.4755e-02 1.9995e-02
7.4047e-02 2.2431e-02
7.4046e-02 2.2435e-02
7.3344e-02 2.5171e-02
7.3344e-02 2.5173e-02
7.2869e-02 2.8245e-02
7.2648e-02 2.9341e-02
7.2504e-02 3.1692e-02
7.1959e-02 3.4752e-02
7.1935e-02 3.5559e-02
7.1276e-02 3.9748e-02
7.1274e-02 3.9899e-02
7.0600e-02 4.4759e-02
7.0600e-02 4.4768e-02
7.0547e-02 5.0231e-02
6.9930e-02 5.5887e-02
6.9929e-02 5.6361e-02
6.9551e-02 6.3238e-02
6.9266e-02 6.6556e-02
6.9265e-02 7.0955e-02
6.8729e-02 7.9614e-02
6.8609e-02 8.1387e-02
6.8609e-02 8.9330e-02
6.8530e-02 1.0023e-01
1.0000e-02 2.4538e-05
1.0096e-02 2.4166e-05
1.0193e-02 2.3815e-05
1.0290e-02 2.3481e-05
1.0389e-02 2.3164e-05
1.0488e-02 2.2863e-05
1.0589e-02 2.2577e-05
1.0647e-02 2.2420e-05
1.0690e-02 2.2264e-05
1.0793e-02 2.1904e-05
1.0896e-02 2.1562e-05
1.1000e-02 2.1236e-05
1.1106e-02 2.0929e-05
1.1212e-02 2.0639e-05
1.1319e-02 2.0373e-05
1.1428e-02 2.0119e-05
1.1488e-02 1.9982e-05
1.1537e-02 1.9832e-05
1.1648e-02 1.9505e-05
1.1759e-02 1.9198e-05
1.1872e-02 1.8909e-05
1.1986e-02 1.8628e-05
1.2101e-02 1.8362e-05
1.2217e-02 1.8108e-05
1.2334e-02 1.7868e-05
1.2364e-02 1.7808e-05
1.2452e-02 1.7574e-05
1.2571e-02 1.7275e-05
1.2691e-02 1.6994e-05
1.2813e-02 1.6726e-05
1.2936e-02 1.6473e-05
1.3060e-02 1.6234e-05
1.3185e-02 1.6010e-05
1.3266e-02 1.5872e-05
1.3311e-02 1.5769e-05
1.3439e-02 1.5496e-05
1.3567e-02 1.5237e-05
1.3697e-02 1.4992e-05
1.3829e-02 1.4762e-05
1.3961e-02 1.4544e-05
1.4095e-02 1.4338e-05
1.4222e-02 1.4145e-05
1.4230e-02 1.4129e-05
1.4366e-02 1.3859e-05
1.4504e-02 1.3605e-05
1.4643e-02 1.3367e-05
1.4783e-02 1.3143e-05
1.4925e-02 1.2934e-05
1.5068e-02 1.2749e-05
1.5184e-02 1.2607e-05
1.5212e-02 1.2561e-05
1.5358e-02 1.2329e-05
1.5505e-02 1.2111e-05
1.5653e-02 1.1906e-05
1.5803e-02 1.1713e-05
1.5955e-02 1.1530e-05
1.6107e-02 1.1358e-05
1.6223e-02 1.1236e-05
1.6262e-02 1.1181e-05
1.6417e-02 1.0967e-05
1.6575e-02 1.0767e-05
1.6734e-02 1.0578e-05
1.6894e-02 1.0393e-05
1.7056e-02 1.0220e-05
1.7219e-02 1.0059e-05
1.7266e-02 1.0014e-05
1.7384e-02 9.8631e-06
1.7550e-02 9.6632e-06
1.7719e-02 9.4784e-06
1.7888e-02 9.3132e-06
1.8060e-02 9.1591e-06
1.8233e-02 9.0148e-06
1.8346e-02 8.9247e-06
1.8407e-02 8.8604e-06
1.8584e-02 8.6806e-06
1.8762e-02 8.5136e-06
1.8941e-02 8.3598e-06
1.9123e-02 8.2167e-06
1.9306e-02 8.0834e-06
1.9491e-02 7.9593e-06
1.9499e-02 7.9541e-06
1.9678e-02 7.7967e-06
1.9866e-02 7.6426e-06
2.0057e-02 7.4995e-06
2.0249e-02 7.3664e-06
2.0443e-02 7.2425e-06
2.0638e-02 7.1271e-06
2.0705e-02 7.0890e-06
2.0836e-02 6.9909e-06
2.1036e-02 6.8496e-06
2.1237e-02 6.7191e-06
2.1441e-02 6.5976e-06
2.1646e-02 6.4843e-06
2.1853e-02 6.3789e-06
2.1980e-02 6.3180e-06
2.2063e-02 6.2657e-06
2.2274e-02 6.1355e-06
2.2488e-02 6.0079e-06
2.2703e-02 5.8900e-06
2.2920e-02 5.7810e-06
2.3140e-02 5.6802e-06
2.3253e-02 5.6309e-06
2.3362e-02 5.5690e-06
2.3585e-02 5.4483e-06
2.3811e-02 5.3410e-06
2.4040e-02 5.2414e-06
2.4270e-02 5.1488e-06
2.4502e-02 5.0626e-06
2.4627e-02 5.0185e-06
2.4737e-02 4.9678e-06
2.4974e-02 4.8650e-06
2.5213e-02 4.7726e-06
2.5455e-02 4.6865e-06
2.5699e-02 4.6061e-06
2.5945e-02 4.5311e-06
2.6150e-02 4.4727e-06
2.6193e-02 4.4565e-06
2.6444e-02 4.3632e-06
2.6698e-02 4.2705e-06
2.6953e-02 4.1848e-06
2.7211e-02 4.1054e-06
2.7472e-02 4.0320e-06
2.7645e-02 3.9862e-06
2.7735e-02 3.9551e-06
2.8001e-02 3.8689e-06
2.8269e-02 3.7951e-06
2.8540e-02 3.7267e-06
2.8813e-02 3.6633e-06
2.9089e-02 3.6045e-06
2.9353e-02 3.5527e-06
2.9368e-02 3.5489e-06
2.9649e-02 3.4764e-06
2.9933e-02 3.4079e-06
3.0220e-02 3.3445e-06
3.0510e-02 3.2857e-06
3.0802e-02 3.2314e-06
3.1097e-02 3.1810e-06
3.1184e-02 3.1663e-06
3.1395e-02 3.1191e-06
3.1696e-02 3.0519e-06
3.1999e-02 2.9898e-06
3.2306e-02 2.9325e-06
3.2615e-02 2.8797e-06
3.2928e-02 2.8311e-06
3.2991e-02 2.8219e-06
3.3243e-02 2.7733e-06
3.3562e-02 2.7205e-06
3.3883e-02 2.6713e-06
3.4208e-02 2.6256e-06
3.4535e-02 2.5831e-06
3.4866e-02 2.5435e-06
3.5121e-02 2.5150e-06
3.5200e-02 2.5034e-06
3.5537e-02 2.4554e-06
3.5878e-02 2.4106e-06
3.6222e-02 2.3690e-06
3.6569e-02 2.3304e-06
3.6919e-02 2.2945e-06
3.7273e-02 2.2599e-06
3.7457e-02 2.2415e-06
3.7630e-02 2.2185e-06
3.7990e-02 2.1731e-06
3.8354e-02 2.1314e-06
3.8721e-02 2.0930e-06
3.9092e-02 2.0578e-06
3.9467e-02 2.0264e-06
3.9845e-02 1.9991e-06
3.9865e-02 1.9977e-06
4.0227e-02 1.9635e-06
4.0612e-02 1.9297e-06
4.1001e-02 1.8983e-06
4.1394e-02 1.8690e-06
4.1790e-02 1.8406e-06
4.2191e-02 1.8120e-06
4.2595e-02 1.7856e-06
4.2677e-02 1.7804e-06
4.3003e-02 1.7532e-06
4.3415e-02 1.7214e-06
4.3831e-02 1.6920e-06
4.4250e-02 1.6664e-06
4.4674e-02 1.6454e-06
4.5102e-02 1.6260e-06
4.5534e-02 1.6080e-06
4.5971e-02 1.5913e-06
4.6093e-02 1.5868e-06
4.6411e-02 1.5710e-06
4.6856e-02 1.5491e-06
4.7304e-02 1.5267e-06
4.7758e-02 1.5059e-06
4.8215e-02 1.4868e-06
4.8677e-02 1.4691e-06
4.9143e-02 1.4528e-06
4.9614e-02 1.4389e-06
5.0089e-02 1.4274e-06
5.0569e-02 1.4170e-06
5.0708e-02 1.4142e-06
5.1053e-02 1.4049e-06
5.1543e-02 1.3930e-06
5.2036e-02 1.3826e-06
5.2535e-02 1.3732e-06
5.3038e-02 1.3645e-06
5.3546e-02 1.3574e-06
5.4059e-02 1.3518e-06
5.4577e-02 1.3479e-06
5.5100e-02 1.3458e-06
5.5628e-02 1.3455e-06
5.6160e-02 1.3472e-06
5.6698e-02 1.3516e-06
5.7242e-02 1.3591e-06
5.7790e-02 1.3704e-06
5.8343e-02 1.3863e-06
5.8902e-02 1.4088e-06
5.9004e-02 1.4142e-06
5.9467e-02 1.4329e-06
6.0036e-02 1.4638e-06
6.0611e-02 1.5065e-06
6.1192e-02 1.5680e-06
6.1331e-02 1.5868e-06
6.1778e-02 1.6386e-06
6.2370e-02 1.7406e-06
6.2542e-02 1.7804e-06
6.2967e-02 1.8754e-06
6.3333e-02 1.9977e-06
6.3571e-02 2.0838e-06
6.3887e-02 2.2415e-06
6.4180e-02 2.4329e-06
6.4286e-02 2.5150e-06
6.4599e-02 2.8219e-06
6.4794e-02 3.1552e-06
6.4803e-02 3.1663e-06
6.5080e-02 3.5527e-06
6.5253e-02 3.9862e-06
6.5363e-02 4.4727e-06
6.5415e-02 4.8293e-06
6.5484e-02 4.4727e-06
6.5628e-02 3.9862e-06
6.5858e-02 3.5527e-06
6.6042e-02 3.3137e-06
6.6084e-02 3.1663e-06
6.6219e-02 2.8219e-06
6.6432e-02 2.5150e-06
6.6674e-02 2.2968e-06
6.6721e-02 2.2415e-06
6.6985e-02 1.9977e-06
6.7313e-02 1.8119e-06
6.7365e-02 1.7804e-06
6.7756e-02 1.5868e-06
6.7958e-02 1.5122e-06
6.8231e-02 1.4142e-06
6.8609e-02 1.3070e-06
6.8789e-02 1.2604e-06
6.9266e-02 1.1542e-06
6.9423e-02 1.1233e-06
6.9930e-02 1.0330e-06
7.0137e-02 1.0012e-06
7.0600e-02 9.3374e-07
7.0936e-02 8.9227e-07
7.1276e-02 8.5138e-07
7.1838e-02 7.9522e-07
7.1959e-02 7.8307e-07
7.2648e-02 7.2143e-07
7.2813e-02 7.0874e-07
7.3344e-02 6.6633e-07
7.3881e-02 6.3166e-07
7.4047e-02 6.2040e-07
7.4756e-02 5.7709e-07
7.5029e-02 5.6296e-07
7.5472e-02 5.3828e-07
7.6195e-02 5.0527e-07
7.6279e-02 5.0173e-07
7.6925e-02 4.7184e-07
7.7602e-02 4.4716e-07
7.7662e-02 4.4478e-07
7.8406e-02 4.1639e-07
7.8991e-02 3.9853e-07
7.9157e-02 3.9292e-07
7.9915e-02 3.6905e-07
8.0452e-02 3.5519e-07
8.0681e-02 3.4859e-07
8.1454e-02 3.2814e-07
8.1980e-02 3.1656e-07
8.2234e-02 3.1029e-07
8.3022e-02 2.9276e-07
8.3607e-02 2.8213e-07
8.3817e-02 2.7781e-07
8.4620e-02 2.6237e-07
8.5317e-02 2.5144e-07
8.5430e-02 2.4943e-07
8.6249e-02 2.3544e-07
8.7075e-02 2.2419e-07
8.7081e-02 2.2410e-07
8.7909e-02 2.1100e-07
8.8751e-02 2.0012e-07
8.8783e-02 1.9972e-07
8.9601e-02 1.8810e-07
9.0460e-02 1.7839e-07
9.0496e-02 1.7800e-07
9.1326e-02 1.6766e-07
9.2201e-02 1.5898e-07
9.2236e-02 1.5864e-07
9.3084e-02 1.4950e-07
9.3976e-02 1.4190e-07
9.4036e-02 1.4139e-07
9.4876e-02 1.3349e-07
9.5785e-02 1.2658e-07
9.5861e-02 1.2601e-07
9.6703e-02 1.1900e-07
9.7629e-02 1.1275e-07
9.7695e-02 1.1231e-07
9.8564e-02 1.0592e-07
9.9509e-02 1.0032e-07
9.9548e-02 1.0009e-07
1.0046e-01 9.4132e-08
1.0139e-01 8.9206e-08
1.0142e-01 8.9042e-08
1.0240e-01 8.3404e-08
1.0322e-01 7.9504e-08
1.0338e-01 7.8659e-08
1.0437e-01 7.3643e-08
1.0502e-01 7.0857e-08
1.0537e-01 6.9201e-08
1.0638e-01 6.4789e-08
1.0680e-01 6.3151e-08
1.0740e-01 6.0592e-08
1.0842e-01 5.6766e-08
1.0855e-01 5.6283e-08
1.0946e-01 5.2774e-08
1.1025e-01 5.0161e-08
1.1051e-01 4.9259e-08
1.1157e-01 4.5716e-08
1.1190e-01 4.4706e-08
1.1264e-01 4.2307e-08
1.1351e-01 3.9844e-08
1.1372e-01 3.9215e-08
1.1481e-01 3.6119e-08
1.1503e-01 3.5510e-08
1.1591e-01 3.3110e-08
1.1648e-01 3.1648e-08
1.1702e-01 3.0285e-08
1.1788e-01 2.8206e-08
1.1814e-01 2.7605e-08
1.1923e-01 2.5139e-08
1.1927e-01 2.5052e-08
1.2041e-01 2.2537e-08
1.2047e-01 2.2404e-08
1.2157e-01 2.0141e-08
1.2165e-01 1.9968e-08
1.2273e-01 1.7875e-08
1.2277e-01 1.7796e-08
1.2381e-01 1.5861e-08
1.2391e-01 1.5695e-08
1.2473e-01 1.4136e-08
1.2509e-01 1.3584e-08
1.2560e-01 1.2598e-08
1.2629e-01 1.1608e-08
1.2648e-01 1.1228e-08
1.2727e-01 1.0007e-08
1.2750e-01 9.7276e-09
1.2792e-01 8.9186e-09
1.2872e-01 7.9486e-09
1.2872e-01 7.9440e-09
1.2915e-01 7.0841e-09
1.2983e-01 6.3136e-09
1.2996e-01 6.1904e-09
1.3020e-01 5.6270e-09
1.3063e-01 5.0150e-09
1.3120e-01 4.5292e-09
1.3122e-01 4.4696e-09
1.3139e-01 3.9835e-09
1.3165e-01 3.5502e-09
1.3208e-01 3.1641e-09
1.3246e-01 2.9317e-09
1.3247e-01 2.8200e-09
1.3252e-01 2.5133e-09
1.3261e-01 2.2399e-09
1.3273e-01 1.9963e-09
1.3294e-01 1.7792e-09
1.3326e-01 1.5857e-09
1.3373e-01 1.4215e-09
1.3373e-01 1.4132e-09
1.3373e-01 1.2595e-09
1.3373e-01 1.1225e-09
1.3373e-01 1.0005e-09
1.3373e-01 8.9165e-10
1.3373e-01 7.9468e-10
1.3373e-01 7.0825e-10
1.3373e-01 6.3122e-10
1.3373e-01 5.6257e-10
1.3373e-01 5.0138e-10
1.3373e-01 4.4685e-10
1.3373e-01 3.9825e-10
1.3373e-01 3.5494e-10
1.3373e-01 3.1634e-10
1.3373e-01 2.8193e-10
1.3373e-01 2.5127e-10
1.3373e-01 2.2394e-10
1.3373e-01 1.9959e-10
1.3373e-01 1.7788e-10
1.3373e-01 1.5853e-10
1.3373e-01 1.4129e-10
1.3373e-01 1.2592e-10
1.3374e-01 1.1223e-10
1.3374e-01 1.0002e-10
1.3375e-01 8.9145e-11
1.3376e-01 7.9449e-11
1.3377e-01 7.0808e-11
1.3379e-01 6.3107e-11
1.3383e-01 5.6244e-11
1.3389e-01 5.0127e-11
1.3398e-01 4.4675e-11
1.3413e-01 3.9816e-11
1.3437e-01 3.5486e-11
1.3474e-01 3.1626e-11
1.3501e-01 2.9691e-11
1.3528e-01 3.1626e-11
1.3565e-01 3.5486e-11
1.3589e-01 3.9816e-11
1.3604e-01 4.4675e-11
1.3614e-01 5.0127e-11
1.3620e-01 5.6244e-11
1.3624e-01 6.3107e-11
1.3626e-01 7.0808e-11
1.3627e-01 7.9449e-11
1.3628e-01 8.9145e-11
1.3629e-01 1.0002e-10
1.3629e-01 1.1223e-10
1.3630e-01 1.2592e-10
1.3630e-01 1.4129e-10
1.3630e-01 1.5853e-10
1.3630e-01 1.7788e-10
1.3630e-01 1.9959e-10
1.3630e-01 2.2394e-10
1.3630e-01 2.5127e-10
1.3630e-01 2.8193e-10
1.3630e-01 3.1634e-10
1.3630e-01 3.5494e-10
1.3630e-01 3.9825e-10
1.3630e-01 4.4685e-10
1.3630e-01 5.0138e-10
1.3630e-01 5.6257e-10
1.3630e-01 6.3122e-10
1.3630e-01 7.0825e-10
1.3630e-01 7.9468e-10
1.3630e-01 8.9165e-10
1.3630e-01 1.0005e-09
1.3630e-01 1.1225e-09
1.3630e-01 1.2595e-09
1.3630e-01 1.4132e-09
1.3630e-01 1.4159e-09
1.3681e-01 1.5857e-09
1.3715e-01 1.7792e-09
1.3735e-01 1.9963e-09
1.3749e-01 2.2399e-09
1.3757e-01 2.5133e-09
1.3761e-01 2.7293e-09
1.3779e-01 2.8200e-09
1.3834e-01 3.1641e-09
1.3869e-01 3.5502e-09
1.3891e-01 3.9835e-09
1.3892e-01 4.0029e-09
1.3965e-01 4.4696e-09
1.4014e-01 5.0150e-09
1.4026e-01 5.1979e-09
1.4089e-01 5.6270e-09
1.4155e-01 6.3136e-09
1.4160e-01 6.3732e-09
1.4258e-01 7.0841e-09
1.4296e-01 7.4601e-09
1.4365e-01 7.9486e-09
1.4432e-01 8.5239e-09
1.4490e-01 8.9186e-09
1.4571e-01 9.5379e-09
1.4640e-01 1.0007e-08
1.4710e-01 1.0500e-08
1.4819e-01 1.1228e-08
1.4851e-01 1.1439e-08
1.4993e-01 1.2317e-08
1.5040e-01 1.2598e-08
1.5137e-01 1.3130e-08
1.5282e-01 1.3969e-08
1.5313e-01 1.4136e-08
1.5428e-01 1.4688e-08
1.5576e-01 1.5427e-08
1.5663e-01 1.5861e-08
1.5725e-01 1.6124e-08
1.5876e-01 1.6738e-08
1.6028e-01 1.7393e-08
1.6123e-01 1.7796e-08
1.6182e-01 1.8000e-08
1.6337e-01 1.8513e-08
1.6493e-01 1.9047e-08
1.6651e-01 1.9599e-08
1.6759e-01 1.9968e-08
1.6811e-01 2.0107e-08
1.6972e-01 2.0516e-08
1.7134e-01 2.0929e-08
1.7299e-01 2.1347e-08
1.7464e-01 2.1773e-08
1.7632e-01 2.2203e-08
1.7713e-01 2.2404e-08
1.7800e-01 2.2567e-08
1.7971e-01 2.2872e-08
1.8143e-01 2.3174e-08
1.8317e-01 2.3471e-08
1.8492e-01 2.3774e-08
1.8670e-01 2.4080e-08
1.8848e-01 2.4383e-08
1.9029e-01 2.4682e-08
1.9211e-01 2.4978e-08
1.9315e-01 2.5139e-08
1.9395e-01 2.5230e-08
1.9581e-01 2.5429e-08
1.9769e-01 2.5622e-08
1.9958e-01 2.5812e-08
2.0149e-01 2.5998e-08
2.0342e-01 2.6179e-08
2.0537e-01 2.6357e-08
2.0734e-01 2.6514e-08
2.0932e-01 2.6659e-08
2.1133e-01 2.6801e-08
2.1335e-01 2.6939e-08
2.1540e-01 2.7075e-08
2.1746e-01 2.7208e-08
2.1954e-01 2.7241e-08
2.2165e-01 2.7388e-08
2.2377e-01 2.7535e-08
2.2591e-01 2.7682e-08
2.2808e-01 2.7832e-08
2.3026e-01 2.7983e-08
2.3247e-01 2.8121e-08
2.3386e-01 2.8206e-08
2.3470e-01 2.8243e-08
2.3694e-01 2.8342e-08
2.3921e-01 2.8445e-08
2.4151e-01 2.8552e-08
2.4382e-01 2.8664e-08
2.4615e-01 2.8785e-08
2.4851e-01 2.8914e-08
2.5089e-01 2.9052e-08
2.5330e-01 2.9200e-08
2.5572e-01 2.9357e-08
2.5817e-01 2.9527e-08
2.6065e-01 2.9714e-08
2.6314e-01 2.9919e-08
2.6566e-01 3.0146e-08
2.6821e-01 3.0397e-08
2.7078e-01 3.0674e-08
2.7337e-01 3.0981e-08
2.7599e-01 3.1343e-08
2.7796e-01 3.1648e-08
2.7863e-01 3.1726e-08
2.8130e-01 3.2065e-08
2.8400e-01 3.2451e-08
2.8672e-01 3.2892e-08
2.8947e-01 3.3404e-08
2.9224e-01 3.3989e-08
2.9504e-01 3.4689e-08
2.9782e-01 3.5510e-08
2.9786e-01 3.5520e-08
3.0072e-01 3.6233e-08
3.0360e-01 3.7102e-08
3.0651e-01 3.8160e-08
3.0944e-01 3.9463e-08
3.1019e-01 3.9844e-08
3.1241e-01 4.0754e-08
3.1540e-01 4.2246e-08
3.1842e-01 4.4160e-08
3.1922e-01 4.4706e-08
3.2147e-01 4.6000e-08
3.2455e-01 4.7941e-08
3.2766e-01 5.0029e-08
3.2793e-01 5.0161e-08
3.3080e-01 5.1297e-08
3.3397e-01 5.1688e-08
3.3717e-01 5.0793e-08
3.3814e-01 5.0161e-08
3.4040e-01 4.8424e-08
3.4366e-01 4.5415e-08
3.4437e-01 4.4706e-08
3.4695e-01 4.2020e-08
3.4930e-01 3.9844e-08
3.5027e-01 3.8923e-08
3.5363e-01 3.6026e-08
3.5431e-01 3.5510e-08
3.5702e-01 3.3343e-08
3.5959e-01 3.1648e-08
3.6044e-01 3.1062e-08
3.6389e-01 2.8854e-08
3.6512e-01 2.8206e-08
3.6737e-01 2.6924e-08
3.7089e-01 2.5324e-08
3.7134e-01 2.5139e-08
3.7445e-01 2.3728e-08
3.7803e-01 2.2476e-08
3.7825e-01 2.2404e-08
3.8165e-01 2.1150e-08
3.8531e-01 2.0088e-08
3.8575e-01 1.9968e-08
3.8900e-01 1.8965e-08
3.9273e-01 1.8033e-08
3.9376e-01 1.7796e-08
3.9649e-01 1.7080e-08
4.0029e-01 1.6236e-08
4.0220e-01 1.5861e-08
4.0412e-01 1.5428e-08
4.0799e-01 1.4653e-08
4.1106e-01 1.4136e-08
4.1190e-01 1.3973e-08
4.1585e-01 1.3241e-08
4.1983e-01 1.2636e-08
4.2008e-01 1.2598e-08
4.2385e-01 1.1946e-08
4.2791e-01 1.1372e-08
4.2893e-01 1.1228e-08
4.3201e-01 1.0735e-08
4.3615e-01 1.0079e-08
4.3670e-01 1.0007e-08
4.4033e-01 9.4716e-09
4.4455e-01 8.9588e-09
4.4488e-01 8.9186e-09
4.4881e-01 8.3950e-09
4.5291e-01 7.9486e-09
4.5311e-01 7.9245e-09
4.5745e-01 7.4011e-09
4.6060e-01 7.0841e-09
4.6183e-01 6.9498e-09
4.6625e-01 6.4866e-09
4.6804e-01 6.3136e-09
4.7072e-01 6.0386e-09
4.7523e-01 5.6310e-09
4.7527e-01 5.6270e-09
4.7978e-01 5.1841e-09
4.8164e-01 5.0150e-09
4.8438e-01 4.7645e-09
4.8776e-01 4.4696e-09
4.8902e-01 4.3609e-09
4.9345e-01 3.9835e-09
4.9370e-01 3.9632e-09
4.9843e-01 3.5614e-09
4.9855e-01 3.5502e-09
5.0321e-01 3.1667e-09
5.0324e-01 3.1641e-09
5.0735e-01 2.8200e-09
5.0803e-01 2.7721e-09
5.1096e-01 2.5133e-09
5.1289e-01 2.3811e-09
5.1441e-01 2.2399e-09
5.1781e-01 2.0145e-09
5.1798e-01 1.9963e-09
5.2041e-01 1.7792e-09
5.2277e-01 1.6409e-09
5.2327e-01 1.5857e-09
5.2533e-01 1.4132e-09
5.2777e-01 1.2863e-09
5.2797e-01 1.2595e-09
5.2928e-01 1.1225e-09
5.3135e-01 1.0005e-09
5.3283e-01 9.3872e-10
5.3310e-01 8.9165e-10
5.3387e-01 7.9468e-10
5.3509e-01 7.0825e-10
5.3705e-01 6.3122e-10
5.3793e-01 6.0461e-10
5.3793e-01 5.6257e-10
5.3793e-01 5.0138e-10
5.3793e-01 4.4685e-10
5.3793e-01 3.9825e-10
5.3793e-01 3.5494e-10
5.3793e-01 3.1634e-10
5.3793e-01 2.8193e-10
5.3793e-01 2.5127e-10
5.3793e-01 2.2394e-10
5.3793e-01 1.9959e-10
5.3793e-01 1.7788e-10
5.3793e-01 1.5853e-10
5.3793e-01 1.4129e-10
5.3793e-01 1.2592e-10
5.3793e-01 1.1223e-10
5.3794e-01 1.0002e-10
5.3794e-01 8.9145e-11
5.3795e-01 7.9449e-11
5.3796e-01 7.0808e-11
5.3798e-01 6.3107e-11
5.3801e-01 5.6244e-11
5.3806e-01 5.0127e-11
5.3813e-01 4.4675e-11
5.3824e-01 3.9816e-11
5.3843e-01 3.5486e-11
5.3872e-01 3.1626e-11
5.3918e-01 2.8187e-11
5.3991e-01 2.5121e-11
5.4107e-01 2.2389e-11
5.4291e-01 1.9954e-11
5.4309e-01 1.9744e-11
5.4311e-01 1.7784e-11
5.4314e-01 1.5850e-11
5.4318e-01 1.4126e-11
5.4326e-01 1.2590e-11
5.4338e-01 1.1220e-11
5.4356e-01 1.0000e-11
6.1810e-02 1.0023e-01
6.1778e-02 9.7353e-02
6.1347e-02 8.9330e-02
6.1192e-02 8.5939e-02
6.0814e-02 7.9614e-02
6.0611e-02 7.8105e-02
6.0134e-02 7.0955e-02
6.0036e-02 7.0638e-02
5.9481e-02 6.3238e-02
5.9467e-02 6.3215e-02
5.8902e-02 6.2310e-02
5.8398e-02 5.6361e-02
5.8343e-02 5.6327e-02
5.7790e-02 5.5858e-02
5.7242e-02 5.1870e-02
5.7084e-02 5.0231e-02
5.6698e-02 5.0149e-02
5.6160e-02 4.9798e-02
5.5628e-02 4.8437e-02
5.5200e-02 4.4768e-02
5.5100e-02 4.4755e-02
5.4577e-02 4.4694e-02
5.4059e-02 4.4553e-02
5.3546e-02 4.4255e-02
5.3038e-02 4.3475e-02
5.2535e-02 4.1440e-02
5.2250e-02 3.9899e-02
5.2036e-02 3.9892e-02
5.1543e-02 3.9875e-02
5.1053e-02 3.9856e-02
5.0569e-02 3.9833e-02
5.0089e-02 3.9808e-02
4.9614e-02 3.9783e-02
4.9143e-02 3.9758e-02
4.8677e-02 3.9729e-02
4.8215e-02 3.9693e-02
4.7758e-02 3.9663e-02
4.7304e-02 3.9642e-02
4.6856e-02 3.9634e-02
4.6411e-02 3.9637e-02
4.5971e-02 3.9650e-02
4.5534e-02 3.9671e-02
4.5102e-02 3.9699e-02
4.4674e-02 3.9729e-02
4.4250e-02 3.9760e-02
4.3831e-02 3.9786e-02
4.3415e-02 3.9810e-02
4.3003e-02 3.9832e-02
4.2595e-02 3.9850e-02
4.2191e-02 3.9866e-02
4.1790e-02 3.9879e-02
4.1394e-02 3.9889e-02
4.1001e-02 3.9898e-02
4.0948e-02 3.9899e-02
4.0612e-02 4.1321e-02
4.0227e-02 4.2517e-02
3.9845e-02 4.3319e-02
3.9467e-02 4.3847e-02
3.9092e-02 4.4170e-02
3.8721e-02 4.4378e-02
3.8354e-02 4.4518e-02
3.7990e-02 4.4612e-02
3.7630e-02 4.4676e-02
3.7273e-02 4.4720e-02
3.6919e-02 4.4750e-02
3.6673e-02 4.4768e-02
3.6569e-02 4.5521e-02
3.6222e-02 4.7592e-02
3.5878e-02 4.8641e-02
3.5537e-02 4.9279e-02
3.5200e-02 4.9666e-02
3.4866e-02 4.9895e-02
3.4535e-02 5.0035e-02
3.4208e-02 5.0122e-02
3.3883e-02 5.0177e-02
3.3562e-02 5.0211e-02
3.3322e-02 5.0231e-02
3.3243e-02 5.0993e-02
3.2928e-02 5.3660e-02
3.2615e-02 5.5001e-02
3.2306e-02 5.5678e-02
3.1999e-02 5.6022e-02
3.1696e-02 5.6182e-02
3.1395e-02 5.6266e-02
3.1097e-02 5.6318e-02
3.0802e-02 5.6351e-02
3.0711e-02 5.6361e-02
3.0510e-02 5.8796e-02
3.0220e-02 6.1078e-02
2.9933e-02 6.2191e-02
2.9649e-02 6.2736e-02
2.9368e-02 6.2998e-02
2.9089e-02 6.3130e-02
2.8813e-02 6.3198e-02
2.8540e-02 6.3234e-02
2.8513e-02 6.3238e-02
2.8269e-02 6.6782e-02
2.8001e-02 6.8901e-02
2.7735e-02 6.9903e-02
2.7472e-02 7.0422e-02
2.7211e-02 7.0701e-02
2.6953e-02 7.0846e-02
2.6698e-02 7.0921e-02
2.6509e-02 7.0955e-02
2.6444e-02 7.2034e-02
2.6193e-02 7.5798e-02
2.5945e-02 7.7708e-02
2.5699e-02 7.8669e-02
2.5455e-02 7.9157e-02
2.5213e-02 7.9408e-02
2.4974e-02 7.9541e-02
2.4752e-02 7.9614e-02
2.4737e-02 7.9977e-02
2.4502e-02 8.5030e-02
2.4270e-02 8.7217e-02
2.4040e-02 8.8288e-02
2.3811e-02 8.8822e-02
2.3585e-02 8.9094e-02
2.3362e-02 8.9236e-02
2.3140e-02 8.9320e-02
2.3118e-02 8.9330e-02
2.2920e-02 9.5043e-02
2.2703e-02 9.8055e-02
2.2488e-02 9.9309e-02
2.2274e-02 9.9761e-02
2.2063e-02 1.0000e-01
2.1853e-02 1.0014e-01
2.1646e-02 1.0022e-01
2.1622e-02 1.0023e-01
