-2.3 -2.9 0
-2.3 -2.815 0.00569431
-2.3 -2.73 0.0018981
-2.3 -2.645 0.00949052
-2.3 -2.56 0.00759241
-2.3 -2.475 0.0303697
-2.3 -2.39 0.0474526
-2.3 -2.305 0.111988
-2.3 -2.22 0
-2.3 -2.135 0
-2.3 -2.05 0
-2.3 -1.965 0
-2.3 -1.88 0
-2.3 -1.795 0
-2.3 -1.71 0
-2.3 -1.625 0
-2.3 -1.54 0
-2.3 -1.455 0
-2.3 -1.37 0
-2.3 -1.285 0
-2.3 -1.2 0
-2.3 -1.115 0
-2.3 -1.03 0
-2.3 -0.945 0
-2.3 -0.86 0
-2.3 -0.775 0
-2.3 -0.69 0
-2.3 -0.605 0
-2.3 -0.52 0
-2.3 -0.435 0
-2.3 -0.35 0
-2.3 -0.265 0
-2.3 -0.18 0
-2.3 -0.095 0
-2.3 -0.01 0
-2.3 0.075 0
-2.3 0.16 0
-2.3 0.245 0
-2.3 0.33 0
-2.3 0.415 0
-2.3 0.5 0
-2.23875 -2.9 0
-2.23875 -2.815 0
-2.23875 -2.73 0.00379621
-2.23875 -2.645 0.00569431
-2.23875 -2.56 0.0113886
-2.23875 -2.475 0.0227772
-2.23875 -2.39 0.0265734
-2.23875 -2.305 0.100599
-2.23875 -2.22 0.0835165
-2.23875 -2.135 0
-2.23875 -2.05 0
-2.23875 -1.965 0
-2.23875 -1.88 0
-2.23875 -1.795 0
-2.23875 -1.71 0
-2.23875 -1.625 0
-2.23875 -1.54 0
-2.23875 -1.455 0
-2.23875 -1.37 0
-2.23875 -1.285 0
-2.23875 -1.2 0
-2.23875 -1.115 0
-2.23875 -1.03 0
-2.23875 -0.945 0
-2.23875 -0.86 0
-2.23875 -0.775 0
-2.23875 -0.69 0
-2.23875 -0.605 0
-2.23875 -0.52 0
-2.23875 -0.435 0
-2.23875 -0.35 0
-2.23875 -0.265 0
-2.23875 -0.18 0
-2.23875 -0.095 0
-2.23875 -0.01 0
-2.23875 0.075 0
-2.23875 0.16 0
-2.23875 0.245 0
-2.23875 0.33 0
-2.23875 0.415 0
-2.23875 0.5 0
-2.1775 -2.9 0
-2.1775 -2.815 0.0018981
-2.1775 -2.73 0.0018981
-2.1775 -2.645 0
-2.1775 -2.56 0.00949052
-2.1775 -2.475 0.018981
-2.1775 -2.39 0.0208791
-2.1775 -2.305 0.074026
-2.1775 -2.22 0.12793
-2.1775 -2.135 0.0292283
-2.1775 -2.05 0
-2.1775 -1.965 0
-2.1775 -1.88 0
-2.1775 -1.795 0
-2.1775 -1.71 0
-2.1775 -1.625 0
-2.1775 -1.54 0
-2.1775 -1.455 0
-2.1775 -1.37 0
-2.1775 -1.285 0
-2.1775 -1.2 0
-2.1775 -1.115 0
-2.1775 -1.03 0
-2.1775 -0.945 0
-2.1775 -0.86 0
-2.1775 -0.775 0
-2.1775 -0.69 0
-2.1775 -0.605 0
-2.1775 -0.52 0
-2.1775 -0.435 0
-2.1775 -0.35 0
-2.1775 -0.265 0
-2.1775 -0.18 0
-2.1775 -0.095 0
-2.1775 -0.01 0
-2.1775 0.075 0
-2.1775 0.16 0
-2.1775 0.245 0
-2.1775 0.33 0
-2.1775 0.415 0
-2.1775 0.5 0
-2.11625 -2.9 0
-2.11625 -2.815 0
-2.11625 -2.73 0.00759241
-2.11625 -2.645 0.00759241
-2.11625 -2.56 0.00759241
-2.11625 -2.475 0.018981
-2.11625 -2.39 0.0303697
-2.11625 -2.305 0.036064
-2.11625 -2.22 0.0816184
-2.11625 -2.135 0.219795
-2.11625 -2.05 0.00379621
-2.11625 -1.965 0
-2.11625 -1.88 0
-2.11625 -1.795 0
-2.11625 -1.71 0
-2.11625 -1.625 0
-2.11625 -1.54 0
-2.11625 -1.455 0
-2.11625 -1.37 0
-2.11625 -1.285 0
-2.11625 -1.2 0
-2.11625 -1.115 0
-2.11625 -1.03 0
-2.11625 -0.945 0
-2.11625 -0.86 0
-2.11625 -0.775 0
-2.11625 -0.69 0
-2.11625 -0.605 0
-2.11625 -0.52 0
-2.11625 -0.435 0
-2.11625 -0.35 0
-2.11625 -0.265 0
-2.11625 -0.18 0
-2.11625 -0.095 0
-2.11625 -0.01 0
-2.11625 0.075 0
-2.11625 0.16 0
-2.11625 0.245 0
-2.11625 0.33 0
-2.11625 0.415 0
-2.11625 0.5 0
-2.055 -2.9 0.0018981
-2.055 -2.815 0
-2.055 -2.73 0.0018981
-2.055 -2.645 0.00379621
-2.055 -2.56 0.00949052
-2.055 -2.475 0.00569431
-2.055 -2.39 0.0227772
-2.055 -2.305 0.055045
-2.055 -2.22 0.0626374
-2.055 -2.135 0.139318
-2.055 -2.05 0.201956
-2.055 -1.965 0
-2.055 -1.88 0
-2.055 -1.795 0
-2.055 -1.71 0
-2.055 -1.625 0
-2.055 -1.54 0
-2.055 -1.455 0
-2.055 -1.37 0
-2.055 -1.285 0
-2.055 -1.2 0
-2.055 -1.115 0
-2.055 -1.03 0
-2.055 -0.945 0
-2.055 -0.86 0
-2.055 -0.775 0
-2.055 -0.69 0
-2.055 -0.605 0
-2.055 -0.52 0
-2.055 -0.435 0
-2.055 -0.35 0
-2.055 -0.265 0
-2.055 -0.18 0
-2.055 -0.095 0
-2.055 -0.01 0
-2.055 0.075 0
-2.055 0.16 0
-2.055 0.245 0
-2.055 0.33 0
-2.055 0.415 0
-2.055 0.5 0
-1.99375 -2.9 0
-1.99375 -2.815 0
-1.99375 -2.73 0.0018981
-1.99375 -2.645 0.00569431
-1.99375 -2.56 0.00645109
-1.99375 -2.475 0.00759241
-1.99375 -2.39 0.0265734
-1.99375 -2.305 0.0265734
-1.99375 -2.22 0.0531469
-1.99375 -2.135 0.091109
-1.99375 -2.05 0.272942
-1.99375 -1.965 0.159441
-1.99375 -1.88 0
-1.99375 -1.795 0
-1.99375 -1.71 0
-1.99375 -1.625 0
-1.99375 -1.54 0
-1.99375 -1.455 0
-1.99375 -1.37 0
-1.99375 -1.285 0
-1.99375 -1.2 0
-1.99375 -1.115 0
-1.99375 -1.03 0
-1.99375 -0.945 0
-1.99375 -0.86 0
-1.99375 -0.775 0
-1.99375 -0.69 0
-1.99375 -0.605 0
-1.99375 -0.52 0
-1.99375 -0.435 0
-1.99375 -0.35 0
-1.99375 -0.265 0
-1.99375 -0.18 0
-1.99375 -0.095 0
-1.99375 -0.01 0
-1.99375 0.075 0
-1.99375 0.16 0
-1.99375 0.245 0
-1.99375 0.33 0
-1.99375 0.415 0
-1.99375 0.5 0
-1.9325 -2.9 0
-1.9325 -2.815 0.000756783
-1.9325 -2.73 0
-1.9325 -2.645 0.0018981
-1.9325 -2.56 0.00379621
-1.9325 -2.475 0.00759241
-1.9325 -2.39 0.0227772
-1.9325 -2.305 0.0322678
-1.9325 -2.22 0.0531469
-1.9325 -2.135 0.108192
-1.9325 -2.05 0.168931
-1.9325 -1.965 0.422136
-1.9325 -1.88 0.0721279
-1.9325 -1.795 0
-1.9325 -1.71 0
-1.9325 -1.625 0
-1.9325 -1.54 0
-1.9325 -1.455 0
-1.9325 -1.37 0
-1.9325 -1.285 0
-1.9325 -1.2 0
-1.9325 -1.115 0
-1.9325 -1.03 0
-1.9325 -0.945 0
-1.9325 -0.86 0
-1.9325 -0.775 0
-1.9325 -0.69 0
-1.9325 -0.605 0
-1.9325 -0.52 0
-1.9325 -0.435 0
-1.9325 -0.35 0
-1.9325 -0.265 0
-1.9325 -0.18 0
-1.9325 -0.095 0
-1.9325 -0.01 0
-1.9325 0.075 0
-1.9325 0.16 0
-1.9325 0.245 0
-1.9325 0.33 0
-1.9325 0.415 0
-1.9325 0.5 0
-1.87125 -2.9 0.0018981
-1.87125 -2.815 0.0018981
-1.87125 -2.73 0
-1.87125 -2.645 0.00569431
-1.87125 -2.56 0.00759241
-1.87125 -2.475 0.00759241
-1.87125 -2.39 0.0132867
-1.87125 -2.305 0.0284715
-1.87125 -2.22 0.0341659
-1.87125 -2.135 0.0854146
-1.87125 -2.05 0.174241
-1.87125 -1.965 0.313944
-1.87125 -1.88 0.514758
-1.87125 -1.795 0
-1.87125 -1.71 0
-1.87125 -1.625 0
-1.87125 -1.54 0
-1.87125 -1.455 0
-1.87125 -1.37 0
-1.87125 -1.285 0
-1.87125 -1.2 0
-1.87125 -1.115 0
-1.87125 -1.03 0
-1.87125 -0.945 0
-1.87125 -0.86 0
-1.87125 -0.775 0
-1.87125 -0.69 0
-1.87125 -0.605 0
-1.87125 -0.52 0
-1.87125 -0.435 0
-1.87125 -0.35 0
-1.87125 -0.265 0
-1.87125 -0.18 0
-1.87125 -0.095 0
-1.87125 -0.01 0
-1.87125 0.075 0
-1.87125 0.16 0
-1.87125 0.245 0
-1.87125 0.33 0
-1.87125 0.415 0
-1.87125 0.5 0
-1.81 -2.9 0
-1.81 -2.815 0
-1.81 -2.73 0
-1.81 -2.645 0.0018981
-1.81 -2.56 0.0018981
-1.81 -2.475 0.0113886
-1.81 -2.39 0.0121454
-1.81 -2.305 0.0227772
-1.81 -2.22 0.0398602
-1.81 -2.135 0.0873127
-1.81 -2.05 0.136663
-1.81 -1.965 0.197018
-1.81 -1.88 0.421367
-1.81 -1.795 0.428587
-1.81 -1.71 0
-1.81 -1.625 0
-1.81 -1.54 0
-1.81 -1.455 0
-1.81 -1.37 0
-1.81 -1.285 0
-1.81 -1.2 0
-1.81 -1.115 0
-1.81 -1.03 0
-1.81 -0.945 0
-1.81 -0.86 0
-1.81 -0.775 0
-1.81 -0.69 0
-1.81 -0.605 0
-1.81 -0.52 0
-1.81 -0.435 0
-1.81 -0.35 0
-1.81 -0.265 0
-1.81 -0.18 0
-1.81 -0.095 0
-1.81 -0.01 0
-1.81 0.075 0
-1.81 0.16 0
-1.81 0.245 0
-1.81 0.33 0
-1.81 0.415 0
-1.81 0.5 0
-1.74875 -2.9 0
-1.74875 -2.815 0.0018981
-1.74875 -2.73 0
-1.74875 -2.645 0.0018981
-1.74875 -2.56 0.0018981
-1.74875 -2.475 0.00949052
-1.74875 -2.39 0.0208791
-1.74875 -2.305 0.0303697
-1.74875 -2.22 0.0341659
-1.74875 -2.135 0.0645355
-1.74875 -2.05 0.115784
-1.74875 -1.965 0.160954
-1.74875 -1.88 0.311661
-1.74875 -1.795 0.661284
-1.74875 -1.71 0.222495
-1.74875 -1.625 0
-1.74875 -1.54 0
-1.74875 -1.455 0
-1.74875 -1.37 0
-1.74875 -1.285 0
-1.74875 -1.2 0
-1.74875 -1.115 0
-1.74875 -1.03 0
-1.74875 -0.945 0
-1.74875 -0.86 0
-1.74875 -0.775 0
-1.74875 -0.69 0
-1.74875 -0.605 0
-1.74875 -0.52 0
-1.74875 -0.435 0
-1.74875 -0.35 0
-1.74875 -0.265 0
-1.74875 -0.18 0
-1.74875 -0.095 0
-1.74875 -0.01 0
-1.74875 0.075 0
-1.74875 0.16 0
-1.74875 0.245 0
-1.74875 0.33 0
-1.74875 0.415 0
-1.74875 0.5 0
-1.6875 -2.9 0
-1.6875 -2.815 0.0018981
-1.6875 -2.73 0.00379621
-1.6875 -2.645 0
-1.6875 -2.56 0
-1.6875 -2.475 0.0132867
-1.6875 -2.39 0.00379621
-1.6875 -2.305 0.0246753
-1.6875 -2.22 0.0379621
-1.6875 -2.135 0.078579
-1.6875 -2.05 0.142358
-1.6875 -1.965 0.193607
-1.6875 -1.88 0.236878
-1.6875 -1.795 0.438077
-1.6875 -1.71 0.941479
-1.6875 -1.625 0.0493507
-1.6875 -1.54 0
-1.6875 -1.455 0
-1.6875 -1.37 0
-1.6875 -1.285 0
-1.6875 -1.2 0
-1.6875 -1.115 0
-1.6875 -1.03 0
-1.6875 -0.945 0
-1.6875 -0.86 0
-1.6875 -0.775 0
-1.6875 -0.69 0
-1.6875 -0.605 0
-1.6875 -0.52 0
-1.6875 -0.435 0
-1.6875 -0.35 0
-1.6875 -0.265 0
-1.6875 -0.18 0
-1.6875 -0.095 0
-1.6875 -0.01 0
-1.6875 0.075 0
-1.6875 0.16 0
-1.6875 0.245 0
-1.6875 0.33 0
-1.6875 0.415 0
-1.6875 0.5 0
-1.62625 -2.9 0
-1.62625 -2.815 0
-1.62625 -2.73 0
-1.62625 -2.645 0.0018981
-1.62625 -2.56 0.0018981
-1.62625 -2.475 0.0132867
-1.62625 -2.39 0.0227772
-1.62625 -2.305 0.0284715
-1.62625 -2.22 0.0227772
-1.62625 -2.135 0.0626374
-1.62625 -2.05 0.0873127
-1.62625 -1.965 0.161339
-1.62625 -1.88 0.249408
-1.62625 -1.795 0.370174
-1.62625 -1.71 0.609279
-1.62625 -1.625 0.883362
-1.62625 -1.54 0
-1.62625 -1.455 0
-1.62625 -1.37 0
-1.62625 -1.285 0
-1.62625 -1.2 0
-1.62625 -1.115 0
-1.62625 -1.03 0
-1.62625 -0.945 0
-1.62625 -0.86 0
-1.62625 -0.775 0
-1.62625 -0.69 0
-1.62625 -0.605 0
-1.62625 -0.52 0
-1.62625 -0.435 0
-1.62625 -0.35 0
-1.62625 -0.265 0
-1.62625 -0.18 0
-1.62625 -0.095 0
-1.62625 -0.01 0
-1.62625 0.075 0
-1.62625 0.16 0
-1.62625 0.245 0
-1.62625 0.33 0
-1.62625 0.415 0
-1.62625 0.5 0
-1.565 -2.9 0
-1.565 -2.815 0
-1.565 -2.73 0.00379621
-1.565 -2.645 0.0018981
-1.565 -2.56 0
-1.565 -2.475 0.00379621
-1.565 -2.39 0.0170829
-1.565 -2.305 0.0265734
-1.565 -2.22 0.0474526
-1.565 -2.135 0.0569431
-1.565 -2.05 0.107051
-1.565 -1.965 0.181833
-1.565 -1.88 0.228529
-1.565 -1.795 0.370502
-1.565 -1.71 0.508307
-1.565 -1.625 1.02839
-1.565 -1.54 0.604726
-1.565 -1.455 0
-1.565 -1.37 0
-1.565 -1.285 0
-1.565 -1.2 0
-1.565 -1.115 0
-1.565 -1.03 0
-1.565 -0.945 0
-1.565 -0.86 0
-1.565 -0.775 0
-1.565 -0.69 0
-1.565 -0.605 0
-1.565 -0.52 0
-1.565 -0.435 0
-1.565 -0.35 0
-1.565 -0.265 0
-1.565 -0.18 0
-1.565 -0.095 0
-1.565 -0.01 0
-1.565 0.075 0
-1.565 0.16 0
-1.565 0.245 0
-1.565 0.33 0
-1.565 0.415 0
-1.565 0.5 0
-1.50375 -2.9 0
-1.50375 -2.815 0
-1.50375 -2.73 0.00379621
-1.50375 -2.645 0.0018981
-1.50375 -2.56 0.0018981
-1.50375 -2.475 0.00569431
-1.50375 -2.39 0.00759241
-1.50375 -2.305 0.0227772
-1.50375 -2.22 0.0151848
-1.50375 -2.135 0.0645355
-1.50375 -2.05 0.100599
-1.50375 -1.965 0.179178
-1.50375 -1.88 0.234223
-1.50375 -1.795 0.33027
-1.50375 -1.71 0.478322
-1.50375 -1.625 0.703471
-1.50375 -1.54 1.304
-1.50375 -1.455 0.228529
-1.50375 -1.37 0
-1.50375 -1.285 0
-1.50375 -1.2 0
-1.50375 -1.115 0
-1.50375 -1.03 0
-1.50375 -0.945 0
-1.50375 -0.86 0
-1.50375 -0.775 0
-1.50375 -0.69 0
-1.50375 -0.605 0
-1.50375 -0.52 0
-1.50375 -0.435 0
-1.50375 -0.35 0
-1.50375 -0.265 0
-1.50375 -0.18 0
-1.50375 -0.095 0
-1.50375 -0.01 0
-1.50375 0.075 0
-1.50375 0.16 0
-1.50375 0.245 0
-1.50375 0.33 0
-1.50375 0.415 0
-1.50375 0.5 0
-1.4425 -2.9 0
-1.4425 -2.815 0.0018981
-1.4425 -2.73 0.0018981
-1.4425 -2.645 0.0018981
-1.4425 -2.56 0.0018981
-1.4425 -2.475 0.00759241
-1.4425 -2.39 0
-1.4425 -2.305 0.0140435
-1.4425 -2.22 0.0170829
-1.4425 -2.135 0.055045
-1.4425 -2.05 0.091109
-1.4425 -1.965 0.162096
-1.4425 -1.88 0.274084
-1.4425 -1.795 0.313187
-1.4425 -1.71 0.418339
-1.4425 -1.625 0.59789
-1.4425 -1.54 0.888288
-1.4425 -1.455 1.53676
-1.4425 -1.37 0.0018981
-1.4425 -1.285 0
-1.4425 -1.2 0
-1.4425 -1.115 0
-1.4425 -1.03 0
-1.4425 -0.945 0
-1.4425 -0.86 0
-1.4425 -0.775 0
-1.4425 -0.69 0
-1.4425 -0.605 0
-1.4425 -0.52 0
-1.4425 -0.435 0
-1.4425 -0.35 0
-1.4425 -0.265 0
-1.4425 -0.18 0
-1.4425 -0.095 0
-1.4425 -0.01 0
-1.4425 0.075 0
-1.4425 0.16 0
-1.4425 0.245 0
-1.4425 0.33 0
-1.4425 0.415 0
-1.4425 0.5 0
-1.38125 -2.9 0
-1.38125 -2.815 0.0018981
-1.38125 -2.73 0.0018981
-1.38125 -2.645 0.0018981
-1.38125 -2.56 0.0018981
-1.38125 -2.475 0.00759241
-1.38125 -2.39 0.00379621
-1.38125 -2.305 0.0113886
-1.38125 -2.22 0.0246753
-1.38125 -2.135 0.0539037
-1.38125 -2.05 0.0835165
-1.38125 -1.965 0.160197
-1.38125 -1.88 0.201199
-1.38125 -1.795 0.307493
-1.38125 -1.71 0.419096
-1.38125 -1.625 0.609323
-1.38125 -1.54 0.767622
-1.38125 -1.455 1.25237
-1.38125 -1.37 1.21411
-1.38125 -1.285 0
-1.38125 -1.2 0
-1.38125 -1.115 0
-1.38125 -1.03 0
-1.38125 -0.945 0
-1.38125 -0.86 0
-1.38125 -0.775 0
-1.38125 -0.69 0
-1.38125 -0.605 0
-1.38125 -0.52 0
-1.38125 -0.435 0
-1.38125 -0.35 0
-1.38125 -0.265 0
-1.38125 -0.18 0
-1.38125 -0.095 0
-1.38125 -0.01 0
-1.38125 0.075 0
-1.38125 0.16 0
-1.38125 0.245 0
-1.38125 0.33 0
-1.38125 0.415 0
-1.38125 0.5 0
-1.32 -2.9 0
-1.32 -2.815 0.0018981
-1.32 -2.73 0
-1.32 -2.645 0
-1.32 -2.56 0.00569431
-1.32 -2.475 0.0018981
-1.32 -2.39 0.0018981
-1.32 -2.305 0.0197378
-1.32 -2.22 0.0398602
-1.32 -2.135 0.074026
-1.32 -2.05 0.0873127
-1.32 -1.965 0.146154
-1.32 -1.88 0.229286
-1.32 -1.795 0.2999
-1.32 -1.71 0.464651
-1.32 -1.625 0.597903
-1.32 -1.54 0.871974
-1.32 -1.455 0.971792
-1.32 -1.37 1.81159
-1.32 -1.285 0.632108
-1.32 -1.2 0
-1.32 -1.115 0
-1.32 -1.03 0
-1.32 -0.945 0
-1.32 -0.86 0
-1.32 -0.775 0
-1.32 -0.69 0
-1.32 -0.605 0
-1.32 -0.52 0
-1.32 -0.435 0
-1.32 -0.35 0
-1.32 -0.265 0
-1.32 -0.18 0
-1.32 -0.095 0
-1.32 -0.01 0
-1.32 0.075 0
-1.32 0.16 0
-1.32 0.245 0
-1.32 0.33 0
-1.32 0.415 0
-1.32 0.5 0
-1.25875 -2.9 0.0018981
-1.25875 -2.815 0.00379621
-1.25875 -2.73 0
-1.25875 -2.645 0.0018981
-1.25875 -2.56 0.00265489
-1.25875 -2.475 0.00379621
-1.25875 -2.39 0.00569431
-1.25875 -2.305 0.0208791
-1.25875 -2.22 0.0398602
-1.25875 -2.135 0.0721279
-1.25875 -2.05 0.091109
-1.25875 -1.965 0.146154
-1.25875 -1.88 0.214486
-1.25875 -1.795 0.341659
-1.25875 -1.71 0.44036
-1.25875 -1.625 0.648767
-1.25875 -1.54 0.76341
-1.25875 -1.455 0.937614
-1.25875 -1.37 1.25042
-1.25875 -1.285 2.06277
-1.25875 -1.2 0.147668
-1.25875 -1.115 0
-1.25875 -1.03 0
-1.25875 -0.945 0
-1.25875 -0.86 0
-1.25875 -0.775 0
-1.25875 -0.69 0
-1.25875 -0.605 0
-1.25875 -0.52 0
-1.25875 -0.435 0
-1.25875 -0.35 0
-1.25875 -0.265 0
-1.25875 -0.18 0
-1.25875 -0.095 0
-1.25875 -0.01 0
-1.25875 0.075 0
-1.25875 0.16 0
-1.25875 0.245 0
-1.25875 0.33 0
-1.25875 0.415 0
-1.25875 0.5 0
-1.1975 -2.9 0
-1.1975 -2.815 0
-1.1975 -2.73 0.0018981
-1.1975 -2.645 0.0018981
-1.1975 -2.56 0
-1.1975 -2.475 0.00569431
-1.1975 -2.39 0.00759241
-1.1975 -2.305 0.00949052
-1.1975 -2.22 0.0284715
-1.1975 -2.135 0.0607393
-1.1975 -2.05 0.111988
-1.1975 -1.965 0.132867
-1.1975 -1.88 0.210689
-1.1975 -1.795 0.325332
-1.1975 -1.71 0.492366
-1.1975 -1.625 0.624848
-1.1975 -1.54 0.763025
-1.1975 -1.455 1.00521
-1.1975 -1.37 1.10011
-1.1975 -1.285 1.59052
-1.1975 -1.2 1.897
-1.1975 -1.115 0
-1.1975 -1.03 0
-1.1975 -0.945 0
-1.1975 -0.86 0
-1.1975 -0.775 0
-1.1975 -0.69 0
-1.1975 -0.605 0
-1.1975 -0.52 0
-1.1975 -0.435 0
-1.1975 -0.35 0
-1.1975 -0.265 0
-1.1975 -0.18 0
-1.1975 -0.095 0
-1.1975 -0.01 0
-1.1975 0.075 0
-1.1975 0.16 0
-1.1975 0.245 0
-1.1975 0.33 0
-1.1975 0.415 0
-1.1975 0.5 0
-1.13625 -2.9 0
-1.13625 -2.815 0.0018981
-1.13625 -2.73 0.0018981
-1.13625 -2.645 0.0018981
-1.13625 -2.56 0.0018981
-1.13625 -2.475 0.0018981
-1.13625 -2.39 0.0113886
-1.13625 -2.305 0.0170829
-1.13625 -2.22 0.0512488
-1.13625 -2.135 0.0539037
-1.13625 -2.05 0.125275
-1.13625 -1.965 0.157543
-1.13625 -1.88 0.25055
-1.13625 -1.795 0.354561
-1.13625 -1.71 0.388727
-1.13625 -1.625 0.597518
-1.13625 -1.54 0.817345
-1.13625 -1.455 1.01129
-1.13625 -1.37 1.12331
-1.13625 -1.285 1.46044
-1.13625 -1.2 2.02159
-1.13625 -1.115 1.29429
-1.13625 -1.03 0
-1.13625 -0.945 0
-1.13625 -0.86 0
-1.13625 -0.775 0
-1.13625 -0.69 0
-1.13625 -0.605 0
-1.13625 -0.52 0
-1.13625 -0.435 0
-1.13625 -0.35 0
-1.13625 -0.265 0
-1.13625 -0.18 0
-1.13625 -0.095 0
-1.13625 -0.01 0
-1.13625 0.075 0
-1.13625 0.16 0
-1.13625 0.245 0
-1.13625 0.33 0
-1.13625 0.415 0
-1.13625 0.5 0
-1.075 -2.9 0
-1.075 -2.815 0
-1.075 -2.73 0
-1.075 -2.645 0.0018981
-1.075 -2.56 0.00759241
-1.075 -2.475 0.00759241
-1.075 -2.39 0.0113886
-1.075 -2.305 0.0208791
-1.075 -2.22 0.0569431
-1.075 -2.135 0.0379621
-1.075 -2.05 0.0892109
-1.075 -1.965 0.129071
-1.075 -1.88 0.241059
-1.075 -1.795 0.340517
-1.075 -1.71 0.48022
-1.075 -1.625 0.622578
-1.075 -1.54 0.767963
-1.075 -1.455 1.03749
-1.075 -1.37 1.14946
-1.075 -1.285 1.41867
-1.075 -1.2 1.6464
-1.075 -1.115 2.53967
-1.075 -1.03 0.510257
-1.075 -0.945 0
-1.075 -0.86 0
-1.075 -0.775 0
-1.075 -0.69 0
-1.075 -0.605 0
-1.075 -0.52 0
-1.075 -0.435 0
-1.075 -0.35 0
-1.075 -0.265 0
-1.075 -0.18 0
-1.075 -0.095 0
-1.075 -0.01 0
-1.075 0.075 0
-1.075 0.16 0
-1.075 0.245 0
-1.075 0.33 0
-1.075 0.415 0
-1.075 0.5 0
-1.01375 -2.9 0
-1.01375 -2.815 0
-1.01375 -2.73 0.0018981
-1.01375 -2.645 0.00379621
-1.01375 -2.56 0.0018981
-1.01375 -2.475 0.0113886
-1.01375 -2.39 0.00759241
-1.01375 -2.305 0.0208791
-1.01375 -2.22 0.0265734
-1.01375 -2.135 0.055045
-1.01375 -2.05 0.0778222
-1.01375 -1.965 0.142358
-1.01375 -1.88 0.256244
-1.01375 -1.795 0.324576
-1.01375 -1.71 0.453647
-1.01375 -1.625 0.622578
-1.01375 -1.54 0.8883
-1.01375 -1.455 0.988143
-1.01375 -1.37 1.23336
-1.01375 -1.285 1.46263
-1.01375 -1.2 1.58723
-1.01375 -1.115 1.86426
-1.01375 -1.03 2.58836
-1.01375 -0.945 0.0330245
-1.01375 -0.86 0
-1.01375 -0.775 0
-1.01375 -0.69 0
-1.01375 -0.605 0
-1.01375 -0.52 0
-1.01375 -0.435 0
-1.01375 -0.35 0
-1.01375 -0.265 0
-1.01375 -0.18 0
-1.01375 -0.095 0
-1.01375 -0.01 0
-1.01375 0.075 0
-1.01375 0.16 0
-1.01375 0.245 0
-1.01375 0.33 0
-1.01375 0.415 0
-1.01375 0.5 0
-0.9525 -2.9 0
-0.9525 -2.815 0.0018981
-0.9525 -2.73 0.00379621
-0.9525 -2.645 0.00569431
-0.9525 -2.56 0.00759241
-0.9525 -2.475 0.0132867
-0.9525 -2.39 0.00379621
-0.9525 -2.305 0.0151848
-0.9525 -2.22 0.0341659
-0.9525 -2.135 0.0588412
-0.9525 -2.05 0.0873127
-0.9525 -1.965 0.133624
-0.9525 -1.88 0.239918
-0.9525 -1.795 0.349251
-0.9525 -1.71 0.512488
-0.9525 -1.625 0.675725
-0.9525 -1.54 0.826432
-0.9525 -1.455 1.10891
-0.9525 -1.37 1.26374
-0.9525 -1.285 1.45775
-0.9525 -1.2 1.5587
-0.9525 -1.115 1.87184
-0.9525 -1.03 2.27046
-0.9525 -0.945 1.86759
-0.9525 -0.86 0
-0.9525 -0.775 0
-0.9525 -0.69 0
-0.9525 -0.605 0
-0.9525 -0.52 0
-0.9525 -0.435 0
-0.9525 -0.35 0
-0.9525 -0.265 0
-0.9525 -0.18 0
-0.9525 -0.095 0
-0.9525 -0.01 0
-0.9525 0.075 0
-0.9525 0.16 0
-0.9525 0.245 0
-0.9525 0.33 0
-0.9525 0.415 0
-0.9525 0.5 0
-0.89125 -2.9 0
-0.89125 -2.815 0.00379621
-0.89125 -2.73 0.0018981
-0.89125 -2.645 0.0018981
-0.89125 -2.56 0.00569431
-0.89125 -2.475 0.0018981
-0.89125 -2.39 0.0208791
-0.89125 -2.305 0.0265734
-0.89125 -2.22 0.0246753
-0.89125 -2.135 0.0398602
-0.89125 -2.05 0.0968033
-0.89125 -1.965 0.134765
-0.89125 -1.88 0.227772
-0.89125 -1.795 0.375824
-0.89125 -1.71 0.480977
-0.89125 -1.625 0.641559
-0.89125 -1.54 0.950565
-0.89125 -1.455 1.09633
-0.89125 -1.37 1.34536
-0.89125 -1.285 1.44975
-0.89125 -1.2 1.78834
-0.89125 -1.115 1.93075
-0.89125 -1.03 1.91453
-0.89125 -0.945 2.53389
-0.89125 -0.86 0.951704
-0.89125 -0.775 0
-0.89125 -0.69 0
-0.89125 -0.605 0
-0.89125 -0.52 0
-0.89125 -0.435 0
-0.89125 -0.35 0
-0.89125 -0.265 0
-0.89125 -0.18 0
-0.89125 -0.095 0
-0.89125 -0.01 0
-0.89125 0.075 0
-0.89125 0.16 0
-0.89125 0.245 0
-0.89125 0.33 0
-0.89125 0.415 0
-0.89125 0.5 0
-0.83 -2.9 0
-0.83 -2.815 0
-0.83 -2.73 0
-0.83 -2.645 0.00569431
-0.83 -2.56 0.00759241
-0.83 -2.475 0.0132867
-0.83 -2.39 0.00949052
-0.83 -2.305 0.0322678
-0.83 -2.22 0.0284715
-0.83 -2.135 0.0493507
-0.83 -2.05 0.0892109
-0.83 -1.965 0.134765
-0.83 -1.88 0.254346
-0.83 -1.795 0.315085
-0.83 -1.71 0.495405
-0.83 -1.625 0.664336
-0.83 -1.54 0.908807
-0.83 -1.455 1.03218
-0.83 -1.37 1.40501
-0.83 -1.285 1.63387
-0.83 -1.2 1.74333
-0.83 -1.115 1.92274
-0.83 -1.03 2.07945
-0.83 -0.945 2.05194
-0.83 -0.86 2.70934
-0.83 -0.775 0.240694
-0.83 -0.69 0
-0.83 -0.605 0
-0.83 -0.52 0
-0.83 -0.435 0
-0.83 -0.35 0
-0.83 -0.265 0
-0.83 -0.18 0
-0.83 -0.095 0
-0.83 -0.01 0
-0.83 0.075 0
-0.83 0.16 0
-0.83 0.245 0
-0.83 0.33 0
-0.83 0.415 0
-0.83 0.5 0
-0.76875 -2.9 0
-0.76875 -2.815 0.00379621
-0.76875 -2.73 0
-0.76875 -2.645 0.0018981
-0.76875 -2.56 0.00379621
-0.76875 -2.475 0.00949052
-0.76875 -2.39 0.00759241
-0.76875 -2.305 0.0208791
-0.76875 -2.22 0.018981
-0.76875 -2.135 0.0493507
-0.76875 -2.05 0.091109
-0.76875 -1.965 0.138562
-0.76875 -1.88 0.233467
-0.76875 -1.795 0.343557
-0.76875 -1.71 0.533367
-0.76875 -1.625 0.671929
-0.76875 -1.54 0.910705
-0.76875 -1.455 1.13354
-0.76875 -1.37 1.46646
-0.76875 -1.285 1.5891
-0.76875 -1.2 1.89199
-0.76875 -1.115 1.90908
-0.76875 -1.03 2.12769
-0.76875 -0.945 2.00511
-0.76875 -0.86 2.14403
-0.76875 -0.775 2.09527
-0.76875 -0.69 0
-0.76875 -0.605 0
-0.76875 -0.52 0
-0.76875 -0.435 0
-0.76875 -0.35 0
-0.76875 -0.265 0
-0.76875 -0.18 0
-0.76875 -0.095 0
-0.76875 -0.01 0
-0.76875 0.075 0
-0.76875 0.16 0
-0.76875 0.245 0
-0.76875 0.33 0
-0.76875 0.415 0
-0.76875 0.5 0
-0.7075 -2.9 0.0018981
-0.7075 -2.815 0.00569431
-0.7075 -2.73 0.0018981
-0.7075 -2.645 0.00379621
-0.7075 -2.56 0.00569431
-0.7075 -2.475 0.00379621
-0.7075 -2.39 0.0132867
-0.7075 -2.305 0.0151848
-0.7075 -2.22 0.0303697
-0.7075 -2.135 0.0501075
-0.7075 -2.05 0.0816184
-0.7075 -1.965 0.134765
-0.7075 -1.88 0.252448
-0.7075 -1.795 0.328372
-0.7075 -1.71 0.527673
-0.7075 -1.625 0.628272
-0.7075 -1.54 0.942973
-0.7075 -1.455 1.11305
-0.7075 -1.37 1.42546
-0.7075 -1.285 1.56099
-0.7075 -1.2 1.81189
-0.7075 -1.115 2.09054
-0.7075 -1.03 2.12205
-0.7075 -0.945 2.15504
-0.7075 -0.86 2.22825
-0.7075 -0.775 2.39201
-0.7075 -0.69 1.23216
-0.7075 -0.605 0
-0.7075 -0.52 0
-0.7075 -0.435 0
-0.7075 -0.35 0
-0.7075 -0.265 0
-0.7075 -0.18 0
-0.7075 -0.095 0
-0.7075 -0.01 0
-0.7075 0.075 0
-0.7075 0.16 0
-0.7075 0.245 0
-0.7075 0.33 0
-0.7075 0.415 0
-0.7075 0.5 0
-0.64625 -2.9 0.0018981
-0.64625 -2.815 0.00379621
-0.64625 -2.73 0.0018981
-0.64625 -2.645 0.0018981
-0.64625 -2.56 0.00569431
-0.64625 -2.475 0.0227772
-0.64625 -2.39 0.00569431
-0.64625 -2.305 0.018981
-0.64625 -2.22 0.0303697
-0.64625 -2.135 0.0379621
-0.64625 -2.05 0.0854146
-0.64625 -1.965 0.161339
-0.64625 -1.88 0.176524
-0.64625 -1.795 0.332168
-0.64625 -1.71 0.446811
-0.64625 -1.625 0.659399
-0.64625 -1.54 0.856045
-0.64625 -1.455 1.13696
-0.64625 -1.37 1.48659
-0.64625 -1.285 1.65245
-0.64625 -1.2 2.0947
-0.64625 -1.115 2.24123
-0.64625 -1.03 2.20706
-0.64625 -0.945 2.3426
-0.64625 -0.86 2.23281
-0.64625 -0.775 2.16565
-0.64625 -0.69 2.25917
-0.64625 -0.605 0.49129
-0.64625 -0.52 0
-0.64625 -0.435 0
-0.64625 -0.35 0
-0.64625 -0.265 0
-0.64625 -0.18 0
-0.64625 -0.095 0
-0.64625 -0.01 0
-0.64625 0.075 0
-0.64625 0.16 0
-0.64625 0.245 0
-0.64625 0.33 0
-0.64625 0.415 0
-0.64625 0.5 0
-0.585 -2.9 0.0018981
-0.585 -2.815 0.00379621
-0.585 -2.73 0
-0.585 -2.645 0.00379621
-0.585 -2.56 0.00379621
-0.585 -2.475 0.00949052
-0.585 -2.39 0.0132867
-0.585 -2.305 0.0265734
-0.585 -2.22 0.0246753
-0.585 -2.135 0.0284715
-0.585 -2.05 0.0835165
-0.585 -1.965 0.108192
-0.585 -1.88 0.222078
-0.585 -1.795 0.296104
-0.585 -1.71 0.423277
-0.585 -1.625 0.616884
-0.585 -1.54 0.903497
-0.585 -1.455 1.20909
-0.585 -1.37 1.49912
-0.585 -1.285 1.79748
-0.585 -1.2 1.93981
-0.585 -1.115 2.24388
-0.585 -1.03 2.46137
-0.585 -0.945 2.51975
-0.585 -0.86 2.34066
-0.585 -0.775 2.16718
-0.585 -0.69 1.89885
-0.585 -0.605 1.91717
-0.585 -0.52 0.0504797
-0.585 -0.435 0
-0.585 -0.35 0
-0.585 -0.265 0
-0.585 -0.18 0
-0.585 -0.095 0
-0.585 -0.01 0
-0.585 0.075 0
-0.585 0.16 0
-0.585 0.245 0
-0.585 0.33 0
-0.585 0.415 0
-0.585 0.5 0
-0.52375 -2.9 0
-0.52375 -2.815 0.0018981
-0.52375 -2.73 0
-0.52375 -2.645 0
-0.52375 -2.56 0
-0.52375 -2.475 0.0113886
-0.52375 -2.39 0.00759241
-0.52375 -2.305 0.0303697
-0.52375 -2.22 0.0246753
-0.52375 -2.135 0.0797203
-0.52375 -2.05 0.074026
-0.52375 -1.965 0.129071
-0.52375 -1.88 0.235365
-0.52375 -1.795 0.298002
-0.52375 -1.71 0.447952
-0.52375 -1.625 0.622622
-0.52375 -1.54 0.909191
-0.52375 -1.455 1.19391
-0.52375 -1.37 1.48202
-0.52375 -1.285 1.73637
-0.52375 -1.2 2.09928
-0.52375 -1.115 2.26704
-0.52375 -1.03 2.63718
-0.52375 -0.945 2.61663
-0.52375 -0.86 2.59804
-0.52375 -0.775 2.34112
-0.52375 -0.69 2.02707
-0.52375 -0.605 1.74256
-0.52375 -0.52 1.22204
-0.52375 -0.435 0
-0.52375 -0.35 0
-0.52375 -0.265 0
-0.52375 -0.18 0
-0.52375 -0.095 0
-0.52375 -0.01 0
-0.52375 0.075 0
-0.52375 0.16 0
-0.52375 0.245 0
-0.52375 0.33 0
-0.52375 0.415 0
-0.52375 0.5 0
-0.4625 -2.9 0.0018981
-0.4625 -2.815 0.0018981
-0.4625 -2.73 0
-0.4625 -2.645 0.0113886
-0.4625 -2.56 0.00949052
-0.4625 -2.475 0.0018981
-0.4625 -2.39 0.018981
-0.4625 -2.305 0.0227772
-0.4625 -2.22 0.0436564
-0.4625 -2.135 0.0569431
-0.4625 -2.05 0.0854146
-0.4625 -1.965 0.142358
-0.4625 -1.88 0.182218
-0.4625 -1.795 0.28737
-0.4625 -1.71 0.375824
-0.4625 -1.625 0.632068
-0.4625 -1.54 0.823777
-0.4625 -1.455 1.18897
-0.4625 -1.37 1.55037
-0.4625 -1.285 1.84153
-0.4625 -1.2 2.23554
-0.4625 -1.115 2.49029
-0.4625 -1.03 2.50195
-0.4625 -0.945 2.67151
-0.4625 -0.86 2.69127
-0.4625 -0.775 2.51788
-0.4625 -0.69 2.14837
-0.4625 -0.605 1.77036
-0.4625 -0.52 1.47346
-0.4625 -0.435 0.432116
-0.4625 -0.35 0
-0.4625 -0.265 0
-0.4625 -0.18 0
-0.4625 -0.095 0
-0.4625 -0.01 0
-0.4625 0.075 0
-0.4625 0.16 0
-0.4625 0.245 0
-0.4625 0.33 0
-0.4625 0.415 0
-0.4625 0.5 0
-0.40125 -2.9 0.00379621
-0.40125 -2.815 0.0018981
-0.40125 -2.73 0.0018981
-0.40125 -2.645 0
-0.40125 -2.56 0.00569431
-0.40125 -2.475 0.0132867
-0.40125 -2.39 0.0102473
-0.40125 -2.305 0.0113886
-0.40125 -2.22 0.0227772
-0.40125 -2.135 0.0652923
-0.40125 -2.05 0.0892109
-0.40125 -1.965 0.121479
-0.40125 -1.88 0.186014
-0.40125 -1.795 0.273327
-0.40125 -1.71 0.453647
-0.40125 -1.625 0.606252
-0.40125 -1.54 0.839718
-0.40125 -1.455 1.17644
-0.40125 -1.37 1.46646
-0.40125 -1.285 1.82368
-0.40125 -1.2 2.17783
-0.40125 -1.115 2.51721
-0.40125 -1.03 2.64129
-0.40125 -0.945 2.82914
-0.40125 -0.86 2.8496
-0.40125 -0.775 2.71957
-0.40125 -0.69 2.32197
-0.40125 -0.605 1.88643
-0.40125 -0.52 1.44796
-0.40125 -0.435 1.05667
-0.40125 -0.35 0.0819661
-0.40125 -0.265 0
-0.40125 -0.18 0
-0.40125 -0.095 0
-0.40125 -0.01 0
-0.40125 0.075 0
-0.40125 0.16 0
-0.40125 0.245 0
-0.40125 0.33 0
-0.40125 0.415 0
-0.40125 0.5 0
-0.34 -2.9 0
-0.34 -2.815 0.0018981
-0.34 -2.73 0.00379621
-0.34 -2.645 0.00379621
-0.34 -2.56 0
-0.34 -2.475 0.0151848
-0.34 -2.39 0.0113886
-0.34 -2.305 0.0227772
-0.34 -2.22 0.0417583
-0.34 -2.135 0.0398602
-0.34 -2.05 0.0892109
-0.34 -1.965 0.130969
-0.34 -1.88 0.188669
-0.34 -1.795 0.254346
-0.34 -1.71 0.398602
-0.34 -1.625 0.584988
-0.34 -1.54 0.852621
-0.34 -1.455 1.12139
-0.34 -1.37 1.43685
-0.34 -1.285 1.80356
-0.34 -1.2 2.1061
-0.34 -1.115 2.49636
-0.34 -1.03 2.73468
-0.34 -0.945 2.88386
-0.34 -0.86 2.8754
-0.34 -0.775 2.72062
-0.34 -0.69 2.66149
-0.34 -0.605 2.14867
-0.34 -0.52 1.51812
-0.34 -0.435 1.11554
-0.34 -0.35 0.594215
-0.34 -0.265 0
-0.34 -0.18 0
-0.34 -0.095 0
-0.34 -0.01 0
-0.34 0.075 0
-0.34 0.16 0
-0.34 0.245 0
-0.34 0.33 0
-0.34 0.415 0
-0.34 0.5 0
-0.27875 -2.9 0.0018981
-0.27875 -2.815 0
-0.27875 -2.73 0.00379621
-0.27875 -2.645 0.00379621
-0.27875 -2.56 0.00949052
-0.27875 -2.475 0.0018981
-0.27875 -2.39 0.0151848
-0.27875 -2.305 0.0170829
-0.27875 -2.22 0.0387188
-0.27875 -2.135 0.0436564
-0.27875 -2.05 0.0664336
-0.27875 -1.965 0.132867
-0.27875 -1.88 0.175382
-0.27875 -1.795 0.267633
-0.27875 -1.71 0.453647
-0.27875 -1.625 0.569803
-0.27875 -1.54 0.76759
-0.27875 -1.455 1.08078
-0.27875 -1.37 1.33968
-0.27875 -1.285 1.80812
-0.27875 -1.2 2.24805
-0.27875 -1.115 2.47886
-0.27875 -1.03 2.75246
-0.27875 -0.945 3.09345
-0.27875 -0.86 3.08682
-0.27875 -0.775 3.14444
-0.27875 -0.69 2.75641
-0.27875 -0.605 2.34612
-0.27875 -0.52 1.69338
-0.27875 -0.435 1.171
-0.27875 -0.35 0.731659
-0.27875 -0.265 0.220384
-0.27875 -0.18 0
-0.27875 -0.095 0
-0.27875 -0.01 0
-0.27875 0.075 0
-0.27875 0.16 0
-0.27875 0.245 0
-0.27875 0.33 0
-0.27875 0.415 0
-0.27875 0.5 0
-0.2175 -2.9 0
-0.2175 -2.815 0.00569431
-0.2175 -2.73 0.0018981
-0.2175 -2.645 0.00569431
-0.2175 -2.56 0.0018981
-0.2175 -2.475 0.00379621
-0.2175 -2.39 0.00949052
-0.2175 -2.305 0.0265734
-0.2175 -2.22 0.0341659
-0.2175 -2.135 0.0436564
-0.2175 -2.05 0.0645355
-0.2175 -1.965 0.0968033
-0.2175 -1.88 0.168931
-0.2175 -1.795 0.22018
-0.2175 -1.71 0.364436
-0.2175 -1.625 0.533367
-0.2175 -1.54 0.73531
-0.2175 -1.455 1.02194
-0.2175 -1.37 1.28539
-0.2175 -1.285 1.64032
-0.2175 -1.2 2.17102
-0.2175 -1.115 2.4853
-0.2175 -1.03 2.82013
-0.2175 -0.945 3.13055
-0.2175 -0.86 3.19208
-0.2175 -0.775 3.13496
-0.2175 -0.69 2.88006
-0.2175 -0.605 2.61779
-0.2175 -0.52 2.01504
-0.2175 -0.435 1.37335
-0.2175 -0.35 0.805592
-0.2175 -0.265 0.378036
-0.2175 -0.18 0.0383662
-0.2175 -0.095 0
-0.2175 -0.01 0
-0.2175 0.075 0
-0.2175 0.16 0
-0.2175 0.245 0
-0.2175 0.33 0
-0.2175 0.415 0
-0.2175 0.5 0
-0.15625 -2.9 0
-0.15625 -2.815 0.0018981
-0.15625 -2.73 0
-0.15625 -2.645 0.00569431
-0.15625 -2.56 0.00379621
-0.15625 -2.475 0.0170829
-0.15625 -2.39 0.00949052
-0.15625 -2.305 0.0227772
-0.15625 -2.22 0.0170829
-0.15625 -2.135 0.036064
-0.15625 -2.05 0.0683317
-0.15625 -1.965 0.136663
-0.15625 -1.88 0.160197
-0.15625 -1.795 0.218282
-0.15625 -1.71 0.370887
-0.15625 -1.625 0.532598
-0.15625 -1.54 0.679136
-0.15625 -1.455 1.02839
-0.15625 -1.37 1.41332
-0.15625 -1.285 1.61299
-0.15625 -1.2 2.14482
-0.15625 -1.115 2.49669
-0.15625 -1.03 2.89374
-0.15625 -0.945 3.13742
-0.15625 -0.86 3.3359
-0.15625 -0.775 3.19012
-0.15625 -0.69 3.14765
-0.15625 -0.605 2.72836
-0.15625 -0.52 2.14002
-0.15625 -0.435 1.59203
-0.15625 -0.35 0.906169
-0.15625 -0.265 0.473542
-0.15625 -0.18 0.14888
-0.15625 -0.095 0
-0.15625 -0.01 0
-0.15625 0.075 0
-0.15625 0.16 0
-0.15625 0.245 0
-0.15625 0.33 0
-0.15625 0.415 0
-0.15625 0.5 0
-0.095 -2.9 0.00379621
-0.095 -2.815 0.00379621
-0.095 -2.73 0
-0.095 -2.645 0.00379621
-0.095 -2.56 0.0018981
-0.095 -2.475 0.00949052
-0.095 -2.39 0.0151848
-0.095 -2.305 0.018981
-0.095 -2.22 0.0303697
-0.095 -2.135 0.055045
-0.095 -2.05 0.055045
-0.095 -1.965 0.104396
-0.095 -1.88 0.151848
-0.095 -1.795 0.19512
-0.095 -1.71 0.311289
-0.095 -1.625 0.491981
-0.095 -1.54 0.630543
-0.095 -1.455 0.957016
-0.095 -1.37 1.3279
-0.095 -1.285 1.6631
-0.095 -1.2 2.12508
-0.095 -1.115 2.43826
-0.095 -1.03 2.93209
-0.095 -0.945 3.17678
-0.095 -0.86 3.46446
-0.095 -0.775 3.49938
-0.095 -0.69 3.29715
-0.095 -0.605 2.92781
-0.095 -0.52 2.32997
-0.095 -0.435 1.78046
-0.095 -0.35 1.10789
-0.095 -0.265 0.549019
-0.095 -0.18 0.252123
-0.095 -0.095 0.044445
-0.095 -0.01 0
-0.095 0.075 0
-0.095 0.16 0
-0.095 0.245 0
-0.095 0.33 0
-0.095 0.415 0
-0.095 0.5 0
-0.03375 -2.9 0
-0.03375 -2.815 0
-0.03375 -2.73 0.00379621
-0.03375 -2.645 0.00379621
-0.03375 -2.56 0.00759241
-0.03375 -2.475 0.00759241
-0.03375 -2.39 0.0227772
-0.03375 -2.305 0.0170829
-0.03375 -2.22 0.0341659
-0.03375 -2.135 0.0246753
-0.03375 -2.05 0.0588412
-0.03375 -1.965 0.0664336
-0.03375 -1.88 0.142358
-0.03375 -1.795 0.223976
-0.03375 -1.71 0.313944
-0.03375 -1.625 0.459341
-0.03375 -1.54 0.708749
-0.03375 -1.455 0.900061
-0.03375 -1.37 1.24133
-0.03375 -1.285 1.59287
-0.03375 -1.2 2.03363
-0.03375 -1.115 2.43141
-0.03375 -1.03 2.76885
-0.03375 -0.945 3.27976
-0.03375 -0.86 3.46842
-0.03375 -0.775 3.48224
-0.03375 -0.69 3.29476
-0.03375 -0.605 2.97843
-0.03375 -0.52 2.58811
-0.03375 -0.435 2.01878
-0.03375 -0.35 1.3906
-0.03375 -0.265 0.680695
-0.03375 -0.18 0.322171
-0.03375 -0.095 0.0897671
-0.03375 -0.01 0
-0.03375 0.075 0
-0.03375 0.16 0
-0.03375 0.245 0
-0.03375 0.33 0
-0.03375 0.415 0
-0.03375 0.5 0
0.0275 -2.9 0.0018981
0.0275 -2.815 0
0.0275 -2.73 0.00379621
0.0275 -2.645 0.0018981
0.0275 -2.56 0.0018981
0.0275 -2.475 0.0140435
0.0275 -2.39 0.0208791
0.0275 -2.305 0.018981
0.0275 -2.22 0.0341659
0.0275 -2.135 0.0322678
0.0275 -2.05 0.0633942
0.0275 -1.965 0.0873127
0.0275 -1.88 0.153362
0.0275 -1.795 0.179935
0.0275 -1.71 0.257001
0.0275 -1.625 0.443772
0.0275 -1.54 0.626362
0.0275 -1.455 0.786944
0.0275 -1.37 1.11113
0.0275 -1.285 1.4881
0.0275 -1.2 2.01879
0.0275 -1.115 2.35283
0.0275 -1.03 2.80303
0.0275 -0.945 3.17646
0.0275 -0.86 3.38639
0.0275 -0.775 3.56157
0.0275 -0.69 3.4454
0.0275 -0.605 3.09012
0.0275 -0.52 2.80566
0.0275 -0.435 2.12545
0.0275 -0.35 1.47881
0.0275 -0.265 0.79945
0.0275 -0.18 0.390232
0.0275 -0.095 0.115187
0.0275 -0.01 0.0239063
0.0275 0.075 0
0.0275 0.16 0
0.0275 0.245 0
0.0275 0.33 0
0.0275 0.415 0
0.0275 0.5 0
0.08875 -2.9 0.0018981
0.08875 -2.815 0.0018981
0.08875 -2.73 0.00379621
0.08875 -2.645 0.0018981
0.08875 -2.56 0.00759241
0.08875 -2.475 0.00569431
0.08875 -2.39 0.0113886
0.08875 -2.305 0.0208791
0.08875 -2.22 0.0284715
0.08875 -2.135 0.0379621
0.08875 -2.05 0.0569431
0.08875 -1.965 0.0626374
0.08875 -1.88 0.123377
0.08875 -1.795 0.186771
0.08875 -1.71 0.293065
0.08875 -1.625 0.387257
0.08875 -1.54 0.612703
0.08875 -1.455 0.78543
0.08875 -1.37 1.12519
0.08875 -1.285 1.41863
0.08875 -1.2 1.88212
0.08875 -1.115 2.30505
0.08875 -1.03 2.72597
0.08875 -0.945 3.10894
0.08875 -0.86 3.45886
0.08875 -0.775 3.48868
0.08875 -0.69 3.48173
0.08875 -0.605 3.31585
0.08875 -0.52 2.93663
0.08875 -0.435 2.27123
0.08875 -0.35 1.57122
0.08875 -0.265 0.999284
0.08875 -0.18 0.456893
0.08875 -0.095 0.150911
0.08875 -0.01 0.0273498
0.08875 0.075 0.00379621
0.08875 0.16 0
0.08875 0.245 0
0.08875 0.33 0
0.08875 0.415 0
0.08875 0.5 0
0.15 -2.9 0.0018981
0.15 -2.815 0
0.15 -2.73 0
0.15 -2.645 0.00379621
0.15 -2.56 0.00569431
0.15 -2.475 0.0018981
0.15 -2.39 0.0018981
0.15 -2.305 0.0113886
0.15 -2.22 0.0227772
0.15 -2.135 0.0387188
0.15 -2.05 0.0588412
0.15 -1.965 0.0664336
0.15 -1.88 0.107051
0.15 -1.795 0.16779
0.15 -1.71 0.217141
0.15 -1.625 0.324576
0.15 -1.54 0.542088
0.15 -1.455 0.76341
0.15 -1.37 1.11532
0.15 -1.285 1.33586
0.15 -1.2 1.73142
0.15 -1.115 2.20264
0.15 -1.03 2.6371
0.15 -0.945 2.97906
0.15 -0.86 3.37847
0.15 -0.775 3.45349
0.15 -0.69 3.5944
0.15 -0.605 3.28152
0.15 -0.52 2.85513
0.15 -0.435 2.33978
0.15 -0.35 1.82413
0.15 -0.265 1.05804
0.15 -0.18 0.557455
0.15 -0.095 0.206392
0.15 -0.01 0.0448615
0.15 0.075 0.00611073
0.15 0.16 0
0.15 0.245 0
0.15 0.33 0
0.15 0.415 0
0.15 0.5 0
0.21125 -2.9 0
0.21125 -2.815 0
0.21125 -2.73 0
0.21125 -2.645 0.0018981
0.21125 -2.56 0.00759241
0.21125 -2.475 0
0.21125 -2.39 0.00759241
0.21125 -2.305 0.00949052
0.21125 -2.22 0.0227772
0.21125 -2.135 0.0227772
0.21125 -2.05 0.0398602
0.21125 -1.965 0.0709866
0.21125 -1.88 0.0539037
0.21125 -1.795 0.143115
0.21125 -1.71 0.212588
0.21125 -1.625 0.332925
0.21125 -1.54 0.491224
0.21125 -1.455 0.618385
0.21125 -1.37 0.855263
0.21125 -1.285 1.34459
0.21125 -1.2 1.59741
0.21125 -1.115 2.13649
0.21125 -1.03 2.54715
0.21125 -0.945 2.83104
0.21125 -0.86 3.32422
0.21125 -0.775 3.42511
0.21125 -0.69 3.62771
0.21125 -0.605 3.35373
0.21125 -0.52 2.99841
0.21125 -0.435 2.42804
0.21125 -0.35 1.78262
0.21125 -0.265 1.23964
0.21125 -0.18 0.663335
0.21125 -0.095 0.30008
0.21125 -0.01 0.0999383
0.21125 0.075 0.0239063
0.21125 0.16 0
0.21125 0.245 0
0.21125 0.33 0
0.21125 0.415 0
0.21125 0.5 0
0.2725 -2.9 0
0.2725 -2.815 0.0018981
0.2725 -2.73 0.00379621
0.2725 -2.645 0.0018981
0.2725 -2.56 0.00759241
0.2725 -2.475 0.00949052
0.2725 -2.39 0.00265489
0.2725 -2.305 0.00949052
0.2725 -2.22 0.018981
0.2725 -2.135 0.0265734
0.2725 -2.05 0.0341659
0.2725 -1.965 0.0322678
0.2725 -1.88 0.0854146
0.2725 -1.795 0.101356
0.2725 -1.71 0.195505
0.2725 -1.625 0.30905
0.2725 -1.54 0.409606
0.2725 -1.455 0.582705
0.2725 -1.37 0.764923
0.2725 -1.285 1.13046
0.2725 -1.2 1.54084
0.2725 -1.115 2.02938
0.2725 -1.03 2.41087
0.2725 -0.945 2.86178
0.2725 -0.86 3.2478
0.2725 -0.775 3.43953
0.2725 -0.69 3.50484
0.2725 -0.605 3.37252
0.2725 -0.52 3.0095
0.2725 -0.435 2.5914
0.2725 -0.35 1.90341
0.2725 -0.265 1.28592
0.2725 -0.18 0.780097
0.2725 -0.095 0.327954
0.2725 -0.01 0.114322
0.2725 0.075 0.0254198
0.2725 0.16 0
0.2725 0.245 0
0.2725 0.33 0
0.2725 0.415 0
0.2725 0.5 0
0.33375 -2.9 0
0.33375 -2.815 0.0018981
0.33375 -2.73 0.00379621
0.33375 -2.645 0
0.33375 -2.56 0.0113886
0.33375 -2.475 0
0.33375 -2.39 0.00569431
0.33375 -2.305 0.00379621
0.33375 -2.22 0.00949052
0.33375 -2.135 0.0227772
0.33375 -2.05 0.0349226
0.33375 -1.965 0.0512488
0.33375 -1.88 0.0854146
0.33375 -1.795 0.124133
0.33375 -1.71 0.176524
0.33375 -1.625 0.276739
0.33375 -1.54 0.379621
0.33375 -1.455 0.578152
0.33375 -1.37 0.846542
0.33375 -1.285 1.07391
0.33375 -1.2 1.3063
0.33375 -1.115 1.81875
0.33375 -1.03 2.25489
0.33375 -0.945 2.81091
0.33375 -0.86 3.06444
0.33375 -0.775 3.26224
0.33375 -0.69 3.34787
0.33375 -0.605 3.23751
0.33375 -0.52 3.14611
0.33375 -0.435 2.66188
0.33375 -0.35 2.00915
0.33375 -0.265 1.41008
0.33375 -0.18 0.802819
0.33375 -0.095 0.395612
0.33375 -0.01 0.138841
0.33375 0.075 0.0197697
0.33375 0.16 0.0018981
0.33375 0.245 0
0.33375 0.33 0
0.33375 0.415 0
0.33375 0.5 0
0.395 -2.9 0
0.395 -2.815 0.0018981
0.395 -2.73 0
0.395 -2.645 0.0018981
0.395 -2.56 0.00569431
0.395 -2.475 0.00569431
0.395 -2.39 0.0018981
0.395 -2.305 0.0170829
0.395 -2.22 0.00569431
0.395 -2.135 0.0208791
0.395 -2.05 0.0246753
0.395 -1.965 0.0690885
0.395 -1.88 0.0816184
0.395 -1.795 0.126788
0.395 -1.71 0.1731
0.395 -1.625 0.246369
0.395 -1.54 0.31774
0.395 -1.455 0.497291
0.395 -1.37 0.665837
0.395 -1.285 0.949399
0.395 -1.2 1.27397
0.395 -1.115 1.64634
0.395 -1.03 2.18045
0.395 -0.945 2.5578
0.395 -0.86 3.04984
0.395 -0.775 3.26298
0.395 -0.69 3.64594
0.395 -0.605 3.46109
0.395 -0.52 3.24229
0.395 -0.435 2.72655
0.395 -0.35 2.12713
0.395 -0.265 1.55226
0.395 -0.18 0.837332
0.395 -0.095 0.441066
0.395 -0.01 0.189693
0.395 0.075 0.0491306
0.395 0.16 0.00986276
0.395 0.245 0
0.395 0.33 0
0.395 0.415 0
0.395 0.5 0
0.45625 -2.9 0
0.45625 -2.815 0
0.45625 -2.73 0
0.45625 -2.645 0.00759241
0.45625 -2.56 0.00759241
0.45625 -2.475 0
0.45625 -2.39 0.0132867
0.45625 -2.305 0.00645109
0.45625 -2.22 0.00569431
0.45625 -2.135 0.0246753
0.45625 -2.05 0.0284715
0.45625 -1.965 0.0512488
0.45625 -1.88 0.0626374
0.45625 -1.795 0.0881137
0.45625 -1.71 0.173484
0.45625 -1.625 0.198916
0.45625 -1.54 0.338235
0.45625 -1.455 0.498432
0.45625 -1.37 0.700817
0.45625 -1.285 0.889089
0.45625 -1.2 1.25538
0.45625 -1.115 1.61026
0.45625 -1.03 2.02901
0.45625 -0.945 2.25562
0.45625 -0.86 2.81509
0.45625 -0.775 3.03416
0.45625 -0.69 3.18937
0.45625 -0.605 3.24808
0.45625 -0.52 3.10476
0.45625 -0.435 2.63391
0.45625 -0.35 2.18513
0.45625 -0.265 1.64409
0.45625 -0.18 1.04827
0.45625 -0.095 0.45415
0.45625 -0.01 0.227983
0.45625 0.075 0.0562501
0.45625 0.16 0.00720788
0.45625 0.245 0.0018981
0.45625 0.33 0
0.45625 0.415 0
0.45625 0.5 0
0.5175 -2.9 0
0.5175 -2.815 0
0.5175 -2.73 0
0.5175 -2.645 0
0.5175 -2.56 0.00379621
0.5175 -2.475 0.00379621
0.5175 -2.39 0.000756783
0.5175 -2.305 0.00569431
0.5175 -2.22 0.0151848
0.5175 -2.135 0.00949052
0.5175 -2.05 0.0474526
0.5175 -1.965 0.0417583
0.5175 -1.88 0.0626374
0.5175 -1.795 0.101356
0.5175 -1.71 0.12793
0.5175 -1.625 0.184873
0.5175 -1.54 0.243758
0.5175 -1.455 0.408464
0.5175 -1.37 0.541319
0.5175 -1.285 0.734257
0.5175 -1.2 1.12441
0.5175 -1.115 1.34809
0.5175 -1.03 1.78571
0.5175 -0.945 2.12839
0.5175 -0.86 2.59131
0.5175 -0.775 2.93673
0.5175 -0.69 3.26812
0.5175 -0.605 3.28589
0.5175 -0.52 3.12581
0.5175 -0.435 2.62734
0.5175 -0.35 2.22556
0.5175 -0.265 1.5965
0.5175 -0.18 0.906264
0.5175 -0.095 0.521833
0.5175 -0.01 0.213303
0.5175 0.075 0.0718072
0.5175 0.16 0.0132744
0.5175 0.245 0.00455299
0.5175 0.33 0
0.5175 0.415 0
0.5175 0.5 0
0.57875 -2.9 0.00379621
0.57875 -2.815 0
0.57875 -2.73 0
0.57875 -2.645 0
0.57875 -2.56 0.0018981
0.57875 -2.475 0
0.57875 -2.39 0.0018981
0.57875 -2.305 0.00759241
0.57875 -2.22 0.00949052
0.57875 -2.135 0.0113886
0.57875 -2.05 0.0273302
0.57875 -1.965 0.0246753
0.57875 -1.88 0.0614961
0.57875 -1.795 0.0702298
0.57875 -1.71 0.151464
0.57875 -1.625 0.143115
0.57875 -1.54 0.229658
0.57875 -1.455 0.316971
0.57875 -1.37 0.501844
0.57875 -1.285 0.744416
0.57875 -1.2 0.9289
0.57875 -1.115 1.299
0.57875 -1.03 1.71845
0.57875 -0.945 1.98036
0.57875 -0.86 2.4977
0.57875 -0.775 2.82414
0.57875 -0.69 3.05983
0.57875 -0.605 3.17156
0.57875 -0.52 2.88316
0.57875 -0.435 2.69537
0.57875 -0.35 2.21532
0.57875 -0.265 1.59835
0.57875 -0.18 1.07848
0.57875 -0.095 0.595248
0.57875 -0.01 0.28813
0.57875 0.075 0.084634
0.57875 0.16 0.0235659
0.57875 0.245 0
0.57875 0.33 0
0.57875 0.415 0
0.57875 0.5 0
0.64 -2.9 0.000756783
0.64 -2.815 0
0.64 -2.73 0
0.64 -2.645 0
0.64 -2.56 0.00379621
0.64 -2.475 0.00379621
0.64 -2.39 0.00379621
0.64 -2.305 0.0018981
0.64 -2.22 0.00949052
0.64 -2.135 0.0170829
0.64 -2.05 0.0170829
0.64 -1.965 0.0265734
0.64 -1.88 0.0569431
0.64 -1.795 0.0493507
0.64 -1.71 0.11009
0.64 -1.625 0.160954
0.64 -1.54 0.217513
0.64 -1.455 0.321953
0.64 -1.37 0.455532
0.64 -1.285 0.594498
0.64 -1.2 0.75846
0.64 -1.115 1.03068
0.64 -1.03 1.42432
0.64 -0.945 1.8995
0.64 -0.86 2.25794
0.64 -0.775 2.608
0.64 -0.69 2.66555
0.64 -0.605 3.00105
0.64 -0.52 2.93444
0.64 -0.435 2.65408
0.64 -0.35 2.07212
0.64 -0.265 1.65914
0.64 -0.18 1.11407
0.64 -0.095 0.598092
0.64 -0.01 0.326976
0.64 0.075 0.125118
0.64 0.16 0.0261766
0.64 0.245 0.00379621
0.64 0.33 0
0.64 0.415 0
0.64 0.5 0
0.70125 -2.9 0
0.70125 -2.815 0
0.70125 -2.73 0.0018981
0.70125 -2.645 0.0018981
0.70125 -2.56 0.0018981
0.70125 -2.475 0.00379621
0.70125 -2.39 0.0018981
0.70125 -2.305 0.0113886
0.70125 -2.22 0.0083492
0.70125 -2.135 0.0113886
0.70125 -2.05 0.0185965
0.70125 -1.965 0.0170829
0.70125 -1.88 0.0266176
0.70125 -1.795 0.0565586
0.70125 -1.71 0.0979323
0.70125 -1.625 0.0968033
0.70125 -1.54 0.165879
0.70125 -1.455 0.278637
0.70125 -1.37 0.365597
0.70125 -1.285 0.487416
0.70125 -1.2 0.756241
0.70125 -1.115 0.980513
0.70125 -1.03 1.2539
0.70125 -0.945 1.56597
0.70125 -0.86 2.05632
0.70125 -0.775 2.33276
0.70125 -0.69 2.44408
0.70125 -0.605 2.67369
0.70125 -0.52 2.63339
0.70125 -0.435 2.45257
0.70125 -0.35 2.17137
0.70125 -0.265 1.68158
0.70125 -0.18 1.15895
0.70125 -0.095 0.654519
0.70125 -0.01 0.330273
0.70125 0.075 0.115584
0.70125 0.16 0.0250918
0.70125 0.245 0.00569431
0.70125 0.33 0
0.70125 0.415 0
0.70125 0.5 0
0.7625 -2.9 0
0.7625 -2.815 0
0.7625 -2.73 0
0.7625 -2.645 0
0.7625 -2.56 0.00379621
0.7625 -2.475 0.0018981
0.7625 -2.39 0.0018981
0.7625 -2.305 0
0.7625 -2.22 0.00910598
0.7625 -2.135 0.0132867
0.7625 -2.05 0.0113886
0.7625 -1.965 0.0113886
0.7625 -1.88 0.0299851
0.7625 -1.795 0.0444132
0.7625 -1.71 0.0626374
0.7625 -1.625 0.0941361
0.7625 -1.54 0.165123
0.7625 -1.455 0.201187
0.7625 -1.37 0.302555
0.7625 -1.285 0.416473
0.7625 -1.2 0.659066
0.7625 -1.115 0.793042
0.7625 -1.03 1.16465
0.7625 -0.945 1.39814
0.7625 -0.86 1.73936
0.7625 -0.775 2.21104
0.7625 -0.69 2.32999
0.7625 -0.605 2.54552
0.7625 -0.52 2.45895
0.7625 -0.435 2.33298
0.7625 -0.35 2.04283
0.7625 -0.265 1.63351
0.7625 -0.18 1.005
0.7625 -0.095 0.661399
0.7625 -0.01 0.328156
0.7625 0.075 0.136451
0.7625 0.16 0.058905
0.7625 0.245 0.00910598
0.7625 0.33 0.0018981
0.7625 0.415 0
0.7625 0.5 0
0.82375 -2.9 0.0018981
0.82375 -2.815 0
0.82375 -2.73 0
0.82375 -2.645 0
0.82375 -2.56 0
0.82375 -2.475 0
0.82375 -2.39 0.00569431
0.82375 -2.305 0.00379621
0.82375 -2.22 0.0018981
0.82375 -2.135 0.00379621
0.82375 -2.05 0.0102473
0.82375 -1.965 0.0254321
0.82375 -1.88 0.0204946
0.82375 -1.795 0.0330687
0.82375 -1.71 0.055045
0.82375 -1.625 0.0736415
0.82375 -1.54 0.124506
0.82375 -1.455 0.165924
0.82375 -1.37 0.26197
0.82375 -1.285 0.344749
0.82375 -1.2 0.55117
0.82375 -1.115 0.690128
0.82375 -1.03 0.945566
0.82375 -0.945 1.21782
0.82375 -0.86 1.59096
0.82375 -0.775 1.89134
0.82375 -0.69 2.08664
0.82375 -0.605 2.47245
0.82375 -0.52 2.30521
0.82375 -0.435 2.19261
0.82375 -0.35 1.94865
0.82375 -0.265 1.54338
0.82375 -0.18 1.09865
0.82375 -0.095 0.666248
0.82375 -0.01 0.358493
0.82375 0.075 0.177988
0.82375 0.16 0.0441489
0.82375 0.245 0.0174552
0.82375 0.33 0.00265489
0.82375 0.415 0
0.82375 0.5 0
0.885 -2.9 0.0018981
0.885 -2.815 0.0018981
0.885 -2.73 0
0.885 -2.645 0
0.885 -2.56 0
0.885 -2.475 0
0.885 -2.39 0.0018981
0.885 -2.305 0.000756783
0.885 -2.22 0.0018981
0.885 -2.135 0.0121454
0.885 -2.05 0.0151848
0.885 -1.965 0.00949052
0.885 -1.88 0.018981
0.885 -1.795 0.0349226
0.885 -1.71 0.0501075
0.885 -1.625 0.0869282
0.885 -1.54 0.115772
0.885 -1.455 0.147668
0.885 -1.37 0.230844
0.885 -1.285 0.318485
0.885 -1.2 0.500734
0.885 -1.115 0.580499
0.885 -1.03 0.909578
0.885 -0.945 1.05622
0.885 -0.86 1.41598
0.885 -0.775 1.71951
0.885 -0.69 1.88001
0.885 -0.605 2.05999
0.885 -0.52 2.13988
0.885 -0.435 2.00644
0.885 -0.35 1.7489
0.885 -0.265 1.48604
0.885 -0.18 1.06088
0.885 -0.095 0.639468
0.885 -0.01 0.355548
0.885 0.075 0.135991
0.885 0.16 0.0650157
0.885 0.245 0.0185965
0.885 0.33 0
0.885 0.415 0
0.885 0.5 0
0.94625 -2.9 0
0.94625 -2.815 0
0.94625 -2.73 0.0018981
0.94625 -2.645 0
0.94625 -2.56 0.00379621
0.94625 -2.475 0
0.94625 -2.39 0.00379621
0.94625 -2.305 0.00759241
0.94625 -2.22 0
0.94625 -2.135 0.00569431
0.94625 -2.05 0.0170829
0.94625 -1.965 0.018981
0.94625 -1.88 0.0159416
0.94625 -1.795 0.0102473
0.94625 -1.71 0.0379621
0.94625 -1.625 0.0736415
0.94625 -1.54 0.0880695
0.94625 -1.455 0.138934
0.94625 -1.37 0.177268
0.94625 -1.285 0.274816
0.94625 -1.2 0.331759
0.94625 -1.115 0.501163
0.94625 -1.03 0.64909
0.94625 -0.945 0.957019
0.94625 -0.86 1.22052
0.94625 -0.775 1.41483
0.94625 -0.69 1.72593
0.94625 -0.605 1.93653
0.94625 -0.52 1.84803
0.94625 -0.435 1.80058
0.94625 -0.35 1.65678
0.94625 -0.265 1.24696
0.94625 -0.18 0.936375
0.94625 -0.095 0.605584
0.94625 -0.01 0.32067
0.94625 0.075 0.152456
0.94625 0.16 0.0627454
0.94625 0.245 0.0102915
0.94625 0.33 0.0018981
0.94625 0.415 0
0.94625 0.5 0
1.0075 -2.9 0
1.0075 -2.815 0
1.0075 -2.73 0
1.0075 -2.645 0
1.0075 -2.56 0
1.0075 -2.475 0.0018981
1.0075 -2.39 0
1.0075 -2.305 0.00569431
1.0075 -2.22 0.00379621
1.0075 -2.135 0.00569431
1.0075 -2.05 0.00645109
1.0075 -1.965 0.018981
1.0075 -1.88 0.0227772
1.0075 -1.795 0.0246753
1.0075 -1.71 0.0375775
1.0075 -1.625 0.0478248
1.0075 -1.54 0.051621
1.0075 -1.455 0.107051
1.0075 -1.37 0.186374
1.0075 -1.285 0.242188
1.0075 -1.2 0.250569
1.0075 -1.115 0.424842
1.0075 -1.03 0.625985
1.0075 -0.945 0.780835
1.0075 -0.86 1.06024
1.0075 -0.775 1.27052
1.0075 -0.69 1.4308
1.0075 -0.605 1.69815
1.0075 -0.52 1.67435
1.0075 -0.435 1.6457
1.0075 -0.35 1.45185
1.0075 -0.265 1.21352
1.0075 -0.18 0.985769
1.0075 -0.095 0.571235
1.0075 -0.01 0.347168
1.0075 0.075 0.155949
1.0075 0.16 0.0573914
1.0075 0.245 0.0303574
1.0075 0.33 0.00455299
1.0075 0.415 0.000756783
1.0075 0.5 0
1.06875 -2.9 0
1.06875 -2.815 0.0018981
1.06875 -2.73 0
1.06875 -2.645 0.0018981
1.06875 -2.56 0
1.06875 -2.475 0.0018981
1.06875 -2.39 0.00379621
1.06875 -2.305 0.00379621
1.06875 -2.22 0.00569431
1.06875 -2.135 0.00379621
1.06875 -2.05 0.00910598
1.06875 -1.965 0.00569431
1.06875 -1.88 0.00759241
1.06875 -1.795 0.0132867
1.06875 -1.71 0.0303697
1.06875 -1.625 0.0394756
1.06875 -1.54 0.040617
1.06875 -1.455 0.100631
1.06875 -1.37 0.110847
1.06875 -1.285 0.143487
1.06875 -1.2 0.265414
1.06875 -1.115 0.309738
1.06875 -1.03 0.532201
1.06875 -0.945 0.721294
1.06875 -0.86 0.83817
1.06875 -0.775 1.14271
1.06875 -0.69 1.31017
1.06875 -0.605 1.47121
1.06875 -0.52 1.48545
1.06875 -0.435 1.47949
1.06875 -0.35 1.32075
1.06875 -0.265 1.14853
1.06875 -0.18 0.830426
1.06875 -0.095 0.587101
1.06875 -0.01 0.296889
1.06875 0.075 0.150834
1.06875 0.16 0.0631618
1.06875 0.245 0.0155571
1.06875 0.33 0.00569431
1.06875 0.415 0.000756783
1.06875 0.5 0
1.13 -2.9 0
1.13 -2.815 0
1.13 -2.73 0
1.13 -2.645 0
1.13 -2.56 0
1.13 -2.475 0
1.13 -2.39 0
1.13 -2.305 0.00569431
1.13 -2.22 0.000756783
1.13 -2.135 0.00379621
1.13 -2.05 0.00949052
1.13 -1.965 0.000756783
1.13 -1.88 0.0227772
1.13 -1.795 0.00910598
1.13 -1.71 0.0216359
1.13 -1.625 0.0546605
1.13 -1.54 0.0413737
1.13 -1.455 0.0690885
1.13 -1.37 0.101728
1.13 -1.285 0.133239
1.13 -1.2 0.227836
1.13 -1.115 0.291899
1.13 -1.03 0.373934
1.13 -0.945 0.493105
1.13 -0.86 0.689783
1.13 -0.775 0.93587
1.13 -0.69 1.04426
1.13 -0.605 1.16857
1.13 -0.52 1.31179
1.13 -0.435 1.24828
1.13 -0.35 1.18747
1.13 -0.265 0.947687
1.13 -0.18 0.804772
1.13 -0.095 0.508609
1.13 -0.01 0.295831
1.13 0.075 0.14072
1.13 0.16 0.0622848
1.13 0.245 0.027034
1.13 0.33 0.00384038
1.13 0.415 0
1.13 0.5 0
1.19125 -2.9 0
1.19125 -2.815 0
1.19125 -2.73 0
1.19125 -2.645 0.0018981
1.19125 -2.56 0
1.19125 -2.475 0
1.19125 -2.39 0
1.19125 -2.305 0.00265489
1.19125 -2.22 0.0018981
1.19125 -2.135 0.00379621
1.19125 -2.05 0
1.19125 -1.965 0.0132867
1.19125 -1.88 0.00569431
1.19125 -1.795 0.0102473
1.19125 -1.71 0.018981
1.19125 -1.625 0.0265734
1.19125 -1.54 0.03264
1.19125 -1.455 0.0519933
1.19125 -1.37 0.0762964
1.19125 -1.285 0.0971632
1.19125 -1.2 0.140447
1.19125 -1.115 0.2027
1.19125 -1.03 0.30255
1.19125 -0.945 0.453642
1.19125 -0.86 0.536825
1.19125 -0.775 0.696033
1.19125 -0.69 0.818107
1.19125 -0.605 0.99185
1.19125 -0.52 1.16058
1.19125 -0.435 1.16231
1.19125 -0.35 1.04957
1.19125 -0.265 0.848123
1.19125 -0.18 0.627113
1.19125 -0.095 0.431669
1.19125 -0.01 0.24127
1.19125 0.075 0.151901
1.19125 0.16 0.0508397
1.19125 0.245 0.0269776
1.19125 0.33 0.00645109
1.19125 0.415 4.41777e-05
1.19125 0.5 0
1.2525 -2.9 0
1.2525 -2.815 0
1.2525 -2.73 0
1.2525 -2.645 0.00379621
1.2525 -2.56 0
1.2525 -2.475 0
1.2525 -2.39 0
1.2525 -2.305 0
1.2525 -2.22 0
1.2525 -2.135 0.00569431
1.2525 -2.05 0.00379621
1.2525 -1.965 0.00379621
1.2525 -1.88 0.00379621
1.2525 -1.795 0.00379621
1.2525 -1.71 0.0159416
1.2525 -1.625 0.00759241
1.2525 -1.54 0.0266176
1.2525 -1.455 0.0452141
1.2525 -1.37 0.0543201
1.2525 -1.285 0.0664778
1.2525 -1.2 0.12455
1.2525 -1.115 0.183335
1.2525 -1.03 0.266555
1.2525 -0.945 0.316966
1.2525 -0.86 0.458227
1.2525 -0.775 0.576225
1.2525 -0.69 0.703065
1.2525 -0.605 0.796206
1.2525 -0.52 0.870417
1.2525 -0.435 0.987445
1.2525 -0.35 0.877828
1.2525 -0.265 0.750725
1.2525 -0.18 0.622138
1.2525 -0.095 0.398997
1.2525 -0.01 0.231092
1.2525 0.075 0.131217
1.2525 0.16 0.0379939
1.2525 0.245 0.0167867
1.2525 0.33 0.00649527
1.2525 0.415 0.0018981
1.2525 0.5 0
1.31375 -2.9 0
1.31375 -2.815 0
1.31375 -2.73 0
1.31375 -2.645 0
1.31375 -2.56 0.0018981
1.31375 -2.475 0
1.31375 -2.39 0
1.31375 -2.305 0.0018981
1.31375 -2.22 0
1.31375 -2.135 0
1.31375 -2.05 0
1.31375 -1.965 0.0018981
1.31375 -1.88 0.00759241
1.31375 -1.795 0.00569431
1.31375 -1.71 0.00645109
1.31375 -1.625 0.0083492
1.31375 -1.54 0.0254321
1.31375 -1.455 0.0319274
1.31375 -1.37 0.0398602
1.31375 -1.285 0.0819907
1.31375 -1.2 0.0880572
1.31375 -1.115 0.116529
1.31375 -1.03 0.19019
1.31375 -0.945 0.234559
1.31375 -0.86 0.323437
1.31375 -0.775 0.433923
1.31375 -0.69 0.608172
1.31375 -0.605 0.611654
1.31375 -0.52 0.772597
1.31375 -0.435 0.806902
1.31375 -0.35 0.732706
1.31375 -0.265 0.634265
1.31375 -0.18 0.50173
1.31375 -0.095 0.316861
1.31375 -0.01 0.196749
1.31375 0.075 0.10405
1.31375 0.16 0.0493703
1.31375 0.245 0.018212
1.31375 0.33 0.00530977
1.31375 0.415 0.0018981
1.31375 0.5 0
1.375 -2.9 0
1.375 -2.815 0
1.375 -2.73 0
1.375 -2.645 0
1.375 -2.56 0
1.375 -2.475 0
1.375 -2.39 0
1.375 -2.305 0.0018981
1.375 -2.22 0
1.375 -2.135 0
1.375 -2.05 0.0018981
1.375 -1.965 0.0018981
1.375 -1.88 0.0018981
1.375 -1.795 0.0018981
1.375 -1.71 0.00759241
1.375 -1.625 0.0113886
1.375 -1.54 0.0121454
1.375 -1.455 0.0292725
1.375 -1.37 0.0284715
1.375 -1.285 0.0444132
1.375 -1.2 0.0790396
1.375 -1.115 0.0839207
1.375 -1.03 0.118175
1.375 -0.945 0.187875
1.375 -0.86 0.225465
1.375 -0.775 0.346655
1.375 -0.69 0.435141
1.375 -0.605 0.545245
1.375 -0.52 0.579002
1.375 -0.435 0.604177
1.375 -0.35 0.617244
1.375 -0.265 0.521921
1.375 -0.18 0.415002
1.375 -0.095 0.27019
1.375 -0.01 0.184263
1.375 0.075 0.101112
1.375 0.16 0.0375652
1.375 0.245 0.0159858
1.375 0.33 0.00645109
1.375 0.415 0
1.375 0.5 0.0018981
1.43625 -2.9 0
1.43625 -2.815 0
1.43625 -2.73 0
1.43625 -2.645 0
1.43625 -2.56 0
1.43625 -2.475 0
1.43625 -2.39 0
1.43625 -2.305 0
1.43625 -2.22 0
1.43625 -2.135 0
1.43625 -2.05 0
1.43625 -1.965 0
1.43625 -1.88 0.00379621
1.43625 -1.795 0.00569431
1.43625 -1.71 0.00569431
1.43625 -1.625 0.0110041
1.43625 -1.54 0.00379621
1.43625 -1.455 0.0223927
1.43625 -1.37 0.0242908
1.43625 -1.285 0.028087
1.43625 -1.2 0.0436564
1.43625 -1.115 0.0945206
1.43625 -1.03 0.0914689
1.43625 -0.945 0.137011
1.43625 -0.86 0.199012
1.43625 -0.775 0.233834
1.43625 -0.69 0.321563
1.43625 -0.605 0.433963
1.43625 -0.52 0.446115
1.43625 -0.435 0.536399
1.43625 -0.35 0.502757
1.43625 -0.265 0.443581
1.43625 -0.18 0.319244
1.43625 -0.095 0.25018
1.43625 -0.01 0.138242
1.43625 0.075 0.0677271
1.43625 0.16 0.041746
1.43625 0.245 0.020583
1.43625 0.33 0.00455299
1.43625 0.415 0.0018981
1.43625 0.5 0
1.4975 -2.9 0
1.4975 -2.815 0
1.4975 -2.73 0
1.4975 -2.645 0
1.4975 -2.56 0
1.4975 -2.475 0
1.4975 -2.39 0
1.4975 -2.305 0
1.4975 -2.22 0
1.4975 -2.135 0.0018981
1.4975 -2.05 0.00379621
1.4975 -1.965 0
1.4975 -1.88 0
1.4975 -1.795 0
1.4975 -1.71 0.00569431
1.4975 -1.625 0.00949052
1.4975 -1.54 0.0083492
1.4975 -1.455 0.0113886
1.4975 -1.37 0.023534
1.4975 -1.285 0.0216359
1.4975 -1.2 0.0375775
1.4975 -1.115 0.0421305
1.4975 -1.03 0.047869
1.4975 -0.945 0.12525
1.4975 -0.86 0.178789
1.4975 -0.775 0.202776
1.4975 -0.69 0.202708
1.4975 -0.605 0.318587
1.4975 -0.52 0.383591
1.4975 -0.435 0.398107
1.4975 -0.35 0.338963
1.4975 -0.265 0.307207
1.4975 -0.18 0.264735
1.4975 -0.095 0.18939
1.4975 -0.01 0.0874403
1.4975 0.075 0.065829
1.4975 0.16 0.0311141
1.4975 0.245 0.0144158
1.4975 0.33 0.00265489
1.4975 0.415 0
1.4975 0.5 0
1.55875 -2.9 0
1.55875 -2.815 0
1.55875 -2.73 0
1.55875 -2.645 0
1.55875 -2.56 0
1.55875 -2.475 0
1.55875 -2.39 0
1.55875 -2.305 0
1.55875 -2.22 0.0018981
1.55875 -2.135 0
1.55875 -2.05 0
1.55875 -1.965 0
1.55875 -1.88 0
1.55875 -1.795 0.0018981
1.55875 -1.71 0.0018981
1.55875 -1.625 0
1.55875 -1.54 0.0114328
1.55875 -1.455 0.00341167
1.55875 -1.37 0.00759241
1.55875 -1.285 0.0212514
1.55875 -1.2 0.0250476
1.55875 -1.115 0.0402324
1.55875 -1.03 0.0626251
1.55875 -0.945 0.0801245
1.55875 -0.86 0.105525
1.55875 -0.775 0.162091
1.55875 -0.69 0.159625
1.55875 -0.605 0.224684
1.55875 -0.52 0.28579
1.55875 -0.435 0.290104
1.55875 -0.35 0.34665
1.55875 -0.265 0.261437
1.55875 -0.18 0.234163
1.55875 -0.095 0.146578
1.55875 -0.01 0.0793431
1.55875 0.075 0.0547807
1.55875 0.16 0.0285034
1.55875 0.245 0.00796466
1.55875 0.33 0.00530977
1.55875 0.415 0.00265489
1.55875 0.5 0
1.62 -2.9 0
1.62 -2.815 0
1.62 -2.73 0
1.62 -2.645 0
1.62 -2.56 0
1.62 -2.475 0
1.62 -2.39 0
1.62 -2.305 0
1.62 -2.22 0
1.62 -2.135 0
1.62 -2.05 0
1.62 -1.965 0
1.62 -1.88 0
1.62 -1.795 0
1.62 -1.71 0.000756783
1.62 -1.625 0
1.62 -1.54 0.0151848
1.62 -1.455 0.00573849
1.62 -1.37 0.00569431
1.62 -1.285 0.0178397
1.62 -1.2 0.0185965
1.62 -1.115 0.0212956
1.62 -1.03 0.0254198
1.62 -0.945 0.0664655
1.62 -0.86 0.0652677
1.62 -0.775 0.112424
1.62 -0.69 0.121101
1.62 -0.605 0.136703
1.62 -0.52 0.167445
1.62 -0.435 0.202387
1.62 -0.35 0.187839
1.62 -0.265 0.175926
1.62 -0.18 0.157374
1.62 -0.095 0.103054
1.62 -0.01 0.0691964
1.62 0.075 0.0489539
1.62 0.16 0.0113763
1.62 0.245 0.00645109
1.62 0.33 0.00379621
1.62 0.415 0
1.62 0.5 0
1.68125 -2.9 0
1.68125 -2.815 0
1.68125 -2.73 0
1.68125 -2.645 0
1.68125 -2.56 0
1.68125 -2.475 0
1.68125 -2.39 0
1.68125 -2.305 0
1.68125 -2.22 0
1.68125 -2.135 0
1.68125 -2.05 0
1.68125 -1.965 0
1.68125 -1.88 0
1.68125 -1.795 0.0018981
1.68125 -1.71 0
1.68125 -1.625 0.0018981
1.68125 -1.54 0.0018981
1.68125 -1.455 0.00379621
1.68125 -1.37 0.00379621
1.68125 -1.285 0.0129022
1.68125 -1.2 0.00080096
1.68125 -1.115 0.0197378
1.68125 -1.03 0.0159416
1.68125 -0.945 0.0451699
1.68125 -0.86 0.0356671
1.68125 -0.775 0.0725443
1.68125 -0.69 0.0828235
1.68125 -0.605 0.0983241
1.68125 -0.52 0.142101
1.68125 -0.435 0.164361
1.68125 -0.35 0.162451
1.68125 -0.265 0.120004
1.68125 -0.18 0.12841
1.68125 -0.095 0.075263
1.68125 -0.01 0.0464757
1.68125 0.075 0.0314987
1.68125 0.16 0.0155571
1.68125 0.245 0.00569431
1.68125 0.33 0
1.68125 0.415 0.0018981
1.68125 0.5 0
1.7425 -2.9 0
1.7425 -2.815 0
1.7425 -2.73 0
1.7425 -2.645 0
1.7425 -2.56 0
1.7425 -2.475 0
1.7425 -2.39 0
1.7425 -2.305 0
1.7425 -2.22 0
1.7425 -2.135 0
1.7425 -2.05 0
1.7425 -1.965 0
1.7425 -1.88 0.0018981
1.7425 -1.795 0
1.7425 -1.71 0
1.7425 -1.625 0
1.7425 -1.54 0
1.7425 -1.455 0.00265489
1.7425 -1.37 0
1.7425 -1.285 0.00569431
1.7425 -1.2 0.00265489
1.7425 -1.115 0.0018981
1.7425 -1.03 0.019782
1.7425 -0.945 0.0307419
1.7425 -0.86 0.0428873
1.7425 -0.775 0.037193
1.7425 -0.69 0.0543643
1.7425 -0.605 0.0755273
1.7425 -0.52 0.0865633
1.7425 -0.435 0.0827548
1.7425 -0.35 0.108263
1.7425 -0.265 0.0751746
1.7425 -0.18 0.0600463
1.7425 -0.095 0.0557772
1.7425 -0.01 0.0281189
1.7425 0.075 0.00915016
1.7425 0.16 0.00080096
1.7425 0.245 0.0018981
1.7425 0.33 0.0018981
1.7425 0.415 0
1.7425 0.5 0
1.80375 -2.9 0
1.80375 -2.815 0
1.80375 -2.73 0
1.80375 -2.645 0
1.80375 -2.56 0
1.80375 -2.475 0
1.80375 -2.39 0
1.80375 -2.305 0
1.80375 -2.22 0
1.80375 -2.135 0
1.80375 -2.05 0
1.80375 -1.965 0
1.80375 -1.88 0
1.80375 -1.795 0
1.80375 -1.71 0
1.80375 -1.625 0
1.80375 -1.54 0.0018981
1.80375 -1.455 0.0083492
1.80375 -1.37 0.00265489
1.80375 -1.285 0.00569431
1.80375 -1.2 0.00379621
1.80375 -1.115 0.00265489
1.80375 -1.03 0.00949052
1.80375 -0.945 0.0171271
1.80375 -0.86 0.0231495
1.80375 -0.775 0.038763
1.80375 -0.69 0.0319716
1.80375 -0.605 0.0565463
1.80375 -0.52 0.075515
1.80375 -0.435 0.0619002
1.80375 -0.35 0.0637983
1.80375 -0.265 0.0698772
1.80375 -0.18 0.0520816
1.80375 -0.095 0.0234145
1.80375 -0.01 0.013659
1.80375 0.075 0.00796466
1.80375 0.16 0.00379621
1.80375 0.245 0.00265489
1.80375 0.33 0
1.80375 0.415 0
1.80375 0.5 0
1.865 -2.9 0
1.865 -2.815 0
1.865 -2.73 0
1.865 -2.645 0
1.865 -2.56 0
1.865 -2.475 0
1.865 -2.39 0
1.865 -2.305 0
1.865 -2.22 0
1.865 -2.135 0
1.865 -2.05 0
1.865 -1.965 0
1.865 -1.88 0.0018981
1.865 -1.795 0
1.865 -1.71 0
1.865 -1.625 0
1.865 -1.54 0
1.865 -1.455 0
1.865 -1.37 0.000756783
1.865 -1.285 0.0018981
1.865 -1.2 0.0018981
1.865 -1.115 0.0121454
1.865 -1.03 0.00379621
1.865 -0.945 0.00265489
1.865 -0.86 0.00759241
1.865 -0.775 0.0193533
1.865 -0.69 0.0402766
1.865 -0.605 0.0239504
1.865 -0.52 0.0250476
1.865 -0.435 0.058104
1.865 -0.35 0.0467596
1.865 -0.265 0.0254198
1.865 -0.18 0.0174994
1.865 -0.095 0.0182561
1.865 -0.01 0.0083492
1.865 0.075 0.00569431
1.865 0.16 0.00759241
1.865 0.245 0
1.865 0.33 0
1.865 0.415 0
1.865 0.5 0
1.92625 -2.9 0
1.92625 -2.815 0
1.92625 -2.73 0
1.92625 -2.645 0
1.92625 -2.56 0
1.92625 -2.475 0
1.92625 -2.39 0
1.92625 -2.305 0
1.92625 -2.22 0
1.92625 -2.135 0
1.92625 -2.05 0
1.92625 -1.965 0
1.92625 -1.88 0.0018981
1.92625 -1.795 0
1.92625 -1.71 0
1.92625 -1.625 0
1.92625 -1.54 0
1.92625 -1.455 0
1.92625 -1.37 0.0018981
1.92625 -1.285 0.00569431
1.92625 -1.2 0
1.92625 -1.115 0.00379621
1.92625 -1.03 0.00379621
1.92625 -0.945 0.00759241
1.92625 -0.86 0.00569431
1.92625 -0.775 0.0132867
1.92625 -0.69 0.0170829
1.92625 -0.605 0.0129022
1.92625 -0.52 0.0239063
1.92625 -0.435 0.0204946
1.92625 -0.35 0.0209552
1.92625 -0.265 0.00535395
1.92625 -0.18 0.0102473
1.92625 -0.095 0.0083492
1.92625 -0.01 0.00645109
1.92625 0.075 0.00379621
1.92625 0.16 0
1.92625 0.245 0
1.92625 0.33 0
1.92625 0.415 0
1.92625 0.5 0
1.9875 -2.9 0
1.9875 -2.815 0
1.9875 -2.73 0
1.9875 -2.645 0
1.9875 -2.56 0
1.9875 -2.475 0
1.9875 -2.39 0
1.9875 -2.305 0
1.9875 -2.22 0
1.9875 -2.135 0
1.9875 -2.05 0
1.9875 -1.965 0
1.9875 -1.88 0
1.9875 -1.795 0
1.9875 -1.71 0
1.9875 -1.625 0
1.9875 -1.54 0
1.9875 -1.455 0
1.9875 -1.37 0.0018981
1.9875 -1.285 0
1.9875 -1.2 0.0018981
1.9875 -1.115 0.0018981
1.9875 -1.03 0
1.9875 -0.945 0
1.9875 -0.86 0.00379621
1.9875 -0.775 0.0018981
1.9875 -0.69 0.00379621
1.9875 -0.605 0.00720788
1.9875 -0.52 0.000756783
1.9875 -0.435 0.0018981
1.9875 -0.35 0.00151357
1.9875 -0.265 0.0018981
1.9875 -0.18 0
1.9875 -0.095 0
1.9875 -0.01 0
1.9875 0.075 0
1.9875 0.16 0
1.9875 0.245 0
1.9875 0.33 0
1.9875 0.415 0
1.9875 0.5 0
2.04875 -2.9 0
2.04875 -2.815 0
2.04875 -2.73 0
2.04875 -2.645 0
2.04875 -2.56 0
2.04875 -2.475 0
2.04875 -2.39 0
2.04875 -2.305 0
2.04875 -2.22 0
2.04875 -2.135 0
2.04875 -2.05 0
2.04875 -1.965 0
2.04875 -1.88 0
2.04875 -1.795 0
2.04875 -1.71 0
2.04875 -1.625 0
2.04875 -1.54 0
2.04875 -1.455 0
2.04875 -1.37 0
2.04875 -1.285 0
2.04875 -1.2 0
2.04875 -1.115 0
2.04875 -1.03 0
2.04875 -0.945 0
2.04875 -0.86 0
2.04875 -0.775 0
2.04875 -0.69 0
2.04875 -0.605 0
2.04875 -0.52 0
2.04875 -0.435 0
2.04875 -0.35 0
2.04875 -0.265 0
2.04875 -0.18 0
2.04875 -0.095 0
2.04875 -0.01 0
2.04875 0.075 0
2.04875 0.16 0
2.04875 0.245 0
2.04875 0.33 0
2.04875 0.415 0
2.04875 0.5 0
2.11 -2.9 0
2.11 -2.815 0
2.11 -2.73 0
2.11 -2.645 0
2.11 -2.56 0
2.11 -2.475 0
2.11 -2.39 0
2.11 -2.305 0
2.11 -2.22 0
2.11 -2.135 0
2.11 -2.05 0
2.11 -1.965 0
2.11 -1.88 0
2.11 -1.795 0
2.11 -1.71 0
2.11 -1.625 0
2.11 -1.54 0
2.11 -1.455 0
2.11 -1.37 0
2.11 -1.285 0
2.11 -1.2 0
2.11 -1.115 0
2.11 -1.03 0
2.11 -0.945 0
2.11 -0.86 0
2.11 -0.775 0
2.11 -0.69 0
2.11 -0.605 0
2.11 -0.52 0
2.11 -0.435 0
2.11 -0.35 0
2.11 -0.265 0
2.11 -0.18 0
2.11 -0.095 0
2.11 -0.01 0
2.11 0.075 0
2.11 0.16 0
2.11 0.245 0
2.11 0.33 0
2.11 0.415 0
2.11 0.5 0
2.17125 -2.9 0
2.17125 -2.815 0
2.17125 -2.73 0
2.17125 -2.645 0
2.17125 -2.56 0
2.17125 -2.475 0
2.17125 -2.39 0
2.17125 -2.305 0
2.17125 -2.22 0
2.17125 -2.135 0
2.17125 -2.05 0
2.17125 -1.965 0
2.17125 -1.88 0
2.17125 -1.795 0
2.17125 -1.71 0
2.17125 -1.625 0
2.17125 -1.54 0
2.17125 -1.455 0
2.17125 -1.37 0
2.17125 -1.285 0
2.17125 -1.2 0
2.17125 -1.115 0
2.17125 -1.03 0
2.17125 -0.945 0
2.17125 -0.86 0
2.17125 -0.775 0
2.17125 -0.69 0
2.17125 -0.605 0
2.17125 -0.52 0
2.17125 -0.435 0
2.17125 -0.35 0
2.17125 -0.265 0
2.17125 -0.18 0
2.17125 -0.095 0
2.17125 -0.01 0
2.17125 0.075 0
2.17125 0.16 0
2.17125 0.245 0
2.17125 0.33 0
2.17125 0.415 0
2.17125 0.5 0
2.2325 -2.9 0
2.2325 -2.815 0
2.2325 -2.73 0
2.2325 -2.645 0
2.2325 -2.56 0
2.2325 -2.475 0
2.2325 -2.39 0
2.2325 -2.305 0
2.2325 -2.22 0
2.2325 -2.135 0
2.2325 -2.05 0
2.2325 -1.965 0
2.2325 -1.88 0
2.2325 -1.795 0
2.2325 -1.71 0
2.2325 -1.625 0
2.2325 -1.54 0
2.2325 -1.455 0
2.2325 -1.37 0
2.2325 -1.285 0
2.2325 -1.2 0
2.2325 -1.115 0
2.2325 -1.03 0
2.2325 -0.945 0
2.2325 -0.86 0
2.2325 -0.775 0
2.2325 -0.69 0
2.2325 -0.605 0
2.2325 -0.52 0
2.2325 -0.435 0
2.2325 -0.35 0
2.2325 -0.265 0
2.2325 -0.18 0
2.2325 -0.095 0
2.2325 -0.01 0
2.2325 0.075 0
2.2325 0.16 0
2.2325 0.245 0
2.2325 0.33 0
2.2325 0.415 0
2.2325 0.5 0
2.29375 -2.9 0
2.29375 -2.815 0
2.29375 -2.73 0
2.29375 -2.645 0
2.29375 -2.56 0
2.29375 -2.475 0
2.29375 -2.39 0
2.29375 -2.305 0
2.29375 -2.22 0
2.29375 -2.135 0
2.29375 -2.05 0
2.29375 -1.965 0
2.29375 -1.88 0
2.29375 -1.795 0
2.29375 -1.71 0
2.29375 -1.625 0
2.29375 -1.54 0
2.29375 -1.455 0
2.29375 -1.37 0
2.29375 -1.285 0
2.29375 -1.2 0
2.29375 -1.115 0
2.29375 -1.03 0
2.29375 -0.945 0
2.29375 -0.86 0
2.29375 -0.775 0
2.29375 -0.69 0
2.29375 -0.605 0
2.29375 -0.52 0
2.29375 -0.435 0
2.29375 -0.35 0
2.29375 -0.265 0
2.29375 -0.18 0
2.29375 -0.095 0
2.29375 -0.01 0
2.29375 0.075 0
2.29375 0.16 0
2.29375 0.245 0
2.29375 0.33 0
2.29375 0.415 0
2.29375 0.5 0
2.355 -2.9 0
2.355 -2.815 0
2.355 -2.73 0
2.355 -2.645 0
2.355 -2.56 0
2.355 -2.475 0
2.355 -2.39 0
2.355 -2.305 0
2.355 -2.22 0
2.355 -2.135 0
2.355 -2.05 0
2.355 -1.965 0
2.355 -1.88 0
2.355 -1.795 0
2.355 -1.71 0
2.355 -1.625 0
2.355 -1.54 0
2.355 -1.455 0
2.355 -1.37 0
2.355 -1.285 0
2.355 -1.2 0
2.355 -1.115 0
2.355 -1.03 0
2.355 -0.945 0
2.355 -0.86 0
2.355 -0.775 0
2.355 -0.69 0
2.355 -0.605 0
2.355 -0.52 0
2.355 -0.435 0
2.355 -0.35 0
2.355 -0.265 0
2.355 -0.18 0
2.355 -0.095 0
2.355 -0.01 0
2.355 0.075 0
2.355 0.16 0
2.355 0.245 0
2.355 0.33 0
2.355 0.415 0
2.355 0.5 0
2.41625 -2.9 0
2.41625 -2.815 0
2.41625 -2.73 0
2.41625 -2.645 0
2.41625 -2.56 0
2.41625 -2.475 0
2.41625 -2.39 0
2.41625 -2.305 0
2.41625 -2.22 0
2.41625 -2.135 0
2.41625 -2.05 0
2.41625 -1.965 0
2.41625 -1.88 0
2.41625 -1.795 0
2.41625 -1.71 0
2.41625 -1.625 0
2.41625 -1.54 0
2.41625 -1.455 0
2.41625 -1.37 0
2.41625 -1.285 0
2.41625 -1.2 0
2.41625 -1.115 0
2.41625 -1.03 0
2.41625 -0.945 0
2.41625 -0.86 0
2.41625 -0.775 0
2.41625 -0.69 0
2.41625 -0.605 0
2.41625 -0.52 0
2.41625 -0.435 0
2.41625 -0.35 0
2.41625 -0.265 0
2.41625 -0.18 0
2.41625 -0.095 0
2.41625 -0.01 0
2.41625 0.075 0
2.41625 0.16 0
2.41625 0.245 0
2.41625 0.33 0
2.41625 0.415 0
2.41625 0.5 0
2.4775 -2.9 0
2.4775 -2.815 0
2.4775 -2.73 0
2.4775 -2.645 0
2.4775 -2.56 0
2.4775 -2.475 0
2.4775 -2.39 0
2.4775 -2.305 0
2.4775 -2.22 0
2.4775 -2.135 0
2.4775 -2.05 0
2.4775 -1.965 0
2.4775 -1.88 0
2.4775 -1.795 0
2.4775 -1.71 0
2.4775 -1.625 0
2.4775 -1.54 0
2.4775 -1.455 0
2.4775 -1.37 0
2.4775 -1.285 0
2.4775 -1.2 0
2.4775 -1.115 0
2.4775 -1.03 0
2.4775 -0.945 0
2.4775 -0.86 0
2.4775 -0.775 0
2.4775 -0.69 0
2.4775 -0.605 0
2.4775 -0.52 0
2.4775 -0.435 0
2.4775 -0.35 0
2.4775 -0.265 0
2.4775 -0.18 0
2.4775 -0.095 0
2.4775 -0.01 0
2.4775 0.075 0
2.4775 0.16 0
2.4775 0.245 0
2.4775 0.33 0
2.4775 0.415 0
2.4775 0.5 0
2.53875 -2.9 0
2.53875 -2.815 0
2.53875 -2.73 0
2.53875 -2.645 0
2.53875 -2.56 0
2.53875 -2.475 0
2.53875 -2.39 0
2.53875 -2.305 0
2.53875 -2.22 0
2.53875 -2.135 0
2.53875 -2.05 0
2.53875 -1.965 0
2.53875 -1.88 0
2.53875 -1.795 0
2.53875 -1.71 0
2.53875 -1.625 0
2.53875 -1.54 0
2.53875 -1.455 0
2.53875 -1.37 0
2.53875 -1.285 0
2.53875 -1.2 0
2.53875 -1.115 0
2.53875 -1.03 0
2.53875 -0.945 0
2.53875 -0.86 0
2.53875 -0.775 0
2.53875 -0.69 0
2.53875 -0.605 0
2.53875 -0.52 0
2.53875 -0.435 0
2.53875 -0.35 0
2.53875 -0.265 0
2.53875 -0.18 0
2.53875 -0.095 0
2.53875 -0.01 0
2.53875 0.075 0
2.53875 0.16 0
2.53875 0.245 0
2.53875 0.33 0
2.53875 0.415 0
2.53875 0.5 0
2.6 -2.9 0
2.6 -2.815 0
2.6 -2.73 0
2.6 -2.645 0
2.6 -2.56 0
2.6 -2.475 0
2.6 -2.39 0
2.6 -2.305 0
2.6 -2.22 0
2.6 -2.135 0
2.6 -2.05 0
2.6 -1.965 0
2.6 -1.88 0
2.6 -1.795 0
2.6 -1.71 0
2.6 -1.625 0
2.6 -1.54 0
2.6 -1.455 0
2.6 -1.37 0
2.6 -1.285 0
2.6 -1.2 0
2.6 -1.115 0
2.6 -1.03 0
2.6 -0.945 0
2.6 -0.86 0
2.6 -0.775 0
2.6 -0.69 0
2.6 -0.605 0
2.6 -0.52 0
2.6 -0.435 0
2.6 -0.35 0
2.6 -0.265 0
2.6 -0.18 0
2.6 -0.095 0
2.6 -0.01 0
2.6 0.075 0
2.6 0.16 0
2.6 0.245 0
2.6 0.33 0
2.6 0.415 0
2.6 0.5 0
