-0.6989700043360187	-21.4831454983057
-0.6920622490570366	-21.47623757304657
-0.6851544937780545	-21.46932965310977
-0.6782467384990724	-21.46242173832865
-0.6758410583255231	-21.460016003787803
-0.6758192350305308	-21.45999418000237
-0.6757974128321038	-21.459972357313568
-0.6757755917301319	-21.4599505357213
-0.675753771724505	-21.45992871522545
-0.675731952815113	-21.45990689582591
-0.6757101350018455	-21.459885077522568
-0.6756883182845926	-21.459863260315313
-0.6756665026632442	-21.459841444204034
-0.6756446881376901	-21.459819629188626
-0.6756228747078202	-21.459797815268974
-0.6756010623735245	-21.459776002444976
-0.6755792511346929	-21.45975419071651
-0.6755574409912155	-21.459732380083473
-0.6755356319429822	-21.459710570545756
-0.6755138239898829	-21.459688762103244
-0.6754920171318078	-21.459666954755832
-0.6754702113686469	-21.459645148503405
-0.6754484067002902	-21.45962334334586
-0.6754266031266277	-21.45960153928308
-0.6754048006475497	-21.45957973631496
-0.6753829992629462	-21.45955793444139
-0.6753611989727073	-21.45953613366225
-0.6753393997767231	-21.459514333977445
-0.675317601674884	-21.459492535386858
-0.6752958046670797	-21.45947073789038
-0.6752740087532008	-21.4594489414879
-0.6752522139331374	-21.45942714617931
-0.6752304202067796	-21.459405351964495
-0.6752086275740177	-21.459383558843353
-0.675186836034742	-21.45936176681577
-0.6751650455888428	-21.459339975881637
-0.6751432562362104	-21.459318186040846
-0.675121467976735	-21.459296397293283
-0.6750996808103068	-21.45927460963884
-0.6750778947368165	-21.459252823077414
-0.6750561097561542	-21.459231037608884
-0.6750343258682101	-21.459209253233144
-0.6750125430728751	-21.45918746995009
-0.6749907613700391	-21.459165687759608
-0.6749689807595928	-21.45914390666159
-0.6749472012414265	-21.459122126655924
-0.6749254228154308	-21.459100347742503
-0.6749036454814961	-21.459078569921214
-0.6748818692395127	-21.45905679319195
-0.6748600940893713	-21.459035017554605
-0.6748383200309624	-21.459013243009064
-0.6748165470641766	-21.458991469555215
-0.6747947751889043	-21.45896969719296
-0.6747730044050361	-21.45894792592218
-0.6747512347124627	-21.458926155742763
-0.6747294661110745	-21.45890438665461
-0.6747076986007623	-21.4588826186576
-0.6746859321814167	-21.458860851751638
-0.6746641668529282	-21.4588390859366
-0.6746424026151877	-21.458817321212386
-0.6746206394680857	-21.458795557578885
-0.6745988774115128	-21.458773795035984
-0.6745771164453601	-21.458752033583576
-0.674555356569518	-21.45873027322155
-0.6745335977838774	-21.4587085139498
-0.674511840088329	-21.458686755768216
-0.6744900834827635	-21.458664998676692
-0.674468327967072	-21.45864324267511
-0.6744465735411449	-21.458621487763367
-0.6744248202048734	-21.45859973394135
-0.6744030679581481	-21.458577981208958
-0.67438131680086	-21.45855622956607
-0.6743595667328998	-21.458534479012584
-0.6743378177541586	-21.45851272954839
-0.6743160698645272	-21.458490981173384
-0.6742943230638966	-21.458469233887445
-0.6742725773521576	-21.458447487690474
-0.6742508327292013	-21.458425742582357
-0.6742290891949186	-21.458403998562986
-0.6742073467492007	-21.458382255632255
-0.6741856053919384	-21.45836051379005
-0.6741638651230226	-21.458338773036267
-0.6741421259423447	-21.458317033370793
-0.6741203878497956	-21.458295294793523
-0.6740986508452662	-21.45827355730434
-0.6740769149286477	-21.458251820903147
-0.6740551800998315	-21.458230085589825
-0.6740334463587082	-21.45820835136427
-0.6740117137051693	-21.45818661822637
-0.673989982139106	-21.45816488617602
-0.6739682516604093	-21.45814315521311
-0.6739465222689703	-21.45812142533753
-0.6739247939646805	-21.458099696549173
-0.6739030667474308	-21.458077968847928
-0.6738813406171128	-21.458056242233685
-0.6738596155736174	-21.458034516706338
-0.6738378916168362	-21.45801279226578
-0.6738161687466601	-21.4579910689119
-0.6737944469629806	-21.457969346644585
-0.6737727262656893	-21.457947625463735
-0.6737510066546771	-21.457925905369233
-0.6737292881298356	-21.457904186360977
-0.673707570691056	-21.457882468438854
-0.6736858543382298	-21.45786075160276
-0.6736641390712486	-21.45783903585258
-0.6736424248900034	-18.804191800448244
-0.6736207117943859	-18.65395384263397
-0.6735989997842874	-18.5660279768393
-0.6735772888595996	-18.503627823984598
-0.6735555790202138	-18.45521833417142
-0.6735338702660214	-18.41565989149017
-0.6735121625969143	-18.382210299161294
-0.6734904560127837	-18.35323246041018
-0.6734687505135212	-18.327670288975682
-0.6734470460990183	-18.304802627438065
-0.6734253427691668	-18.28411506258529
-0.6734036405238581	-18.265227745048335
-0.6733819393629841	-18.247852196199748
-0.6733602392864361	-18.231764165598634
-0.6733385402941058	-18.216785874189192
-0.6733168423858851	-18.202773999243938
-0.6732951455616653	-18.189611307786947
-0.6732734498213384	-18.17720068479311
-0.6732517551647961	-18.165460777956433
-0.6732300615919299	-18.1543227607571
-0.6732083691026317	-18.143727886014933
-0.6731866776967934	-18.133625609023255
-0.6731649873743064	-18.1239721281856
-0.6731432981350629	-18.114729236439018
-0.6731216099789545	-18.1058634072749
-0.6730999229058731	-18.097345060106804
-0.6730782369157102	-18.089147964343514
-0.6730565520083581	-18.081248751880945
-0.6730348681837086	-18.07362651517138
-0.6730131854416534	-18.06626247345286
-0.6729915037820846	-18.059139693722138
-0.6729698232048941	-18.052242856017735
-0.6729481437099736	-18.04555805482867
-0.6729264652972153	-18.039072630155143
-0.6729047879665111	-18.03277502306223
-0.672883111717753	-18.026654651584963
-0.6728614365508329	-18.020701803638104
-0.6728397624656429	-18.014907544208906
-0.6728180894620752	-18.009263634605972
-0.6727964175400216	-18.003762461932496
-0.6727747466993742	-17.99839697726864
-0.6727530769400253	-17.993160641303433
-0.6727314082618666	-17.98804737636438
-0.6727097406647906	-17.983051523961933
-0.6726880741486894	-17.97816780710514
-0.6726664087134547	-17.973391296759257
-0.6726447443589793	-17.968717381910547
-0.6726230810851549	-17.964141742782772
-0.672601418891874	-17.95966032681516
-0.6725797577790286	-17.95526932706726
-0.672558097746511	-17.950965162762202
-0.6725364387942135	-17.94674446171915
-0.6725147809220283	-17.9426040444591
-0.6724931241298479	-17.938540909796235
-0.6724714684175641	-17.934552221751392
-0.6724498137850696	-17.930635297644482
-0.6724281602322566	-17.926787597240924
-0.6724065077590176	-17.923006712841822
-0.6723848563652447	-17.919290360221314
-0.6723632060508303	-17.915636370325448
-0.6723415568156671	-17.91204268165721
-0.6723199086596472	-17.90850733328072
-0.6722982615826631	-17.905028458385054
-0.6722766155846073	-17.901604278354966
-0.6722549706653722	-17.898233097301187
-0.6722333268248502	-17.894913297008348
-0.672211684062934	-17.891643332262767
-0.6721900423795159	-17.888421726526314
-0.6721684017744884	-17.885247067926077
-0.6721467622477442	-17.882118005532586
-0.6721251237991757	-17.879033245901937
-0.6721034864286756	-17.87599154985982
-0.6720818501361364	-17.87299172950727
-0.6720602149214507	-17.870032645430154
-0.6720385807845112	-17.86711320409596
-0.6720169477252104	-17.864232355422914
-0.671995315743441	-17.8613890905081
-0.6719736848390957	-17.858582439502047
-0.6719520550120671	-17.85581146961877
-0.671930426262248	-17.853075283270915
-0.671908798589531	-17.850373016320777
-0.671887171993809	-17.847703836438612
-0.6718655464749745	-17.845066941560397
-0.6718439220329204	-17.84246155843804
-0.6718222986675394	-17.839886941275285
-0.6718006763787245	-17.83734237044341
-0.6717790551663683	-17.834827151271213
-0.6717574350303637	-17.83234061290408
-0.6717358159706035	-17.829882107227558
-0.6717141979869805	-17.827451007851028
-0.6716925810793878	-17.825046709147557
-0.671670965247718	-17.822668625346207
-0.6716493504918642	-17.82031618967341
-0.6716277368117192	-17.817988853540243
-0.671606124207176	-17.81568608577273
-0.6715845126781276	-17.813407371882438
-0.6715629022244669	-17.811152213374836
-0.6715412928460868	-17.808920127093177
-0.6715196845428805	-17.806710644595633
-0.6714980773147409	-17.804523311563752
-0.6714764711615608	-17.80235768724034
-0.6714548660832338	-17.800213343895063
-0.6714332620796525	-17.79808986631605
-0.6714116591507101	-17.795986851326134
-0.6713900572962999	-17.79390390732219
-0.6713684565163145	-17.791840653836307
-0.6713468568106477	-17.789796721117593
-0.6713389832200902	-17.789056369759983
-0.671325258179192	-17.787771749733388
-0.6713036606218411	-17.785765390188892
-0.6712820641384878	-17.783777302564147
-0.6712604687290253	-17.781807156167442
-0.6712388743933472	-17.779854629204248
-0.6712172811313463	-17.777919408460903
-0.671195688942916	-17.776001189002198
-0.6711740978279496	-17.77409967388218
-0.6711525077863403	-17.772214573867483
-0.6711309188179813	-17.770345607172512
-0.671109330922766	-17.768492499205916
-0.6710877441005878	-17.766654982327758
-0.6710661583513399	-17.764832795616808
-0.6710445736749158	-17.76302568464757
-0.6710229900712087	-17.76123340127639
-0.671001407540112	-17.759455703436355
-0.6709798260815192	-17.7576923549405
-0.6709582456953236	-17.755943125292863
-0.6709366663814187	-17.75420778950715
-0.670915088139698	-17.75248612793247
-0.6708935109700548	-17.750777926085995
-0.6708719348723828	-17.74908297449206
-0.6708503598465753	-17.747401068527534
-0.6708287858925257	-17.745732008273066
-0.6708072130101279	-17.74407559837002
-0.6707856411992752	-17.74243164788279
-0.6707640704598612	-17.740799970166286
-0.6707425007917793	-17.739180382738333
-0.6707209321949235	-17.737572707156794
-0.6706993646691869	-17.73597676890115
-0.6706777982144636	-17.73439239725847
-0.6706562328306468	-17.732819425213417
-0.6706346685176304	-17.731257689342236
-0.6706131052753083	-17.729707029710493
-0.6705915431035735	-17.728167289774458
-0.6705699820023203	-17.72663831628592
-0.6705484219714423	-17.725119959200327
-0.6705268630108331	-17.723612071588114
-0.6705053051203864	-17.722114509549073
-0.6704837482999962	-17.720627132129614
-0.6704621925495561	-17.7191498012429
-0.6704406378689598	-17.7176823815916
-0.6704190842581015	-17.716224740593276
-0.6703975317168746	-17.71477674830821
-0.6703759802451731	-17.71333827736965
-0.6703544298428908	-17.71190920291631
-0.6703328805099218	-17.710489402527077
-0.6703113322461597	-17.709078756157876
-0.6702897850514986	-17.707677146080464
-0.6702682389258323	-17.706284456823305
-0.6702466938690549	-17.704900575114213
-0.6702251498810601	-17.703525389824865
-0.6702036069617421	-17.70215879191705
-0.6701820651109947	-17.70080067439056
-0.6701605243287119	-17.69945093223273
-0.670138984614788	-17.6981094623695
-0.6701174459691167	-17.696776163618008
-0.6700959083915923	-17.695450936640594
-0.6700743718821086	-17.6941336839002
-0.6700528364405599	-17.692824309617126
-0.6700313020668403	-17.691522719727054
-0.6700097687608436	-17.690228821840332
-0.6699882365224643	-17.68894252520246
-0.6699667053515963	-17.687663740655715
-0.6699451752481339	-17.686392380601927
-0.6699236462119712	-17.685128358966313
-0.6699021182430024	-17.68387159116234
-0.6698805913411218	-17.682621994057637
-0.6698590655062233	-17.681379485940838
-0.6698375407382015	-17.68014398648937
-0.6698160170369505	-17.67891541673818
-0.6697944944023646	-17.677693699049303
-0.669772972834338	-17.676478757082286
-0.6697514523327651	-17.675270515765444
-0.6697299328975401	-17.67406890126789
-0.6697084145285576	-17.672873840972354
-0.6696868972257115	-17.671685263448712
-0.6696653809888965	-17.670503098428256
-0.669643865818007	-17.669327276778663
-0.6696223517129372	-17.6681577304796
-0.6696008386735814	-17.666994392599022
-0.6695793266998344	-17.665837197270076
-0.6695578157915905	-17.664686079668602
-0.669536305948744	-17.663540975991253
-0.6695147971711894	-17.662401823434184
-0.6694932894588214	-17.66126856017225
-0.6694717828115343	-17.660141125338814
-0.6694502772292226	-17.65901945900601
-0.669428772711781	-17.657903502165546
-0.6694072692591039	-17.65679319670998
-0.669385766871086	-17.65568848541448
-0.6693642655476219	-17.65458931191904
-0.6693427652886059	-17.653495620711134
-0.6693212660939329	-17.652407357108814
-0.6692997679634974	-17.651324467244233
-0.6692782708971942	-17.650246898047534
-0.6692567748949177	-17.649174597231205
-0.6692352799565628	-17.648107513274738
-0.6692137860820241	-17.647045595409732
-0.6691922932711963	-17.645988793605312
-0.6691708015239742	-17.6449370585539
-0.6691493108402523	-17.643890341657364
-0.6691278212199256	-17.64284859501345
-0.6691063326628889	-17.64181177140258
-0.6690848451690368	-17.64077982427491
-0.6690633587382642	-17.639752707737767
-0.6690418733704658	-17.6387303765433
-0.6690203890655366	-17.637712786076477
-0.6689989058233713	-17.636699892343323
-0.6689774236438649	-17.635691651959466
-0.6689559425269122	-17.634688022138903
-0.6689344624724081	-17.633688960683074
-0.6689129834802474	-17.632694425970122
-0.6688915055503253	-17.631704376944462
-0.6688700286825364	-17.630718773106555
-0.6688485528767759	-17.62973757450288
-0.6688270781329386	-17.628760741716196
-0.6688056044509199	-17.627788235855974
-0.6687841318306141	-17.62682001854905
-0.6687626602719168	-17.6258560519305
-0.6687411897747227	-17.624896298634695
-0.6687197203389271	-17.62394072178656
-0.668698251964425	-17.62298928499304
-0.6686767846511114	-17.62204195233471
-0.6686553183988814	-17.621098688357606
-0.6686338532076301	-17.62015945806522
-0.6686123890772526	-17.619224226910674
-0.6685909260076442	-17.618292960789017
-0.6685694639987	-17.617365626029738
-0.668548003050315	-17.61644218938944
-0.6685265431623847	-17.6155226180446
-0.6685050843348039	-17.614606879584578
-0.6684836265674682	-17.613694942004678
-0.6684621698602727	-17.612786773699423
-0.6684407142131126	-17.611882343455942
-0.6684192596258832	-17.610981620447475
-0.6683978060984797	-17.61008457422704
-0.6683763536307976	-17.609191174721246
-0.668354902222732	-17.608301392224167
-0.6683334518741784	-17.607415197391383
-0.6683120025850319	-17.606532561234182
-0.6682905543551881	-17.605653455113774
-0.6682691071845424	-17.604777850735722
-0.6682476610729899	-17.603905720144436
-0.6682262160204264	-17.60303703571777
-0.668204772026747	-17.60217177016175
-0.6681833290918473	-17.6013098965054
-0.6681618872156226	-17.600451388095657
-0.6681404463979685	-17.599596218592406
-0.6681190066387807	-17.59874436196358
-0.6680975679379542	-17.59789579248039
-0.6680761302953848	-17.597050484712636
-0.668054693710968	-17.596208413524085
-0.6680332581845994	-17.595369554067982
-0.6680118237161745	-17.594533881782606
-0.6679903903055889	-17.59370137238692
-0.6679689579527381	-17.592872001876337
-0.6679475266575179	-17.592045746518515
-0.6679260964198237	-17.591222582849266
-0.6679046672395513	-17.590402487668534
-0.6678832391165962	-17.589585438036423
-0.6678618120508542	-17.588771411269352
-0.667840386042221	-17.587960384936245
-0.6678189610905921	-17.58715233685478
-0.6677975371958635	-17.58634724508773
-0.6677761143579308	-17.58554508793938
-0.6677546925766897	-17.584745843951982
-0.667733271852036	-17.58394949190228
-0.6677118521838655	-17.583156010798135
-0.667690433572074	-17.582365379875146
-0.6676690160165573	-17.581577578593382
-0.6676475995172111	-17.58079258663418
-0.6676261840739314	-17.580010383896926
-0.667604769686614	-17.57923095049601
-0.6675833563551546	-17.578454266757728
-0.6675619440794494	-17.577680313217275
-0.6675405328593942	-17.57690907061584
-0.6675191226948847	-17.57614051989767
-0.6674977135858171	-17.57537464220725
-0.6674763055320873	-17.574611418886487
-0.667454898533591	-17.57385083147198
-0.6674334925902246	-17.573092861692317
-0.6674120877018838	-17.572337491465408
-0.6673906838684646	-17.57158470289591
-0.6673692810898632	-17.570834478272626
-0.6673478793659755	-17.570086800066015
-0.6673264786966976	-17.569341650925708
-0.6673050790819255	-17.568599013678067
-0.6672836805215555	-17.56785887132381
-0.6672622830154834	-17.56712120703563
-0.6672408865636055	-17.566386004155916
-0.667219491165818	-17.565653246194465
-0.6671980968220168	-17.564922916826237
-0.6671767035320982	-17.564194999889164
-0.6671553112959585	-17.563469479381997
-0.6671339201134938	-17.56274633946217
-0.6671125299846002	-17.562025564443697
-0.667091140909174	-17.561307138795144
-0.6670697528871113	-17.56059104713758
-0.6670483659183087	-17.55987727424261
-0.6670269800026623	-17.559165805030382
-0.6670055951400683	-17.558456624567693
-0.6669842113304228	-17.557749718066095
-0.6669628285736228	-17.557045070879994
-0.6669414468695639	-17.556342668504858
-0.6669200662181428	-17.555642496575388
-0.6668986866192558	-17.55494454086375
-0.6668773080727993	-17.554248787277817
-0.6668559305786697	-17.553555221859455
-0.6668345541367633	-17.552863830782844
-0.6668131787469765	-17.552174600352775
-0.666791804409206	-17.551487517003057
-0.666770431123348	-17.550802567294852
-0.6667490588892991	-17.550119737915118
-0.6667276877069558	-17.549439015675052
-0.6667063175762145	-17.54876038750851
-0.6666849484969717	-17.548083840470525
-0.6666635804691239	-17.547409361735806
-0.6666422134925679	-17.54673693859725
-0.6666208475671999	-17.546066558464517
-0.6665994826929168	-17.54539820886259
-0.6665781188696149	-17.544731877430383
-0.6665567560971911	-17.54406755191934
-0.6665353943755418	-17.543405220192085
-0.6665140337045637	-17.542744870221078
-0.6664926740841536	-17.542086490087307
-0.6664713155142079	-17.541430067978958
-0.6664499579946234	-17.540775592190155
-0.6664286015252968	-17.540123051119686
-0.6664072461061248	-17.539472433269772
-0.6663858917370041	-17.53882372724483
-0.6663645384178317	-17.53817692175026
-0.666343186148504	-17.537532005591277
-0.6663218349289178	-17.536888967671718
-0.6663004847589702	-17.53624779699289
-0.6662791356385577	-17.535608482652442
-0.6662577875675773	-17.534971013843236
-0.6662364405459257	-17.534335379852237
-0.6662150945734998	-17.533701570059435
-0.6661937496501965	-17.533069573936764
-0.6661724057759126	-17.532439381047038
-0.666151062950545	-17.53181098104292
-0.6661297211739908	-17.53118436366589
-0.6661083804461468	-17.530559518745225
-0.6660870407669098	-17.52993643619701
-0.666065702136177	-17.529315106023137
-0.6660443645538452	-17.52869551831036
-0.6660230280198115	-17.528077663229315
-0.6660016925339727	-17.52746153103357
-0.6659803580962259	-17.526847112058732
-0.6659590247064684	-17.526234396721488
-0.6659376923645969	-17.525623375518727
-0.6659163610705086	-17.525014039026626
-0.6658950308241005	-17.524406377899794
-0.6658737016252698	-17.52380038287039
-0.6658523734739136	-17.523196044747262
-0.6658310463699291	-17.522593354415122
-0.6658097203132132	-17.521992302833695
-0.6657883953036632	-17.521392881036903
-0.6657670713411762	-17.520795080132068
-0.6657457484256495	-17.520198891299096
-0.6657244265569803	-17.51960430578969
-0.6657031057350655	-17.519011314926598
-0.6656817859598028	-17.5184199101028
-0.6656604672310892	-17.517830082780804
-0.6656391495488218	-17.517241824491855
-0.6656178329128981	-17.516655126835225
-0.6655965173232155	-17.516069981477482
-0.6655752027796711	-17.51548638015177
-0.6655538892821621	-17.514904314657098
-0.6655325768305861	-17.514323776857648
-0.6655112654248403	-17.513744758682083
-0.6654899550648221	-17.513167252122877
-0.665468645750429	-17.512591249235616
-0.6654473374815582	-17.512016742138385
-0.6654260302581071	-17.51144372301106
-0.6654047240799733	-17.510872184094712
-0.6653834189470542	-17.51030211769092
-0.6653621148592471	-17.509733516161198
-0.6653408118164497	-17.509166371926334
-0.6653195098185593	-17.508600677465793
-0.6652982088654735	-17.508036425317115
-0.6652769089570897	-17.50747360807531
-0.6652556100933056	-17.506912218392273
-0.6652343122740186	-17.506352248976217
-0.6652130154991264	-17.50579369259108
-0.6651917197685264	-17.505236542055957
-0.6651704250821163	-17.50468079024456
-0.6651491314397938	-17.504126430084646
-0.6651278388414562	-17.503573454557486
-0.6651065472870016	-17.50302185669732
-0.6650852567763272	-17.502471629590822
-0.6650639673093309	-17.501922766376584
-0.6650426788859104	-17.50137526024459
-0.6650213915059634	-17.50082910443571
-0.6650001051693875	-17.50028429224118
-0.6649788198760804	-17.499740817002134
-0.6649575356259401	-17.499198672109067
-0.664936252418864	-17.498657851001386
-0.6649149702547501	-17.498118347166912
-0.6648936891334961	-17.497580154141403
-0.6648724090549999	-17.497043265508093
-0.6648511300191592	-17.496507674897217
-0.664829852025872	-17.49597337598557
-0.6648085750750359	-17.495440362496034
-0.6647872991665489	-17.494908628197145
-0.664766024300309	-17.494378166902646
-0.6647447504762137	-17.49384897247106
-0.6647234776941614	-17.493321038805245
-0.6647022059540497	-17.49279435985197
-0.6646809352557767	-17.49226892960151
-0.6646596655992402	-17.491744742087207
-0.6646383969843382	-17.49122179138508
-0.6646171294109688	-17.49070007161341
-0.6645958628790299	-17.490179576932338
-0.6645745973884195	-17.489660301543466
-0.6645533329390357	-17.489142239689475
-0.6645320695307766	-17.488625385653727
-0.66451080716354	-17.488109733759895
-0.6644895458372242	-17.487595278371572
-0.6644682855517272	-17.487082013891907
-0.6644470263069472	-17.486569934763228
-0.6644312279411081	-17.486190142078428
-0.6644257681027821	-17.48605903546669
-0.6644045109391302	-17.48554931052189
-0.6643832548158897	-17.485040754486544
-0.6643619997329585	-17.484533361956107
-0.664340745690235	-17.484027127563436
-0.6643194926876175	-17.483522045978447
-0.6642982407250039	-17.483018111907757
-0.6642769898022924	-17.48251532009439
-0.6642557399193817	-17.48201366531739
-0.6642344910761696	-17.481513142391538
-0.6642132432725546	-17.481013746166994
-0.6641919965084349	-17.480515471528996
-0.6641707507837087	-17.480018313397544
-0.6641495060982744	-17.479522266727056
-0.6641282624520304	-17.4790273265061
-0.6641070198448749	-17.478533487757055
-0.6640857782767063	-17.47804074553582
-0.6640645377474231	-17.47754909493152
-0.6640432982569235	-17.477058531066184
-0.6640220598051061	-17.476569049094483
-0.6640008223918691	-17.47608064420342
-0.663979586017111	-17.47559331161205
-0.6639583506807304	-17.475107046571193
-0.6639371163826255	-17.474621844363153
-0.6639158831226949	-17.474137700301437
-0.6638946509008372	-17.4736546097305
-0.6638734197169507	-17.473172568025443
-0.6638521895709341	-17.472691570591763
-0.6638309604626857	-17.472211612865088
-0.6638097323921044	-17.471732690310912
-0.6637885053590884	-17.471254798424326
-0.6637672793635365	-17.470777932729774
-0.6637460544053472	-17.470302088780784
-0.6637248304844192	-17.469827262159736
-0.663703607600651	-17.469353448477595
-0.6636823857539413	-17.468880643373673
-0.6636611649441889	-17.46840884251539
-0.6636399451712922	-17.467938041598018
-0.6636187264351501	-17.467468236344455
-0.663597508735661	-17.466999422504994
-0.6635762920727241	-17.466531595857067
-0.6635550764462377	-17.466064752205046
-0.6635338618561006	-17.465598887379986
-0.6635126483022118	-17.465133997239413
-0.6634914357844699	-17.4646700776671
-0.6634702243027736	-17.464207124572845
-0.6634490138570219	-17.463745133892242
-0.6634278044471135	-17.46328410158649
-0.6634065960729472	-17.462824023642142
-0.6633853887344219	-17.462364896070923
-0.6633641824314365	-17.461906714909517
-0.6633429771638899	-17.46144947621934
-0.6633217729316809	-17.460993176086347
-0.6633005697347083	-17.460537810620842
-0.6632793675728712	-17.460083375957247
-0.6632581664460686	-17.45962986825393
-0.6632369663541993	-17.459177283692988
-0.6632157672971623	-17.45872561848006
-0.6631945692748564	-17.458274868844146
-0.6631733722871809	-17.457825031037387
-0.6631521763340347	-17.457376101334912
-0.6631309814153168	-17.456928076034615
-0.6631097875309262	-17.456480951456996
-0.663088594680762	-17.45603472394496
-0.6630674028647233	-17.455589389863643
-0.6630462120827091	-17.455144945600242
-0.6630250223346186	-17.454701387563823
-0.6630038336203509	-17.45425871218514
-0.6629826459398049	-17.45381691591648
-0.6629614592928801	-17.453375995231468
-0.6629402736794754	-17.452935946624926
-0.657523472662126	-17.361422487519526
-0.6506157173831438	-17.28056246104126
-0.6437079621041617	-17.22011927807891
-0.6368002068251795	-17.171521695395032
-0.6298924515461974	-17.130667022263502
-0.6229846962672152	-17.095270216518824
-0.6160769409882331	-17.063927083486274
-0.6091691857092509	-17.035712668627703
-0.6022614304302688	-17.009985287577756
-0.5953536751512867	-16.98628149923703
-0.5884459198723045	-16.96425565179308
-0.5815381645933224	-16.943643067381803
-0.5746304093143403	-16.924236573679888
-0.5677226540353582	-16.905870966435334
-0.560814898756376	-16.888412389329627
-0.5539071434773939	-16.871750874328267
-0.5469993881984118	-16.855794976992005
-0.5400916329194296	-16.84046783812104
-0.5331838776404475	-16.825704239545612
-0.5262761223614654	-16.81144836734014
-0.5193683670824831	-16.797652087805606
-0.5124606118035011	-16.78427360132274
-0.5055528565245189	-16.771276378848384
-0.4986451012455368	-16.7586283127005
-0.4917373459665546	-16.746301031818426
-0.4848295906875725	-16.73426934469205
-0.47792183540859035	-16.72251078241837
-0.4710140801296082	-16.711005221035627
-0.4641063248506261	-16.69973456718092
-0.45719856957164395	-16.688682494741816
-0.4502908142926618	-16.677834222885313
-0.4433830590136797	-16.667176327898975
-0.43647530373469756	-16.6566965828452
-0.42956754845571543	-16.646383820235698
-0.4226597931767333	-16.636227813870057
-0.41575203789775117	-16.626219176715356
-0.408844282618769	-16.616349272282037
-0.40193652733978685	-16.606610137409906
-0.3950287720608047	-16.596994414745147
-0.3881210167818226	-16.58749529348381
-0.38121326150284046	-16.578106457195865
-0.37430550622385833	-16.568822037737643
-0.3673977509448762	-16.559636574419134
-0.36048999566589407	-16.550544977722602
-0.35358224038691194	-16.54154249697669
-0.34667448510792975	-16.53262469147904
-0.3397667298289476	-16.52378740463486
-0.3328589745499655	-16.515026740740726
-0.32595121927098336	-16.50633904409518
-0.31904346399200123	-16.497720880161307
-0.3121357087130191	-16.489169018543876
-0.30522795343403697	-16.480680417574863
-0.29832019815505484	-16.472252210328097
-0.2914124428760727	-16.463881691906675
-0.2845046875970905	-16.45556630786633
-0.2775969323181084	-16.447303643654866
-0.27068917703912626	-16.439091414962235
-0.26378142176014413	-16.43092745888839
-0.256873666481162	-16.42280972584696
-0.24996591120217987	-16.414736272132153
-0.24305815592319774	-16.406705253084557
-0.2361504006442156	-16.398714916798713
-0.22924264536523348	-16.390763598321502
-0.2223348900862513	-16.382849714295972
-0.21542713480726916	-16.37497175801005
-0.20851937952828703	-16.367128294813824
-0.2016116242493049	-16.359317957872776
-0.19470386897032277	-16.35153944422777
-0.18779611369134064	-16.343791511135436
-0.1808883584123585	-16.33607297266521
-0.17398060313337638	-16.32838269653174
-0.16707284785439425	-16.320719601143104
-0.16016509257541212	-16.313082652847527
-0.15325733729642999	-16.305470863362615
-0.14634958201744785	-16.297883287372702
-0.13944182673846572	-16.29031902028125
-0.1325340714594836	-16.282777196106373
-0.12562631618050135	-16.275256985508584
-0.11871856090151922	-16.26775759394094
-0.11181080562253709	-16.260278259912457
-0.10490305034355496	-16.25281825335658
-0.09799529506457283	-16.24537687409707
-0.0910875397855907	-16.237953450404447
-0.08417978450660857	-16.230547337636562
-0.07727202922762644	-16.223157916957433
-0.07036427394864431	-16.21578459412905
-0.06345651866966218	-16.208426798371107
-0.056548763390680046	-16.201083981284146
-0.049641008111697915	-16.187104688697982
-0.042733252832715785	-16.130916427112716
-0.035825497553733654	-16.0509785330766
-0.028917742274751523	-15.69780722281226
-0.024568191490737072	-14.906875964239584
-0.02410886359820726	-14.882698842426295
-0.023650020996726598	-14.857154685062083
-0.023191662661933763	-14.830075890349859
-0.02273378757270735	-14.628894443601082
-0.02227639471115225	-13.164867088511627
-0.022009986995769393	-14.710396810899177
-0.021819483062586086	-14.939391555627065
-0.021363051615525673	-15.234575741425912
-0.02090709936167361	-15.35689300957689
-0.020451625295904902	-15.452033571499577
-0.019996628416253673	-15.529873756896558
-0.015102231716787262	-15.819634824079191
-0.008194476437805132	-15.982801076384664
-0.00128672115882289	-16.072056282776316
0.005621034120159241	-16.088617513550783
0.012528789399141371	-16.098996979151117
0.019436544678123502	-16.101213645899595
0.026344299957105632	-16.097620901765282
0.03325205523608776	-16.092790879157672
0.040159810515069894	-16.087994796060126
0.047067565794052024	-16.08323246544571
0.053975321073034155	-16.078503709159026
0.060883076352016285	-16.073717462112313
0.06779083163099842	-16.06564418428503
0.07469858690998055	-16.05756174794397
0.08160634218896268	-16.049469549707663
0.08851409746794481	-16.039285156569726
0.09542185274692694	-16.028751403647995
0.10232960802590907	-16.018141873840293
0.1092373633048912	-16.007453658049002
0.11614511858387333	-15.996287589233114
0.12305287386285557	-15.984742438745485
0.1299606291418377	-15.973084516583333
0.13686838442081983	-15.961309159425387
0.14377613969980196	-15.94941146979911
0.1506838949787841	-15.939701841145919
0.15759165025776622	-15.930684026580197
0.16449940553674836	-15.921630834694554
0.17140716081573049	-15.912541076544555
0.17831491609471262	-15.903413534561196
0.18522267137369475	-15.894246960853188
0.19213042665267688	-15.885040075434363
0.199038181931659	-15.875160714063966
0.20594593721064114	-15.863921422268284
0.21285369248962327	-15.852576484432952
0.2197614477686054	-15.841121778256154
0.22666920304758753	-15.829552978545724
0.23357695832656966	-15.817151251995442
0.2404847136055518	-15.802311494318273
0.24739246888453392	-15.787202492371742
0.25430022416351616	-15.771809236641367
0.2612079794424983	-15.756115504505651
0.2681157347214804	-15.743714770404347
0.27502349000046256	-15.73228030755392
0.2819312452794447	-15.720730661741646
0.2888390005584268	-15.70906130603299
0.29574675583740895	-15.697267478115565
0.30265451111639097	-15.680337577907402
0.3095622663953732	-15.662236173035849
0.31647002167435545	-15.643659738849742
0.32337777695333747	-15.624573915877457
0.3302855322323197	-15.61127110050432
0.33719328751130173	-15.597805090010024
0.344101042790284	-15.584136259090325
0.351008798069266	-15.570254730200686
0.35791655334824823	-15.555075214290946
0.36482430862723025	-15.538613121708476
0.3717320639062125	-15.521783238101639
0.3786398191851945	-15.504893905386254
0.38554757446417676	-15.487983018733107
0.3924553297431588	-15.470675325603978
0.399363085022141	-15.452944608021609
0.40627084030112304	-15.435445764324966
0.4131785955801053	-15.417597205597978
0.4200863508590873	-15.399288338502563
0.42699410613806954	-15.380486503808687
0.43390186141705156	-15.363077655722103
0.4408096166960338	-15.349134690204373
0.44771737197501604	-15.33496365653061
0.45462512725399806	-15.320254681305276
0.4615328825329803	-15.304216135681866
0.4684406378119623	-15.288027898928023
0.47534839309094457	-15.271698019095076
0.4822561483699266	-15.25864180093841
0.4891639036489088	-15.245399207786777
0.49607165892789085	-15.231961589803188
0.5029794142068731	-15.218319716860638
0.5098871694858551	-15.204463725094232
0.5167949247648373	-15.190383057174214
0.5237026800438194	-15.176066395392276
0.5306104353228016	-15.161501586496819
0.5375181906017836	-15.146675557024224
0.5444259458807659	-15.131574217645586
0.5468263427715132	-15.126259399971163
0.5468481660665055	-15.126210917192974
0.5468699882649325	-15.126162433896429
0.5468918093669044	-15.126113950081216
0.5469136293725313	-15.12606546574702
0.5469354482819233	-15.126016980893533
0.5469572660951908	-15.125968495520443
0.5469790828124437	-15.125920009627437
0.5470008984337921	-15.125871523214203
0.5470227129593463	-15.125823036280428
0.5470445263892161	-15.125774548825802
0.5470663387235118	-15.12572606085001
0.5470881499623435	-15.125677572352744
0.5471099601058208	-15.125629083333694
0.5471317691540541	-15.125580593792538
0.5471535771071534	-15.125532103728975
0.5471753839652285	-15.125483613142686
0.5471971897283894	-15.12543512203336
0.5472189943967462	-15.125386630400692
0.5472407979704085	-15.125338138244361
0.5472626004494865	-15.125289645564058
0.54728440183409	-15.12524115235947
0.5473062021243289	-15.125192658630285
0.5473280013203131	-15.125144164376195
0.5473497994221524	-15.125095669596883
0.5473715964299565	-15.125047174292037
0.5473933923438354	-15.124998678461345
0.5474151871638989	-15.124950182104499
0.5474369808902566	-15.124901685221182
0.5474587735230185	-15.124853187811084
0.5474805650622941	-15.124804689873892
0.5475023555081934	-15.124756191409292
0.5475241448608259	-15.124707692416973
0.5475459331203014	-15.124659192896624
0.5475677202867294	-15.12461069284793
0.5475895063602199	-15.124562192270583
0.5476112913408822	-15.124513691164264
0.5476330752288261	-15.124465189528665
0.5476548580241613	-15.124416687363475
0.5476766397269972	-15.124368184668377
0.5476984203374435	-15.124319681443064
0.5477201998556097	-15.124271177687218
0.5477419782816055	-15.124222673400526
0.5477637556155402	-15.12417416858268
0.5477855318575235	-15.124125663233368
0.5478073070076649	-15.124077157352271
0.5478290810660738	-15.124028650939085
0.5478508540328597	-15.123980143993489
0.547872625908132	-15.123931636515175
0.5478943966920001	-15.123883128503827
0.5479161663845736	-15.123834619959139
0.5479379349859618	-15.123786110880792
0.5479597024962739	-15.123737601268473
0.5479814689156196	-15.123689091121873
0.548003234244108	-15.123640580440679
0.5480249984818486	-15.123592069224573
0.5480467616289506	-15.12354355747325
0.5480685236855235	-15.12349504518639
0.5480902846516762	-15.123446532363685
0.5481120445275183	-15.123398019004823
0.5481338033131589	-15.123349505109482
0.5481555610087073	-15.12330099067736
0.5481773176142728	-15.123252475708139
0.5481990731299644	-15.123203960201508
0.5482208275558914	-15.123155444157149
0.5482425808921629	-15.123106927574755
0.5482643331388882	-15.123058410454009
0.5482860842961764	-15.1230098927946
0.5483078343641367	-15.122961374596215
0.5483295833428777	-15.122912855858543
0.5483513312325091	-15.122864336581264
0.5483730780331397	-15.12281581676407
0.5483948237448787	-15.122767296406652
0.5484165683678349	-15.122718775508686
0.5484383119021176	-15.122670254069867
0.5484600543478356	-15.122621732089877
0.5484817957050979	-15.122573209568408
0.5485035359740136	-15.122524686505143
0.5485252751546915	-15.122476162899773
0.5485470132472408	-15.122427638751978
0.5485687502517701	-15.122379114061447
0.5485904861683886	-15.122330588827868
0.5486122209972049	-15.122282063050932
0.548633954738328	-15.122233536730317
0.5486556873918669	-15.122185009865717
0.5486774189579303	-15.12213648245681
0.548699149436627	-15.122087954503291
0.548720878828066	-15.122039426004847
0.5487426071323558	-15.121990896961156
0.5487643343496055	-15.12194236737191
0.5487860604799235	-15.121893837236795
0.5488077855234189	-15.121845306555501
0.5488295094802002	-15.121796775327706
0.5488512323503761	-15.121748243553107
0.5488729541340556	-15.12169971123138
0.5488946748313471	-15.121651178362216
0.5489163944423592	-15.121602644945305
0.5489381129672006	-15.121554110980325
0.5489598304059802	-15.121505576466971
0.5489815467588064	-15.121457041404923
0.5490032620257878	-15.121408505793873
0.5490249762070329	-14.82815561275892
0.5490466893026504	-14.747743211438664
0.5490684013127489	-14.694774739872818
0.5490901122374366	-14.654644102992949
0.5491118220768225	-14.622118361819002
0.5491335308310148	-14.594670397485435
0.549155238500122	-14.570872496773495
0.5491769450842527	-14.549834057401387
0.5491986505835151	-14.530959914508063
0.549220354998018	-14.513831575468513
0.5492420583278694	-14.498143004078436
0.549263760573178	-14.483663306704202
0.5492854617340522	-14.47021379170751
0.5493071618106002	-14.457653208883729
0.5493288608029304	-14.445867888866319
0.5493505587111513	-14.434764944940717
0.5493722555353711	-14.424267458550599
0.5493939512756979	-14.414310989690195
0.5494156459322402	-14.404840995934258
0.5494373395051064	-14.395810889241222
0.5494590319944046	-14.38718054965655
0.549480723400243	-14.3789151723435
0.5495024137227299	-14.37098436177959
0.5495241029619734	-14.363361411933887
0.5495457911180818	-14.356022728255935
0.5495674781911634	-14.348947359109872
0.5495891641813261	-14.342116612611727
0.5496108490886781	-14.33551374078642
0.5496325329133277	-14.329123677287855
0.5496542156553829	-14.322932818104084
0.5496758973149516	-14.316928837035743
0.5496975778921422	-14.31110052951339
0.5497192573870626	-14.305437679670801
0.549740935799821	-14.299930946625985
0.5497626131305251	-14.294571766722898
0.5497842893792833	-14.289352269110925
0.5498059645462033	-14.284265202530088
0.5498276386313933	-14.279303871557788
0.5498493116349611	-14.274462080882591
0.5498709835570147	-14.269734086418543
0.549892654397662	-14.265114552273651
0.549914324157011	-14.260598512748418
0.5499359928351697	-14.256181338673134
0.5499576604322457	-14.251858707501027
0.5499793269483471	-14.247626576664059
0.5500009923835815	-14.243481159771951
0.5500226567380571	-14.239418905297283
0.5500443200118813	-14.235436477440429
0.5500659822051623	-14.231530738911392
0.5500876433180076	-14.227698735402145
0.5501093033505253	-14.223937681553547
0.5501309623028228	-14.220244948247048
0.5501526201750079	-14.21661805107338
0.5501742769671886	-14.213054639849684
0.5501959326794722	-14.209552489072196
0.5502175873119667	-14.20610948920594
0.5502392408647796	-14.20272363872462
0.5502608933380188	-14.199393036824342
0.5502825447317916	-14.19611587674359
0.5503041950462059	-14.192890439629858
0.5503258442813692	-14.189715088899922
0.5503474924373891	-14.186588265046765
0.5503691395143732	-14.18350848085125
0.5503907855124289	-14.180474316961101
0.5504124304316641	-14.177484417803974
0.550434074272186	-14.174537487804553
0.5504557170341023	-14.171632287878861
0.5504773587175206	-14.168767632181865
0.5504989993225479	-14.165942385086481
0.5505206388492921	-14.163155458374591
0.5505422772978606	-14.1604058086223
0.5505639146683607	-14.157692434763689
0.5505855509608999	-14.155014375818347
0.5506071861755856	-14.152370708769851
0.5506288203125251	-14.149760546583142
0.5506504533718259	-14.147183036350116
0.5506720853535952	-14.144637357553416
0.5506937162579406	-14.142122720439687
0.5507153460849692	-14.13963836449396
0.5507369748347883	-14.137183557007688
0.5507586025075053	-14.134757591733708
0.5507802291032273	-14.132359787621771
0.5508018546220619	-14.129989487628935
0.5508234790641159	-14.127646057599534
0.5508451024294968	-14.125328885209909
0.5508667247183118	-14.123037378973482
0.5508883459306679	-14.120770967301949
0.5509099660666725	-14.118529097618973
0.5509315851264328	-14.116311235522794
0.5509532031100557	-14.11411686399461
0.5509748200176485	-14.111945482649618
0.5509964358493182	-14.109796607028208
0.5510180506051722	-14.10766976792451
0.551039664285317	-14.105564510750112
0.5510612768898602	-14.103480394930685
0.5510828884189086	-14.101416993333526
0.5511044988725694	-14.09937389172411
0.5511261082509494	-14.09735068824987
0.5511477165541558	-14.09534699294968
0.5511693237822956	-14.093362427287417
0.5511909299354754	-14.091396623708215
0.5512125350138025	-14.08944922521618
0.5512341390173838	-14.087519884972176
0.5512557419463262	-14.085608265910723
0.5512773438007365	-14.083714040374755
0.5512989445807217	-14.081836889767388
0.5513205442863887	-14.079976504219664
0.5513337011597479	-14.078851343386091
0.5513421429178442	-14.07813258227341
0.5513637404751952	-14.076304830578474
0.5513853369585485	-14.074492963603436
0.5514069323680109	-14.072696703359144
0.5514285267036891	-14.070915779134436
0.55145011996569	-14.069149927243329
0.5514717121541203	-14.067398890783137
0.5514933032690867	-14.065662419402917
0.551514893310696	-14.063940269081758
0.551536482279055	-14.062232201916398
0.5515580701742703	-14.060537985917666
0.5515796569964484	-14.058857394815362
0.5516012427456964	-14.057190207871134
0.5516228274221205	-14.055536209698987
0.5516444110258277	-14.053895190092986
0.5516659935569244	-14.05226694386189
0.5516875750155171	-14.050651270670343
0.5517091554017127	-14.049047974886292
0.5517307347156176	-14.047456865434423
0.5517523129573383	-14.045877755655184
0.5517738901269814	-14.04431046316935
0.5517954662246536	-14.042754809747636
0.551817041250461	-14.041210621185337
0.5518386152045106	-14.039677727181632
0.5518601880869084	-14.038155961223387
0.5518817598977611	-14.0366451604733
0.5519033306371751	-14.035145165662104
0.551924900305257	-14.033655820984746
0.5519464689021129	-14.032176974000283
0.5519680364278494	-14.030708475535416
0.5519896028825727	-14.029250179591443
0.5520111682663894	-14.027801943254499
0.5520327325794058	-14.026363626608976
0.5520542958217282	-14.02493509265395
0.5520758579934627	-14.023516207222539
0.5520974190947159	-14.022106838903964
0.552118979125594	-14.020706858968364
0.5521405380862032	-14.019316141294109
0.5521620959766498	-14.017934562297583
0.55218365279704	-14.016562000865303
0.5522052085474802	-14.01519833828833
0.5522267632280764	-14.013843458198822
0.5522483168389347	-14.012497246508678
0.5522698693801618	-14.011159591350163
0.5522914208518632	-14.00983038301852
0.5523129712541455	-14.008509513916337
0.5523345205871145	-14.007196878499776
0.5523560688508766	-14.005892373226468
0.5523776160455376	-14.004595896505073
0.552399162171204	-14.00330734864639
0.5524207072279815	-14.002026631816033
0.5524422512159761	-14.000753649988557
0.5524637941352942	-13.999488308902988
0.5524853359860417	-13.998230516019717
0.5525068767683243	-13.996980180478724
0.5525284164822483	-13.995737213059034
0.5525499551279195	-13.994501526139409
0.552571492705444	-13.993273033660222
0.5525930292149277	-13.992051651086452
0.5526145646564763	-13.990837295371762
0.5526360990301961	-13.989629884923641
0.5526576323361927	-13.988429339569572
0.552679164574572	-13.987235580524171
0.5527006957454399	-13.986048530357257
0.5527222258489024	-13.98486811296286
0.5527437548850651	-13.983694253529128
0.5527652828540339	-13.982526878509029
0.5527868097559147	-13.981365915591928
0.552808335590813	-13.980211293675952
0.5528298603588347	-13.9790629428411
0.5528513840600858	-13.977920794323131
0.5528729066946717	-13.976784780488142
0.5528944282626983	-13.975654834807866
0.5529159487642712	-13.974530891835636
0.5529374681994962	-13.97341288718297
0.5529589865684787	-13.97230075749685
0.5529805038713248	-13.971194440437534
0.5530020201081397	-13.970093874657033
0.5530235352790294	-13.968998999778103
0.5530450493840992	-13.967909756373817
0.5530665624234549	-13.966826085947675
0.5530880743972019	-13.965747930914198
0.5531095853054458	-13.964675234580097
0.5531310951482924	-13.963607941125844
0.5531526039258469	-13.962545995587778
0.553174111638215	-13.96148934384063
0.553195618285502	-13.96043793258054
0.5532171238678136	-13.959391709308433
0.5532386283852553	-13.958350622313873
0.5532601318379323	-13.957314620659309
0.5532816342259502	-13.956283654164691
0.5533031355494145	-13.955257673392477
0.5533246358084304	-13.954236629633035
0.5533461350031033	-13.953220474890362
0.5533676331335388	-13.95220916186818
0.553389130199842	-13.951202643956366
0.5534106262021184	-13.9502008752177
0.5534321211404735	-13.94920381037494
0.5534536150150121	-13.9482114047982
0.55347510782584	-13.947223614492652
0.5534965995730622	-13.94624039608647
0.5535180902567839	-13.94526170681911
0.5535395798771106	-13.944287504529846
0.5535610684341474	-13.943317747646562
0.5535825559279994	-13.942352395174824
0.5536040423587721	-13.941391406687192
0.5536255277265704	-13.940434742312787
0.5536470120314997	-13.93948236272709
0.5536684952736649	-13.938534229141972
0.5536899774531714	-13.937590303295972
0.553711458570124	-13.936650547444769
0.5537329386246281	-13.935714924351881
0.5537544176167889	-13.934783397279562
0.553775895546711	-13.933855929979925
0.5537973724144999	-13.932932486686248
0.5538188482202603	-13.932013032104448
0.5538403229640976	-13.9310975314048
0.5538617966461165	-13.930185950213788
0.5538832692664221	-13.929278254606155
0.5539047408251195	-13.928374411097108
0.5539262113223135	-13.927474386634733
0.5539476807581091	-13.926578148592524
0.5539691491326113	-13.925685664762096
0.553990616445925	-13.924796903346062
0.5540120826981549	-13.923911832951044
0.5540335478894062	-13.923030422580844
0.5540550120197837	-13.922152641629742
0.5540764750893921	-13.921278459875973
0.5540979370983363	-13.920407847475287
0.5541193980467213	-13.919540774954683
0.5541408579346517	-13.918677213206262
0.5541623167622324	-13.917817133481215
0.5541837745295681	-13.916960507383891
0.5542052312367637	-13.916107306866065
0.5542266868839237	-13.915257504221255
0.5542481414711532	-13.914411072079172
0.5542695949985565	-13.913567983400304
0.5542910474662388	-13.912728211470586
0.5543124988743043	-13.911891729896194
0.5543339492228581	-13.911058512598412
0.5543553985120044	-13.910228533808649
0.5543768467418482	-13.909401768063512
0.5543982939124938	-13.908578190199997
0.5544197400240464	-13.90775777535077
0.55444118507661	-13.90694049893955
0.5544626290702893	-13.906126336676556
0.554484072005189	-13.905315264554067
0.5545055138814136	-13.904507258842076
0.5545269546990677	-13.903702296083987
0.5545483944582557	-13.90290035309244
0.554569833159082	-13.90210140694518
0.5545912708016515	-13.901305434981037
0.5546127073860682	-13.90051241479595
0.5546341429124368	-13.899722324239098
0.5546555773808618	-13.89893514140908
0.5546770107914474	-13.89815084465017
0.5546984431442981	-13.897369412548652
0.5547198744395184	-13.89659082392923
0.5547413046772126	-13.895815057851474
0.554762733857485	-13.895042093606362
0.5547841619804401	-13.894271910712863
0.5548055890461822	-13.893504488914612
0.5548270150548152	-13.89273980817662
0.5548484400064441	-13.891977848682039
0.5548698639011728	-13.891218590829022
0.5548912867391055	-13.8904620152276
0.5549127085203465	-13.889708102696638
0.5549341292450002	-13.888956834260837
0.5549555489131707	-13.888208191147786
0.5549769675249623	-13.8874621547851
0.554998385080479	-13.88671870679754
0.5550198015798252	-13.88597782900426
0.5550412170231049	-13.88523950341605
0.5550626314104223	-13.884503712232654
0.5550840447418817	-13.883770437840118
0.5551054570175868	-13.883039662808208
0.5551268682376422	-13.882311369887844
0.5551482784021515	-13.881585542008585
0.5551696875112192	-13.880862162276195
0.555191095564949	-13.880141213970191
0.5552125025634452	-13.879422680541472
0.5552339085068118	-13.878706545609985
0.5552553133951527	-13.877992792962422
0.5552767172285717	-13.877281406549955
0.5552981200071732	-13.876572370486011
0.5553195217310608	-13.875865669044098
0.5553409224003387	-13.875161286655652
0.5553623220151108	-13.874459207907917
0.5553837205754809	-13.873759417541875
0.5554051180815529	-13.873061900450208
0.5554265145334308	-13.872366641675274
0.5554479099312183	-13.87167362640715
0.5554693042750195	-13.870982839981668
0.555490697564938	-13.870294267878528
0.5555120898010777	-13.869607895719392
0.5555334809835425	-13.868923709266058
0.5555548711124361	-13.868241694418634
0.5555762601878623	-13.867561837213735
0.5555976482099249	-13.866884123822736
0.5556190351787276	-13.866208540550037
0.5556404210943741	-13.865535073831364
0.555661805956968	-13.864863710232074
0.5556831897666134	-13.864194436445516
0.5557045725234135	-13.863527239291418
0.5557259542274724	-13.862862105714264
0.5557473348788934	-13.862199022781741
0.5557687144777804	-13.86153797768317
0.555790093024237	-13.860878957728008
0.5558114705183667	-13.860221950344329
0.5558328469602731	-13.85956694307734
0.5558542223500597	-13.858913923587957
0.5558755966878303	-13.858262879651338
0.5558969699736882	-13.857613799155496
0.5559183422077372	-13.856966670099904
0.5559397133900805	-13.856321480594135
0.5559610835208219	-13.855678218856498
0.5559824526000646	-13.855036873212732
0.5560038206279123	-13.8543974320947
0.5560251876044684	-13.853759884039093
0.5560465535298363	-13.853124217686167
0.5560679184041195	-13.8524904217785
0.5560892822274214	-13.851858485159768
0.5561106449998452	-13.851228396773529
0.5561320067214945	-13.850600145662026
0.5561533673924726	-13.84997372096503
0.5561747270128827	-13.84934911191867
0.5561960855828285	-13.848726307854294
0.556217443102413	-13.848105298197353
0.5562387995717395	-13.847486072466296
0.5562601549909115	-13.846868620271474
0.5562815093600322	-13.846252931314066
0.5563028626792047	-13.84563899538503
0.5563242149485323	-13.84502680236405
0.5563455661681185	-13.844416342218516
0.5563669163380661	-13.843807605002505
0.5563882654584786	-13.84320058085579
0.5564096135294591	-13.842595260002847
0.5564309605511106	-13.841991632751895
0.5564523065235365	-13.841389689493937
0.5564736514468398	-13.84078942070181
0.5564949953211237	-13.84019081692927
0.5565163381464912	-13.839593868810066
0.5565376799230455	-13.838998567057041
0.5565590206508895	-13.838404902461242
0.5565803603301265	-13.83781286589104
0.5566016989608593	-13.83722244829127
0.5566230365431911	-13.836633640682374
0.5566443730772249	-13.836046434159556
0.5566657085630636	-13.835460819891969
0.5566870430008103	-13.834876789121866
0.5567083763905679	-13.834294333163832
0.5567297087324394	-13.833713443403958
0.5567510400265278	-13.833134111299069
0.5567723702729357	-13.832556328375944
0.5567936994717664	-13.831980086230562
0.5568150276231226	-13.831405376527343
0.5568363547271072	-13.830832190998407
0.556857680783823	-13.830260521442833
0.5568790057933731	-13.829690359725948
0.55690032975586	-13.829121697778612
0.5569216526713867	-13.828554527596511
0.556942974540056	-13.827988841239456
0.5569642953619707	-13.827424630830718
0.5569856151372334	-13.82686188855633
0.5570069338659471	-13.82630060666444
0.5570282515482144	-13.825740777464631
0.5570495681841381	-13.8251823933273
0.5570708837738207	-13.824625446682992
0.5570921983173652	-13.82406993002178
0.5571135118148742	-13.823515835892644
0.5571348242664502	-13.822963156902844
0.557156135672196	-13.822411885717322
0.5571774460322142	-13.821862015058102
0.5571987553466073	-13.82131353770369
0.5572200636154782	-13.820766446488497
0.5572413708389292	-13.820220734302262
0.557262677017063	-13.819676394089479
0.5572839821499822	-13.81913341884884
0.5573052862377892	-13.818591801632671
0.5573265892805866	-13.8180515355464
0.557347891278477	-13.817512613747999
0.5573691922315629	-13.81697502944746
0.5573904921399466	-13.816438775906265
0.5574117910037307	-13.81590384643687
0.5574330888230177	-13.815370234402186
0.5574543855979099	-13.814837933215069
0.5574756813285099	-13.814306936337832
0.55749697601492	-13.813777237281736
0.5575182696572425	-13.813248829606504
0.5575395622555801	-13.812721706919849
0.5575608538100347	-13.812195862876987
0.5575821443207091	-13.811671291180168
0.5576034337877054	-13.811147985578213
0.5576247222111259	-13.81062593986606
0.5576460095910729	-13.810105147884302
0.5576672959276489	-13.809585603518737
0.5576885812209559	-13.809067300699942
0.5577098654710964	-13.808550233402821
0.5577311486781724	-13.808034395646175
0.5577524308422862	-13.807519781492283
0.5577737119635402	-13.807006385046476
0.5577949920420364	-13.806494200456719
0.5578162710778771	-13.805983221913205
0.5578375490711645	-13.805473443647946
0.5578588260220004	-13.804964859934374
0.5578801019304873	-13.804457465086937
0.5579013767967274	-13.803951253460717
0.5579226506208226	-13.803446219451041
0.5579439234028749	-13.802942357493095
0.5579651951429866	-13.802439662061545
0.5579864658412595	-13.80193812767017
0.558007735497796	-13.801437748871491
0.558029004112698	-13.8009385202564
0.5580502716860675	-13.800440436453806
0.5580715382180063	-13.799943492130282
0.5580928037086167	-13.799447681989703
0.5581140681580005	-13.79895300077291
0.5581353315662596	-13.798459443257345
0.5581565939334963	-13.79796700425675
0.558177855259812	-13.797475678620785
0.5581991155453091	-13.796985461234728
0.5582203747900891	-13.796496347019142
0.5582414564387301	-13.796012379633812
0.5582416329942541	-13.796008330929533
0.5582628901579061	-13.795521407956056
0.5582841462811468	-13.795035573123172
0.5583054013640778	-13.794550821489352
0.5583266554068012	-13.794067148146768
0.5583479084094188	-13.793584548220966
0.5583691603720324	-13.793103016870592
0.5583904112947438	-13.792622549287076
0.5584116611776546	-13.792143140694328
0.5584329100208667	-13.791664786348473
0.5584541578244817	-13.791187481537529
0.5584754045886015	-13.790711221581146
0.5584966503133276	-13.790236001830309
0.5585178949987619	-13.789761817667067
0.5585391386450059	-13.789288664504252
0.5585603812521615	-13.7888165377852
0.55858162282033	-13.788345432983492
0.5586028633496132	-13.787875345602682
0.5586241028401127	-13.787406271176028
0.5586453412919302	-13.786938205266228
0.5586665787051672	-13.786471143465182
0.5586878150799253	-13.786005081393709
0.5587090504163059	-13.785540014701308
0.5587302847144109	-13.785075939065909
0.5587515179743413	-13.78461285019362
0.5587727501961992	-13.78415074381848
0.5587939813800856	-13.783689615702228
0.5588152115261023	-13.783229461634052
0.5588364406343506	-13.782770277430357
0.5588576687049319	-13.782312058934528
0.5588788957379479	-13.781854802016703
0.5589001217334998	-13.781398502573538
0.5589213466916891	-13.780943156527979
0.5589425706126171	-13.78048875982905
0.5589637934963854	-13.78003530845161
0.558985015343095	-13.779582798396154
0.5590062361528474	-13.779131225688575
0.5590274559257441	-13.778680586379974
0.5590486746618862	-13.778230876546422
0.5590698923613753	-13.777782092288763
0.5590911090243122	-13.777334229732407
0.5591123246507986	-13.776887285027113
0.5591335392409357	-13.776441254346798
0.5591547527948245	-13.775996133889318
0.5591759653125665	-13.775551919876296
0.5591971767942627	-13.775108608552891
0.5592183872400144	-13.77466619618762
0.5592395966499227	-13.774224679072178
0.559260805024089	-13.77378405352121
0.5592820123626143	-13.773344315872151
0.5593032186655997	-13.772905462485037
0.5593244239331464	-13.772467489742297
0.5593456281653555	-13.772030394048596
0.559366831362328	-13.771594171830635
0.559388033524165	-13.771158819536979
0.5594092346509677	-13.770724333637872
0.559430434742837	-13.770290710625071
0.5594516337998741	-13.769857947011658
0.5594728318221799	-13.769426039331883
0.5594940288098553	-13.768994984140972
0.5595152247630016	-13.768564778014984
0.5595364196817195	-13.768135417550619
0.55955761356611	-13.767706899365063
0.5595788064162742	-13.767279220095824
0.5595999982323129	-13.766852376400568
0.5596211890143271	-13.766426364956958
0.5596423787624176	-13.766001182462492
0.5596635674766854	-13.765576825634348
0.5596847551572313	-13.765153291209227
0.5597059418041562	-13.764730575943199
0.5597271274175608	-13.764308676611549
0.5651492117177124	-13.676083335565334
0.5720569669966944	-13.597585100727354
0.5789647222756766	-13.538559237444575
0.5858724775546587	-13.490899476142543
0.5927802328336409	-13.450698049183098
0.5996879881126229	-13.415767390668643
0.6065957433916052	-13.384949542308185
0.6135034986705872	-13.357254876206754
0.6204112539495694	-13.33196622686847
0.6273190092285514	-13.308638538405146
0.6342267645075337	-13.286939209658831
0.6411345197865157	-13.266613115054932
0.6480422750654979	-13.247460254959348
0.65495003034448	-13.229320928843501
0.6618577856234622	-13.212065582650121
0.6687655409024442	-13.195587666052885
0.6756732961814265	-13.179798488229178
0.6825810514604085	-13.164623436380175
0.6894888067393907	-13.149999145398827
0.696396562018373	-13.135871345225004