# Photon distribution generated from decays of light mesons generated for 100000 impinging protons, with PYTHIA8.2 and modifiers ["SoftQCD:all = on", "111:mayDecay = no", "Beams:idA = 2212","Beams:idB = 2212","Beams:eA = 400","Beams:eB = 0","Beams:frameType = 2"]
# "Log10(p[GeV]), Log10(pT[GeV]), dY[per(GeV^2 N_PoT)]"
-2.3 -2.9 0
-2.3 -2.815 0.00379621
-2.3 -2.73 0.00569431
-2.3 -2.645 0.00949052
-2.3 -2.56 0.0151848
-2.3 -2.475 0.018981
-2.3 -2.39 0.0569431
-2.3 -2.305 0.0584567
-2.3 -2.22 0
-2.3 -2.135 0
-2.3 -2.05 0
-2.3 -1.965 0
-2.3 -1.88 0
-2.3 -1.795 0
-2.3 -1.71 0
-2.3 -1.625 0
-2.3 -1.54 0
-2.3 -1.455 0
-2.3 -1.37 0
-2.3 -1.285 0
-2.3 -1.2 0
-2.3 -1.115 0
-2.3 -1.03 0
-2.3 -0.945 0
-2.3 -0.86 0
-2.3 -0.775 0
-2.3 -0.69 0
-2.3 -0.605 0
-2.3 -0.52 0
-2.3 -0.435 0
-2.3 -0.35 0
-2.3 -0.265 0
-2.3 -0.18 0
-2.3 -0.095 0
-2.3 -0.01 0
-2.3 0.075 0
-2.3 0.16 0
-2.3 0.245 0
-2.3 0.33 0
-2.3 0.415 0
-2.3 0.5 0
-2.23875 -2.9 0
-2.23875 -2.815 0.0018981
-2.23875 -2.73 0
-2.23875 -2.645 0.0113886
-2.23875 -2.56 0.0208791
-2.23875 -2.475 0.018981
-2.23875 -2.39 0.0303697
-2.23875 -2.305 0.0930512
-2.23875 -2.22 0.0937638
-2.23875 -2.135 0
-2.23875 -2.05 0
-2.23875 -1.965 0
-2.23875 -1.88 0
-2.23875 -1.795 0
-2.23875 -1.71 0
-2.23875 -1.625 0
-2.23875 -1.54 0
-2.23875 -1.455 0
-2.23875 -1.37 0
-2.23875 -1.285 0
-2.23875 -1.2 0
-2.23875 -1.115 0
-2.23875 -1.03 0
-2.23875 -0.945 0
-2.23875 -0.86 0
-2.23875 -0.775 0
-2.23875 -0.69 0
-2.23875 -0.605 0
-2.23875 -0.52 0
-2.23875 -0.435 0
-2.23875 -0.35 0
-2.23875 -0.265 0
-2.23875 -0.18 0
-2.23875 -0.095 0
-2.23875 -0.01 0
-2.23875 0.075 0
-2.23875 0.16 0
-2.23875 0.245 0
-2.23875 0.33 0
-2.23875 0.415 0
-2.23875 0.5 0
-2.1775 -2.9 0
-2.1775 -2.815 0.0018981
-2.1775 -2.73 0
-2.1775 -2.645 0.00379621
-2.1775 -2.56 0.0132867
-2.1775 -2.475 0.0170829
-2.1775 -2.39 0.0379621
-2.1775 -2.305 0.0937638
-2.1775 -2.22 0.182218
-2.1775 -2.135 0.0436564
-2.1775 -2.05 0
-2.1775 -1.965 0
-2.1775 -1.88 0
-2.1775 -1.795 0
-2.1775 -1.71 0
-2.1775 -1.625 0
-2.1775 -1.54 0
-2.1775 -1.455 0
-2.1775 -1.37 0
-2.1775 -1.285 0
-2.1775 -1.2 0
-2.1775 -1.115 0
-2.1775 -1.03 0
-2.1775 -0.945 0
-2.1775 -0.86 0
-2.1775 -0.775 0
-2.1775 -0.69 0
-2.1775 -0.605 0
-2.1775 -0.52 0
-2.1775 -0.435 0
-2.1775 -0.35 0
-2.1775 -0.265 0
-2.1775 -0.18 0
-2.1775 -0.095 0
-2.1775 -0.01 0
-2.1775 0.075 0
-2.1775 0.16 0
-2.1775 0.245 0
-2.1775 0.33 0
-2.1775 0.415 0
-2.1775 0.5 0
-2.11625 -2.9 0.0018981
-2.11625 -2.815 0
-2.11625 -2.73 0.00379621
-2.11625 -2.645 0.00379621
-2.11625 -2.56 0.0132867
-2.11625 -2.475 0.0322678
-2.11625 -2.39 0.0379621
-2.11625 -2.305 0.0633942
-2.11625 -2.22 0.0861714
-2.11625 -2.135 0.226631
-2.11625 -2.05 0.00759241
-2.11625 -1.965 0
-2.11625 -1.88 0
-2.11625 -1.795 0
-2.11625 -1.71 0
-2.11625 -1.625 0
-2.11625 -1.54 0
-2.11625 -1.455 0
-2.11625 -1.37 0
-2.11625 -1.285 0
-2.11625 -1.2 0
-2.11625 -1.115 0
-2.11625 -1.03 0
-2.11625 -0.945 0
-2.11625 -0.86 0
-2.11625 -0.775 0
-2.11625 -0.69 0
-2.11625 -0.605 0
-2.11625 -0.52 0
-2.11625 -0.435 0
-2.11625 -0.35 0
-2.11625 -0.265 0
-2.11625 -0.18 0
-2.11625 -0.095 0
-2.11625 -0.01 0
-2.11625 0.075 0
-2.11625 0.16 0
-2.11625 0.245 0
-2.11625 0.33 0
-2.11625 0.415 0
-2.11625 0.5 0
-2.055 -2.9 0
-2.055 -2.815 0.00379621
-2.055 -2.73 0.0018981
-2.055 -2.645 0.00379621
-2.055 -2.56 0.018981
-2.055 -2.475 0.0083492
-2.055 -2.39 0.0246753
-2.055 -2.305 0.0747828
-2.055 -2.22 0.0987014
-2.055 -2.135 0.146154
-2.055 -2.05 0.218282
-2.055 -1.965 0
-2.055 -1.88 0
-2.055 -1.795 0
-2.055 -1.71 0
-2.055 -1.625 0
-2.055 -1.54 0
-2.055 -1.455 0
-2.055 -1.37 0
-2.055 -1.285 0
-2.055 -1.2 0
-2.055 -1.115 0
-2.055 -1.03 0
-2.055 -0.945 0
-2.055 -0.86 0
-2.055 -0.775 0
-2.055 -0.69 0
-2.055 -0.605 0
-2.055 -0.52 0
-2.055 -0.435 0
-2.055 -0.35 0
-2.055 -0.265 0
-2.055 -0.18 0
-2.055 -0.095 0
-2.055 -0.01 0
-2.055 0.075 0
-2.055 0.16 0
-2.055 0.245 0
-2.055 0.33 0
-2.055 0.415 0
-2.055 0.5 0
-1.99375 -2.9 0.0018981
-1.99375 -2.815 0
-1.99375 -2.73 0
-1.99375 -2.645 0.0018981
-1.99375 -2.56 0.00759241
-1.99375 -2.475 0.0227772
-1.99375 -2.39 0.0341659
-1.99375 -2.305 0.0398602
-1.99375 -2.22 0.0968033
-1.99375 -2.135 0.11009
-1.99375 -2.05 0.263881
-1.99375 -1.965 0.152605
-1.99375 -1.88 0
-1.99375 -1.795 0
-1.99375 -1.71 0
-1.99375 -1.625 0
-1.99375 -1.54 0
-1.99375 -1.455 0
-1.99375 -1.37 0
-1.99375 -1.285 0
-1.99375 -1.2 0
-1.99375 -1.115 0
-1.99375 -1.03 0
-1.99375 -0.945 0
-1.99375 -0.86 0
-1.99375 -0.775 0
-1.99375 -0.69 0
-1.99375 -0.605 0
-1.99375 -0.52 0
-1.99375 -0.435 0
-1.99375 -0.35 0
-1.99375 -0.265 0
-1.99375 -0.18 0
-1.99375 -0.095 0
-1.99375 -0.01 0
-1.99375 0.075 0
-1.99375 0.16 0
-1.99375 0.245 0
-1.99375 0.33 0
-1.99375 0.415 0
-1.99375 0.5 0
-1.9325 -2.9 0.0018981
-1.9325 -2.815 0
-1.9325 -2.73 0
-1.9325 -2.645 0.0113886
-1.9325 -2.56 0.00379621
-1.9325 -2.475 0.0113886
-1.9325 -2.39 0.0284715
-1.9325 -2.305 0.0417583
-1.9325 -2.22 0.0645355
-1.9325 -2.135 0.100599
-1.9325 -2.05 0.176524
-1.9325 -1.965 0.375055
-1.9325 -1.88 0.0493507
-1.9325 -1.795 0
-1.9325 -1.71 0
-1.9325 -1.625 0
-1.9325 -1.54 0
-1.9325 -1.455 0
-1.9325 -1.37 0
-1.9325 -1.285 0
-1.9325 -1.2 0
-1.9325 -1.115 0
-1.9325 -1.03 0
-1.9325 -0.945 0
-1.9325 -0.86 0
-1.9325 -0.775 0
-1.9325 -0.69 0
-1.9325 -0.605 0
-1.9325 -0.52 0
-1.9325 -0.435 0
-1.9325 -0.35 0
-1.9325 -0.265 0
-1.9325 -0.18 0
-1.9325 -0.095 0
-1.9325 -0.01 0
-1.9325 0.075 0
-1.9325 0.16 0
-1.9325 0.245 0
-1.9325 0.33 0
-1.9325 0.415 0
-1.9325 0.5 0
-1.87125 -2.9 0.0018981
-1.87125 -2.815 0
-1.87125 -2.73 0
-1.87125 -2.645 0.00569431
-1.87125 -2.56 0.00949052
-1.87125 -2.475 0.0170829
-1.87125 -2.39 0.0273302
-1.87125 -2.305 0.0227772
-1.87125 -2.22 0.0664336
-1.87125 -2.135 0.0842733
-1.87125 -2.05 0.14046
-1.87125 -1.965 0.262695
-1.87125 -1.88 0.4617
-1.87125 -1.795 0
-1.87125 -1.71 0
-1.87125 -1.625 0
-1.87125 -1.54 0
-1.87125 -1.455 0
-1.87125 -1.37 0
-1.87125 -1.285 0
-1.87125 -1.2 0
-1.87125 -1.115 0
-1.87125 -1.03 0
-1.87125 -0.945 0
-1.87125 -0.86 0
-1.87125 -0.775 0
-1.87125 -0.69 0
-1.87125 -0.605 0
-1.87125 -0.52 0
-1.87125 -0.435 0
-1.87125 -0.35 0
-1.87125 -0.265 0
-1.87125 -0.18 0
-1.87125 -0.095 0
-1.87125 -0.01 0
-1.87125 0.075 0
-1.87125 0.16 0
-1.87125 0.245 0
-1.87125 0.33 0
-1.87125 0.415 0
-1.87125 0.5 0
-1.81 -2.9 0
-1.81 -2.815 0
-1.81 -2.73 0
-1.81 -2.645 0.00569431
-1.81 -2.56 0.00569431
-1.81 -2.475 0.0132867
-1.81 -2.39 0.0132867
-1.81 -2.305 0.0284715
-1.81 -2.22 0.0633942
-1.81 -2.135 0.0949052
-1.81 -2.05 0.140075
-1.81 -1.965 0.22967
-1.81 -1.88 0.378479
-1.81 -1.795 0.345487
-1.81 -1.71 0
-1.81 -1.625 0
-1.81 -1.54 0
-1.81 -1.455 0
-1.81 -1.37 0
-1.81 -1.285 0
-1.81 -1.2 0
-1.81 -1.115 0
-1.81 -1.03 0
-1.81 -0.945 0
-1.81 -0.86 0
-1.81 -0.775 0
-1.81 -0.69 0
-1.81 -0.605 0
-1.81 -0.52 0
-1.81 -0.435 0
-1.81 -0.35 0
-1.81 -0.265 0
-1.81 -0.18 0
-1.81 -0.095 0
-1.81 -0.01 0
-1.81 0.075 0
-1.81 0.16 0
-1.81 0.245 0
-1.81 0.33 0
-1.81 0.415 0
-1.81 0.5 0
-1.74875 -2.9 0.0018981
-1.74875 -2.815 0.00379621
-1.74875 -2.73 0
-1.74875 -2.645 0.0018981
-1.74875 -2.56 0.0113886
-1.74875 -2.475 0.00759241
-1.74875 -2.39 0.0208791
-1.74875 -2.305 0.0520056
-1.74875 -2.22 0.0569431
-1.74875 -2.135 0.0797203
-1.74875 -2.05 0.141216
-1.74875 -1.965 0.214858
-1.74875 -1.88 0.341274
-1.74875 -1.795 0.624464
-1.74875 -1.71 0.230043
-1.74875 -1.625 0
-1.74875 -1.54 0
-1.74875 -1.455 0
-1.74875 -1.37 0
-1.74875 -1.285 0
-1.74875 -1.2 0
-1.74875 -1.115 0
-1.74875 -1.03 0
-1.74875 -0.945 0
-1.74875 -0.86 0
-1.74875 -0.775 0
-1.74875 -0.69 0
-1.74875 -0.605 0
-1.74875 -0.52 0
-1.74875 -0.435 0
-1.74875 -0.35 0
-1.74875 -0.265 0
-1.74875 -0.18 0
-1.74875 -0.095 0
-1.74875 -0.01 0
-1.74875 0.075 0
-1.74875 0.16 0
-1.74875 0.245 0
-1.74875 0.33 0
-1.74875 0.415 0
-1.74875 0.5 0
-1.6875 -2.9 0
-1.6875 -2.815 0
-1.6875 -2.73 0.00379621
-1.6875 -2.645 0.00379621
-1.6875 -2.56 0
-1.6875 -2.475 0.00949052
-1.6875 -2.39 0.0132867
-1.6875 -2.305 0.0303697
-1.6875 -2.22 0.0645355
-1.6875 -2.135 0.0835165
-1.6875 -2.05 0.11009
-1.6875 -1.965 0.179178
-1.6875 -1.88 0.257758
-1.6875 -1.795 0.412261
-1.6875 -1.71 0.837468
-1.6875 -1.625 0.0436564
-1.6875 -1.54 0
-1.6875 -1.455 0
-1.6875 -1.37 0
-1.6875 -1.285 0
-1.6875 -1.2 0
-1.6875 -1.115 0
-1.6875 -1.03 0
-1.6875 -0.945 0
-1.6875 -0.86 0
-1.6875 -0.775 0
-1.6875 -0.69 0
-1.6875 -0.605 0
-1.6875 -0.52 0
-1.6875 -0.435 0
-1.6875 -0.35 0
-1.6875 -0.265 0
-1.6875 -0.18 0
-1.6875 -0.095 0
-1.6875 -0.01 0
-1.6875 0.075 0
-1.6875 0.16 0
-1.6875 0.245 0
-1.6875 0.33 0
-1.6875 0.415 0
-1.6875 0.5 0
-1.62625 -2.9 0
-1.62625 -2.815 0
-1.62625 -2.73 0
-1.62625 -2.645 0.00569431
-1.62625 -2.56 0.0018981
-1.62625 -2.475 0.0227772
-1.62625 -2.39 0.00949052
-1.62625 -2.305 0.0246753
-1.62625 -2.22 0.0463113
-1.62625 -2.135 0.0880695
-1.62625 -2.05 0.145013
-1.62625 -1.965 0.18032
-1.62625 -1.88 0.241059
-1.62625 -1.795 0.34507
-1.62625 -1.71 0.571689
-1.62625 -1.625 0.786162
-1.62625 -1.54 0
-1.62625 -1.455 0
-1.62625 -1.37 0
-1.62625 -1.285 0
-1.62625 -1.2 0
-1.62625 -1.115 0
-1.62625 -1.03 0
-1.62625 -0.945 0
-1.62625 -0.86 0
-1.62625 -0.775 0
-1.62625 -0.69 0
-1.62625 -0.605 0
-1.62625 -0.52 0
-1.62625 -0.435 0
-1.62625 -0.35 0
-1.62625 -0.265 0
-1.62625 -0.18 0
-1.62625 -0.095 0
-1.62625 -0.01 0
-1.62625 0.075 0
-1.62625 0.16 0
-1.62625 0.245 0
-1.62625 0.33 0
-1.62625 0.415 0
-1.62625 0.5 0
-1.565 -2.9 0
-1.565 -2.815 0.0018981
-1.565 -2.73 0.0018981
-1.565 -2.645 0.0018981
-1.565 -2.56 0.0018981
-1.565 -2.475 0.00569431
-1.565 -2.39 0.036064
-1.565 -2.305 0.0322678
-1.565 -2.22 0.0512488
-1.565 -2.135 0.0816184
-1.565 -2.05 0.141216
-1.565 -1.965 0.18981
-1.565 -1.88 0.262695
-1.565 -1.795 0.351906
-1.565 -1.71 0.499189
-1.565 -1.625 1.00824
-1.565 -1.54 0.549296
-1.565 -1.455 0
-1.565 -1.37 0
-1.565 -1.285 0
-1.565 -1.2 0
-1.565 -1.115 0
-1.565 -1.03 0
-1.565 -0.945 0
-1.565 -0.86 0
-1.565 -0.775 0
-1.565 -0.69 0
-1.565 -0.605 0
-1.565 -0.52 0
-1.565 -0.435 0
-1.565 -0.35 0
-1.565 -0.265 0
-1.565 -0.18 0
-1.565 -0.095 0
-1.565 -0.01 0
-1.565 0.075 0
-1.565 0.16 0
-1.565 0.245 0
-1.565 0.33 0
-1.565 0.415 0
-1.565 0.5 0
-1.50375 -2.9 0
-1.50375 -2.815 0.0018981
-1.50375 -2.73 0.0018981
-1.50375 -2.645 0.00379621
-1.50375 -2.56 0.00379621
-1.50375 -2.475 0.00759241
-1.50375 -2.39 0.0170829
-1.50375 -2.305 0.0246753
-1.50375 -2.22 0.0474526
-1.50375 -2.135 0.0797203
-1.50375 -2.05 0.133624
-1.50375 -1.965 0.172727
-1.50375 -1.88 0.245612
-1.50375 -1.795 0.334438
-1.50375 -1.71 0.457431
-1.50375 -1.625 0.644958
-1.50375 -1.54 1.30784
-1.50375 -1.455 0.227003
-1.50375 -1.37 0
-1.50375 -1.285 0
-1.50375 -1.2 0
-1.50375 -1.115 0
-1.50375 -1.03 0
-1.50375 -0.945 0
-1.50375 -0.86 0
-1.50375 -0.775 0
-1.50375 -0.69 0
-1.50375 -0.605 0
-1.50375 -0.52 0
-1.50375 -0.435 0
-1.50375 -0.35 0
-1.50375 -0.265 0
-1.50375 -0.18 0
-1.50375 -0.095 0
-1.50375 -0.01 0
-1.50375 0.075 0
-1.50375 0.16 0
-1.50375 0.245 0
-1.50375 0.33 0
-1.50375 0.415 0
-1.50375 0.5 0
-1.4425 -2.9 0
-1.4425 -2.815 0
-1.4425 -2.73 0
-1.4425 -2.645 0.0018981
-1.4425 -2.56 0.0018981
-1.4425 -2.475 0.00569431
-1.4425 -2.39 0.0113886
-1.4425 -2.305 0.018981
-1.4425 -2.22 0.0607393
-1.4425 -2.135 0.0702298
-1.4425 -2.05 0.155644
-1.4425 -1.965 0.203097
-1.4425 -1.88 0.284715
-1.4425 -1.795 0.33027
-1.4425 -1.71 0.413402
-1.4425 -1.625 0.637366
-1.4425 -1.54 0.85375
-1.4425 -1.455 1.45132
-1.4425 -1.37 0
-1.4425 -1.285 0
-1.4425 -1.2 0
-1.4425 -1.115 0
-1.4425 -1.03 0
-1.4425 -0.945 0
-1.4425 -0.86 0
-1.4425 -0.775 0
-1.4425 -0.69 0
-1.4425 -0.605 0
-1.4425 -0.52 0
-1.4425 -0.435 0
-1.4425 -0.35 0
-1.4425 -0.265 0
-1.4425 -0.18 0
-1.4425 -0.095 0
-1.4425 -0.01 0
-1.4425 0.075 0
-1.4425 0.16 0
-1.4425 0.245 0
-1.4425 0.33 0
-1.4425 0.415 0
-1.4425 0.5 0
-1.38125 -2.9 0.0018981
-1.38125 -2.815 0.0018981
-1.38125 -2.73 0
-1.38125 -2.645 0
-1.38125 -2.56 0.00569431
-1.38125 -2.475 0.00379621
-1.38125 -2.39 0.0113886
-1.38125 -2.305 0.0341659
-1.38125 -2.22 0.0379621
-1.38125 -2.135 0.0664336
-1.38125 -2.05 0.125275
-1.38125 -1.965 0.195505
-1.38125 -1.88 0.260797
-1.38125 -1.795 0.343172
-1.38125 -1.71 0.423277
-1.38125 -1.625 0.611561
-1.38125 -1.54 0.840507
-1.38125 -1.455 1.27401
-1.38125 -1.37 1.23981
-1.38125 -1.285 0
-1.38125 -1.2 0
-1.38125 -1.115 0
-1.38125 -1.03 0
-1.38125 -0.945 0
-1.38125 -0.86 0
-1.38125 -0.775 0
-1.38125 -0.69 0
-1.38125 -0.605 0
-1.38125 -0.52 0
-1.38125 -0.435 0
-1.38125 -0.35 0
-1.38125 -0.265 0
-1.38125 -0.18 0
-1.38125 -0.095 0
-1.38125 -0.01 0
-1.38125 0.075 0
-1.38125 0.16 0
-1.38125 0.245 0
-1.38125 0.33 0
-1.38125 0.415 0
-1.38125 0.5 0
-1.32 -2.9 0.0018981
-1.32 -2.815 0.0018981
-1.32 -2.73 0.00759241
-1.32 -2.645 0
-1.32 -2.56 0.00379621
-1.32 -2.475 0.0113886
-1.32 -2.39 0.0151848
-1.32 -2.305 0.0227772
-1.32 -2.22 0.0417583
-1.32 -2.135 0.0759241
-1.32 -2.05 0.11009
-1.32 -1.965 0.182218
-1.32 -1.88 0.251306
-1.32 -1.795 0.326089
-1.32 -1.71 0.466549
-1.32 -1.625 0.581564
-1.32 -1.54 0.696976
-1.32 -1.455 0.947533
-1.32 -1.37 1.63654
-1.32 -1.285 0.63707
-1.32 -1.2 0
-1.32 -1.115 0
-1.32 -1.03 0
-1.32 -0.945 0
-1.32 -0.86 0
-1.32 -0.775 0
-1.32 -0.69 0
-1.32 -0.605 0
-1.32 -0.52 0
-1.32 -0.435 0
-1.32 -0.35 0
-1.32 -0.265 0
-1.32 -0.18 0
-1.32 -0.095 0
-1.32 -0.01 0
-1.32 0.075 0
-1.32 0.16 0
-1.32 0.245 0
-1.32 0.33 0
-1.32 0.415 0
-1.32 0.5 0
-1.25875 -2.9 0
-1.25875 -2.815 0
-1.25875 -2.73 0.00379621
-1.25875 -2.645 0.0018981
-1.25875 -2.56 0.0018981
-1.25875 -2.475 0.0113886
-1.25875 -2.39 0.0151848
-1.25875 -2.305 0.036064
-1.25875 -2.22 0.0512488
-1.25875 -2.135 0.0721279
-1.25875 -2.05 0.113886
-1.25875 -1.965 0.157543
-1.25875 -1.88 0.242957
-1.25875 -1.795 0.376581
-1.25875 -1.71 0.402013
-1.25875 -1.625 0.572843
-1.25875 -1.54 0.771374
-1.25875 -1.455 0.990773
-1.25875 -1.37 1.22916
-1.25875 -1.285 2.06089
-1.25875 -1.2 0.132855
-1.25875 -1.115 0
-1.25875 -1.03 0
-1.25875 -0.945 0
-1.25875 -0.86 0
-1.25875 -0.775 0
-1.25875 -0.69 0
-1.25875 -0.605 0
-1.25875 -0.52 0
-1.25875 -0.435 0
-1.25875 -0.35 0
-1.25875 -0.265 0
-1.25875 -0.18 0
-1.25875 -0.095 0
-1.25875 -0.01 0
-1.25875 0.075 0
-1.25875 0.16 0
-1.25875 0.245 0
-1.25875 0.33 0
-1.25875 0.415 0
-1.25875 0.5 0
-1.1975 -2.9 0
-1.1975 -2.815 0.0018981
-1.1975 -2.73 0
-1.1975 -2.645 0.00379621
-1.1975 -2.56 0.00379621
-1.1975 -2.475 0.0018981
-1.1975 -2.39 0.0151848
-1.1975 -2.305 0.0341659
-1.1975 -2.22 0.0379621
-1.1975 -2.135 0.0949052
-1.1975 -2.05 0.12793
-1.1975 -1.965 0.165135
-1.1975 -1.88 0.26535
-1.1975 -1.795 0.400115
-1.1975 -1.71 0.483632
-1.1975 -1.625 0.582333
-1.1975 -1.54 0.81807
-1.1975 -1.455 0.916059
-1.1975 -1.37 1.15705
-1.1975 -1.285 1.57581
-1.1975 -1.2 1.83887
-1.1975 -1.115 0
-1.1975 -1.03 0
-1.1975 -0.945 0
-1.1975 -0.86 0
-1.1975 -0.775 0
-1.1975 -0.69 0
-1.1975 -0.605 0
-1.1975 -0.52 0
-1.1975 -0.435 0
-1.1975 -0.35 0
-1.1975 -0.265 0
-1.1975 -0.18 0
-1.1975 -0.095 0
-1.1975 -0.01 0
-1.1975 0.075 0
-1.1975 0.16 0
-1.1975 0.245 0
-1.1975 0.33 0
-1.1975 0.415 0
-1.1975 0.5 0
-1.13625 -2.9 0
-1.13625 -2.815 0
-1.13625 -2.73 0.0018981
-1.13625 -2.645 0.0018981
-1.13625 -2.56 0.00379621
-1.13625 -2.475 0.00759241
-1.13625 -2.39 0.0113886
-1.13625 -2.305 0.0265734
-1.13625 -2.22 0.055045
-1.13625 -2.135 0.055045
-1.13625 -2.05 0.106294
-1.13625 -1.965 0.206893
-1.13625 -1.88 0.255103
-1.13625 -1.795 0.359542
-1.13625 -1.71 0.513245
-1.13625 -1.625 0.638519
-1.13625 -1.54 0.767194
-1.13625 -1.455 0.936894
-1.13625 -1.37 1.09977
-1.13625 -1.285 1.31495
-1.13625 -1.2 1.88945
-1.13625 -1.115 1.2421
-1.13625 -1.03 0
-1.13625 -0.945 0
-1.13625 -0.86 0
-1.13625 -0.775 0
-1.13625 -0.69 0
-1.13625 -0.605 0
-1.13625 -0.52 0
-1.13625 -0.435 0
-1.13625 -0.35 0
-1.13625 -0.265 0
-1.13625 -0.18 0
-1.13625 -0.095 0
-1.13625 -0.01 0
-1.13625 0.075 0
-1.13625 0.16 0
-1.13625 0.245 0
-1.13625 0.33 0
-1.13625 0.415 0
-1.13625 0.5 0
-1.075 -2.9 0
-1.075 -2.815 0.00379621
-1.075 -2.73 0
-1.075 -2.645 0.0018981
-1.075 -2.56 0.0018981
-1.075 -2.475 0.00759241
-1.075 -2.39 0.0113886
-1.075 -2.305 0.0284715
-1.075 -2.22 0.055045
-1.075 -2.135 0.0816184
-1.075 -2.05 0.104396
-1.075 -1.965 0.204995
-1.075 -1.88 0.271429
-1.075 -1.795 0.405053
-1.075 -1.71 0.480977
-1.075 -1.625 0.630927
-1.075 -1.54 0.810862
-1.075 -1.455 1.0652
-1.075 -1.37 1.14499
-1.075 -1.285 1.28127
-1.075 -1.2 1.55532
-1.075 -1.115 2.31712
-1.075 -1.03 0.510585
-1.075 -0.945 0
-1.075 -0.86 0
-1.075 -0.775 0
-1.075 -0.69 0
-1.075 -0.605 0
-1.075 -0.52 0
-1.075 -0.435 0
-1.075 -0.35 0
-1.075 -0.265 0
-1.075 -0.18 0
-1.075 -0.095 0
-1.075 -0.01 0
-1.075 0.075 0
-1.075 0.16 0
-1.075 0.245 0
-1.075 0.33 0
-1.075 0.415 0
-1.075 0.5 0
-1.01375 -2.9 0
-1.01375 -2.815 0.0018981
-1.01375 -2.73 0.0018981
-1.01375 -2.645 0
-1.01375 -2.56 0.00569431
-1.01375 -2.475 0.00759241
-1.01375 -2.39 0.018981
-1.01375 -2.305 0.036064
-1.01375 -2.22 0.0455545
-1.01375 -2.135 0.111988
-1.01375 -2.05 0.125275
-1.01375 -1.965 0.22967
-1.01375 -1.88 0.30825
-1.01375 -1.795 0.361396
-1.01375 -1.71 0.526531
-1.01375 -1.625 0.756202
-1.01375 -1.54 0.916399
-1.01375 -1.455 1.03638
-1.01375 -1.37 1.19731
-1.01375 -1.285 1.39203
-1.01375 -1.2 1.49767
-1.01375 -1.115 1.845
-1.01375 -1.03 2.49347
-1.01375 -0.945 0.0265734
-1.01375 -0.86 0
-1.01375 -0.775 0
-1.01375 -0.69 0
-1.01375 -0.605 0
-1.01375 -0.52 0
-1.01375 -0.435 0
-1.01375 -0.35 0
-1.01375 -0.265 0
-1.01375 -0.18 0
-1.01375 -0.095 0
-1.01375 -0.01 0
-1.01375 0.075 0
-1.01375 0.16 0
-1.01375 0.245 0
-1.01375 0.33 0
-1.01375 0.415 0
-1.01375 0.5 0
-0.9525 -2.9 0.0018981
-0.9525 -2.815 0
-0.9525 -2.73 0.00379621
-0.9525 -2.645 0.00379621
-0.9525 -2.56 0.00379621
-0.9525 -2.475 0.00379621
-0.9525 -2.39 0.0132867
-0.9525 -2.305 0.0170829
-0.9525 -2.22 0.0417583
-0.9525 -2.135 0.0778222
-0.9525 -2.05 0.111988
-0.9525 -1.965 0.212588
-0.9525 -1.88 0.272186
-0.9525 -1.795 0.430869
-0.9525 -1.71 0.532226
-0.9525 -1.625 0.73835
-0.9525 -1.54 0.869704
-0.9525 -1.455 1.10697
-0.9525 -1.37 1.25879
-0.9525 -1.285 1.42172
-0.9525 -1.2 1.52346
-0.9525 -1.115 1.68583
-0.9525 -1.03 2.05225
-0.9525 -0.945 1.83311
-0.9525 -0.86 0
-0.9525 -0.775 0
-0.9525 -0.69 0
-0.9525 -0.605 0
-0.9525 -0.52 0
-0.9525 -0.435 0
-0.9525 -0.35 0
-0.9525 -0.265 0
-0.9525 -0.18 0
-0.9525 -0.095 0
-0.9525 -0.01 0
-0.9525 0.075 0
-0.9525 0.16 0
-0.9525 0.245 0
-0.9525 0.33 0
-0.9525 0.415 0
-0.9525 0.5 0
-0.89125 -2.9 0.0018981
-0.89125 -2.815 0.00379621
-0.89125 -2.73 0.0018981
-0.89125 -2.645 0.0018981
-0.89125 -2.56 0.00569431
-0.89125 -2.475 0.00759241
-0.89125 -2.39 0.00569431
-0.89125 -2.305 0.0322678
-0.89125 -2.22 0.0417583
-0.89125 -2.135 0.0759241
-0.89125 -2.05 0.108192
-0.89125 -1.965 0.197403
-0.89125 -1.88 0.305595
-0.89125 -1.795 0.383417
-0.89125 -1.71 0.558042
-0.89125 -1.625 0.682176
-0.89125 -1.54 0.944871
-0.89125 -1.455 1.08537
-0.89125 -1.37 1.23987
-0.89125 -1.285 1.46604
-0.89125 -1.2 1.55491
-0.89125 -1.115 1.78155
-0.89125 -1.03 1.79523
-0.89125 -0.945 2.48547
-0.89125 -0.86 0.917222
-0.89125 -0.775 0
-0.89125 -0.69 0
-0.89125 -0.605 0
-0.89125 -0.52 0
-0.89125 -0.435 0
-0.89125 -0.35 0
-0.89125 -0.265 0
-0.89125 -0.18 0
-0.89125 -0.095 0
-0.89125 -0.01 0
-0.89125 0.075 0
-0.89125 0.16 0
-0.89125 0.245 0
-0.89125 0.33 0
-0.89125 0.415 0
-0.89125 0.5 0
-0.83 -2.9 0.0018981
-0.83 -2.815 0.00379621
-0.83 -2.73 0.0018981
-0.83 -2.645 0.00569431
-0.83 -2.56 0.00379621
-0.83 -2.475 0.00759241
-0.83 -2.39 0.0170829
-0.83 -2.305 0.0303697
-0.83 -2.22 0.0455545
-0.83 -2.135 0.0664336
-0.83 -2.05 0.132867
-0.83 -1.965 0.204995
-0.83 -1.88 0.269531
-0.83 -1.795 0.422136
-0.83 -1.71 0.523876
-0.83 -1.625 0.749366
-0.83 -1.54 0.936509
-0.83 -1.455 1.1582
-0.83 -1.37 1.41676
-0.83 -1.285 1.40233
-0.83 -1.2 1.7219
-0.83 -1.115 1.81115
-0.83 -1.03 1.81786
-0.83 -0.945 2.05413
-0.83 -0.86 2.58915
-0.83 -0.775 0.26462
-0.83 -0.69 0
-0.83 -0.605 0
-0.83 -0.52 0
-0.83 -0.435 0
-0.83 -0.35 0
-0.83 -0.265 0
-0.83 -0.18 0
-0.83 -0.095 0
-0.83 -0.01 0
-0.83 0.075 0
-0.83 0.16 0
-0.83 0.245 0
-0.83 0.33 0
-0.83 0.415 0
-0.83 0.5 0
-0.76875 -2.9 0.00379621
-0.76875 -2.815 0.0018981
-0.76875 -2.73 0.0018981
-0.76875 -2.645 0.0018981
-0.76875 -2.56 0.00569431
-0.76875 -2.475 0.00569431
-0.76875 -2.39 0.00949052
-0.76875 -2.305 0.0284715
-0.76875 -2.22 0.0474526
-0.76875 -2.135 0.0626374
-0.76875 -2.05 0.132867
-0.76875 -1.965 0.18981
-0.76875 -1.88 0.324576
-0.76875 -1.795 0.39746
-0.76875 -1.71 0.540959
-0.76875 -1.625 0.815043
-0.76875 -1.54 1.02392
-0.76875 -1.455 1.23227
-0.76875 -1.37 1.43191
-0.76875 -1.285 1.63309
-0.76875 -1.2 1.69691
-0.76875 -1.115 1.83621
-0.76875 -1.03 1.97931
-0.76875 -0.945 2.01239
-0.76875 -0.86 2.05557
-0.76875 -0.775 2.11367
-0.76875 -0.69 0
-0.76875 -0.605 0
-0.76875 -0.52 0
-0.76875 -0.435 0
-0.76875 -0.35 0
-0.76875 -0.265 0
-0.76875 -0.18 0
-0.76875 -0.095 0
-0.76875 -0.01 0
-0.76875 0.075 0
-0.76875 0.16 0
-0.76875 0.245 0
-0.76875 0.33 0
-0.76875 0.415 0
-0.76875 0.5 0
-0.7075 -2.9 0.00949052
-0.7075 -2.815 0.00379621
-0.7075 -2.73 0
-0.7075 -2.645 0.0018981
-0.7075 -2.56 0.00569431
-0.7075 -2.475 0.0018981
-0.7075 -2.39 0.0132867
-0.7075 -2.305 0.0303697
-0.7075 -2.22 0.0455545
-0.7075 -2.135 0.0816184
-0.7075 -2.05 0.091109
-0.7075 -1.965 0.211446
-0.7075 -1.88 0.322678
-0.7075 -1.795 0.478322
-0.7075 -1.71 0.569431
-0.7075 -1.625 0.812004
-0.7075 -1.54 1.15594
-0.7075 -1.455 1.17644
-0.7075 -1.37 1.54086
-0.7075 -1.285 1.77469
-0.7075 -1.2 1.8271
-0.7075 -1.115 1.98543
-0.7075 -1.03 2.06847
-0.7075 -0.945 2.09918
-0.7075 -0.86 1.9645
-0.7075 -0.775 2.24658
-0.7075 -0.69 1.31454
-0.7075 -0.605 0
-0.7075 -0.52 0
-0.7075 -0.435 0
-0.7075 -0.35 0
-0.7075 -0.265 0
-0.7075 -0.18 0
-0.7075 -0.095 0
-0.7075 -0.01 0
-0.7075 0.075 0
-0.7075 0.16 0
-0.7075 0.245 0
-0.7075 0.33 0
-0.7075 0.415 0
-0.7075 0.5 0
-0.64625 -2.9 0.0018981
-0.64625 -2.815 0.0018981
-0.64625 -2.73 0.00759241
-0.64625 -2.645 0.0018981
-0.64625 -2.56 0.0132867
-0.64625 -2.475 0.0113886
-0.64625 -2.39 0.0170829
-0.64625 -2.305 0.0170829
-0.64625 -2.22 0.0474526
-0.64625 -2.135 0.0683317
-0.64625 -2.05 0.125275
-0.64625 -1.965 0.20765
-0.64625 -1.88 0.318881
-0.64625 -1.795 0.453647
-0.64625 -1.71 0.554246
-0.64625 -1.625 0.79796
-0.64625 -1.54 1.03825
-0.64625 -1.455 1.36211
-0.64625 -1.37 1.58111
-0.64625 -1.285 1.68548
-0.64625 -1.2 1.88097
-0.64625 -1.115 2.02216
-0.64625 -1.03 2.11371
-0.64625 -0.945 2.13307
-0.64625 -0.86 2.09325
-0.64625 -0.775 1.97006
-0.64625 -0.69 2.27098
-0.64625 -0.605 0.470468
-0.64625 -0.52 0
-0.64625 -0.435 0
-0.64625 -0.35 0
-0.64625 -0.265 0
-0.64625 -0.18 0
-0.64625 -0.095 0
-0.64625 -0.01 0
-0.64625 0.075 0
-0.64625 0.16 0
-0.64625 0.245 0
-0.64625 0.33 0
-0.64625 0.415 0
-0.64625 0.5 0
-0.585 -2.9 0.0018981
-0.585 -2.815 0.00379621
-0.585 -2.73 0
-0.585 -2.645 0.00569431
-0.585 -2.56 0.00569431
-0.585 -2.475 0.00569431
-0.585 -2.39 0.0208791
-0.585 -2.305 0.0208791
-0.585 -2.22 0.0531469
-0.585 -2.135 0.0702298
-0.585 -2.05 0.132867
-0.585 -1.965 0.18032
-0.585 -1.88 0.269531
-0.585 -1.795 0.461996
-0.585 -1.71 0.591067
-0.585 -1.625 0.789226
-0.585 -1.54 1.04092
-0.585 -1.455 1.37991
-0.585 -1.37 1.61413
-0.585 -1.285 1.77165
-0.585 -1.2 2.11448
-0.585 -1.115 2.21881
-0.585 -1.03 2.3305
-0.585 -0.945 2.33129
-0.585 -0.86 2.13113
-0.585 -0.775 2.01495
-0.585 -0.69 1.94421
-0.585 -0.605 1.76748
-0.585 -0.52 0.046299
-0.585 -0.435 0
-0.585 -0.35 0
-0.585 -0.265 0
-0.585 -0.18 0
-0.585 -0.095 0
-0.585 -0.01 0
-0.585 0.075 0
-0.585 0.16 0
-0.585 0.245 0
-0.585 0.33 0
-0.585 0.415 0
-0.585 0.5 0
-0.52375 -2.9 0
-0.52375 -2.815 0.00379621
-0.52375 -2.73 0.0018981
-0.52375 -2.645 0.00569431
-0.52375 -2.56 0.00379621
-0.52375 -2.475 0.0113886
-0.52375 -2.39 0.018981
-0.52375 -2.305 0.018981
-0.52375 -2.22 0.0493507
-0.52375 -2.135 0.0645355
-0.52375 -2.05 0.113886
-0.52375 -1.965 0.176524
-0.52375 -1.88 0.286614
-0.52375 -1.795 0.427073
-0.52375 -1.71 0.594106
-0.52375 -1.625 0.856417
-0.52375 -1.54 1.03788
-0.52375 -1.455 1.3837
-0.52375 -1.37 1.65361
-0.52375 -1.285 1.96041
-0.52375 -1.2 2.09589
-0.52375 -1.115 2.28146
-0.52375 -1.03 2.40212
-0.52375 -0.945 2.32584
-0.52375 -0.86 2.27113
-0.52375 -0.775 2.02316
-0.52375 -0.69 1.78162
-0.52375 -0.605 1.68678
-0.52375 -0.52 1.10592
-0.52375 -0.435 0
-0.52375 -0.35 0
-0.52375 -0.265 0
-0.52375 -0.18 0
-0.52375 -0.095 0
-0.52375 -0.01 0
-0.52375 0.075 0
-0.52375 0.16 0
-0.52375 0.245 0
-0.52375 0.33 0
-0.52375 0.415 0
-0.52375 0.5 0
-0.4625 -2.9 0
-0.4625 -2.815 0.0018981
-0.4625 -2.73 0
-0.4625 -2.645 0.00949052
-0.4625 -2.56 0.00379621
-0.4625 -2.475 0.0113886
-0.4625 -2.39 0.00949052
-0.4625 -2.305 0.0227772
-0.4625 -2.22 0.0436564
-0.4625 -2.135 0.0759241
-0.4625 -2.05 0.0968033
-0.4625 -1.965 0.214486
-0.4625 -1.88 0.315085
-0.4625 -1.795 0.423277
-0.4625 -1.71 0.577023
-0.4625 -1.625 0.771387
-0.4625 -1.54 1.11683
-0.4625 -1.455 1.42813
-0.4625 -1.37 1.68967
-0.4625 -1.285 1.96149
-0.4625 -1.2 2.2242
-0.4625 -1.115 2.46521
-0.4625 -1.03 2.65764
-0.4625 -0.945 2.49286
-0.4625 -0.86 2.4496
-0.4625 -0.775 2.15808
-0.4625 -0.69 1.98601
-0.4625 -0.605 1.60528
-0.4625 -0.52 1.46059
-0.4625 -0.435 0.459414
-0.4625 -0.35 0
-0.4625 -0.265 0
-0.4625 -0.18 0
-0.4625 -0.095 0
-0.4625 -0.01 0
-0.4625 0.075 0
-0.4625 0.16 0
-0.4625 0.245 0
-0.4625 0.33 0
-0.4625 0.415 0
-0.4625 0.5 0
-0.40125 -2.9 0.0018981
-0.40125 -2.815 0.0018981
-0.40125 -2.73 0.0018981
-0.40125 -2.645 0
-0.40125 -2.56 0.0018981
-0.40125 -2.475 0.0151848
-0.40125 -2.39 0.0113886
-0.40125 -2.305 0.0246753
-0.40125 -2.22 0.0417583
-0.40125 -2.135 0.074026
-0.40125 -2.05 0.101356
-0.40125 -1.965 0.181077
-0.40125 -1.88 0.261938
-0.40125 -1.795 0.451749
-0.40125 -1.71 0.609291
-0.40125 -1.625 0.852621
-0.40125 -1.54 1.0971
-0.40125 -1.455 1.40193
-0.40125 -1.37 1.71321
-0.40125 -1.285 2.02449
-0.40125 -1.2 2.34485
-0.40125 -1.115 2.53354
-0.40125 -1.03 2.68497
-0.40125 -0.945 2.85349
-0.40125 -0.86 2.66214
-0.40125 -0.775 2.55805
-0.40125 -0.69 2.20545
-0.40125 -0.605 1.7087
-0.40125 -0.52 1.33657
-0.40125 -0.435 1.06425
-0.40125 -0.35 0.0843567
-0.40125 -0.265 0
-0.40125 -0.18 0
-0.40125 -0.095 0
-0.40125 -0.01 0
-0.40125 0.075 0
-0.40125 0.16 0
-0.40125 0.245 0
-0.40125 0.33 0
-0.40125 0.415 0
-0.40125 0.5 0
-0.34 -2.9 0.00379621
-0.34 -2.815 0.0018981
-0.34 -2.73 0.0018981
-0.34 -2.645 0.00379621
-0.34 -2.56 0.00949052
-0.34 -2.475 0.0132867
-0.34 -2.39 0.0132867
-0.34 -2.305 0.0227772
-0.34 -2.22 0.0341659
-0.34 -2.135 0.0797203
-0.34 -2.05 0.104396
-0.34 -1.965 0.176524
-0.34 -1.88 0.298002
-0.34 -1.795 0.414543
-0.34 -1.71 0.549309
-0.34 -1.625 0.739876
-0.34 -1.54 1.12025
-0.34 -1.455 1.48279
-0.34 -1.37 1.64109
-0.34 -1.285 2.03551
-0.34 -1.2 2.5377
-0.34 -1.115 2.55134
-0.34 -1.03 2.80601
-0.34 -0.945 2.93097
-0.34 -0.86 2.81481
-0.34 -0.775 2.6417
-0.34 -0.69 2.40837
-0.34 -0.605 1.80015
-0.34 -0.52 1.46231
-0.34 -0.435 1.02404
-0.34 -0.35 0.590006
-0.34 -0.265 0
-0.34 -0.18 0
-0.34 -0.095 0
-0.34 -0.01 0
-0.34 0.075 0
-0.34 0.16 0
-0.34 0.245 0
-0.34 0.33 0
-0.34 0.415 0
-0.34 0.5 0
-0.27875 -2.9 0
-0.27875 -2.815 0.00379621
-0.27875 -2.73 0.00759241
-0.27875 -2.645 0.00379621
-0.27875 -2.56 0.00759241
-0.27875 -2.475 0.0113886
-0.27875 -2.39 0.0208791
-0.27875 -2.305 0.0227772
-0.27875 -2.22 0.0273302
-0.27875 -2.135 0.0645355
-0.27875 -2.05 0.125275
-0.27875 -1.965 0.142358
-0.27875 -1.88 0.260797
-0.27875 -1.795 0.398602
-0.27875 -1.71 0.578921
-0.27875 -1.625 0.785815
-0.27875 -1.54 1.09976
-0.27875 -1.455 1.41293
-0.27875 -1.37 1.8233
-0.27875 -1.285 2.11977
-0.27875 -1.2 2.42193
-0.27875 -1.115 2.7981
-0.27875 -1.03 3.06933
-0.27875 -0.945 3.08876
-0.27875 -0.86 2.86194
-0.27875 -0.775 2.74532
-0.27875 -0.69 2.4515
-0.27875 -0.605 2.04981
-0.27875 -0.52 1.42969
-0.27875 -0.435 1.10474
-0.27875 -0.35 0.695078
-0.27875 -0.265 0.222718
-0.27875 -0.18 0
-0.27875 -0.095 0
-0.27875 -0.01 0
-0.27875 0.075 0
-0.27875 0.16 0
-0.27875 0.245 0
-0.27875 0.33 0
-0.27875 0.415 0
-0.27875 0.5 0
-0.2175 -2.9 0.0018981
-0.2175 -2.815 0
-0.2175 -2.73 0.00379621
-0.2175 -2.645 0.00379621
-0.2175 -2.56 0.00379621
-0.2175 -2.475 0.0170829
-0.2175 -2.39 0.018981
-0.2175 -2.305 0.0398602
-0.2175 -2.22 0.0455545
-0.2175 -2.135 0.0607393
-0.2175 -2.05 0.0949052
-0.2175 -1.965 0.163237
-0.2175 -1.88 0.263836
-0.2175 -1.795 0.362538
-0.2175 -1.71 0.594863
-0.2175 -1.625 0.852248
-0.2175 -1.54 1.01282
-0.2175 -1.455 1.37156
-0.2175 -1.37 1.69689
-0.2175 -1.285 2.00703
-0.2175 -1.2 2.49292
-0.2175 -1.115 2.83718
-0.2175 -1.03 3.10288
-0.2175 -0.945 3.14311
-0.2175 -0.86 3.27108
-0.2175 -0.775 3.10268
-0.2175 -0.69 2.76611
-0.2175 -0.605 2.16963
-0.2175 -0.52 1.73879
-0.2175 -0.435 1.13504
-0.2175 -0.35 0.737625
-0.2175 -0.265 0.379222
-0.2175 -0.18 0.0277785
-0.2175 -0.095 0
-0.2175 -0.01 0
-0.2175 0.075 0
-0.2175 0.16 0
-0.2175 0.245 0
-0.2175 0.33 0
-0.2175 0.415 0
-0.2175 0.5 0
-0.15625 -2.9 0.0018981
-0.15625 -2.815 0.00569431
-0.15625 -2.73 0.00379621
-0.15625 -2.645 0.0018981
-0.15625 -2.56 0.0132867
-0.15625 -2.475 0.00949052
-0.15625 -2.39 0.0132867
-0.15625 -2.305 0.036064
-0.15625 -2.22 0.0322678
-0.15625 -2.135 0.0633942
-0.15625 -2.05 0.0994582
-0.15625 -1.965 0.174625
-0.15625 -1.88 0.216384
-0.15625 -1.795 0.343557
-0.15625 -1.71 0.588412
-0.15625 -1.625 0.737978
-0.15625 -1.54 1.04357
-0.15625 -1.455 1.34651
-0.15625 -1.37 1.78953
-0.15625 -1.285 2.11408
-0.15625 -1.2 2.51304
-0.15625 -1.115 2.85046
-0.15625 -1.03 3.4172
-0.15625 -0.945 3.32835
-0.15625 -0.86 3.38834
-0.15625 -0.775 3.28991
-0.15625 -0.69 2.98829
-0.15625 -0.605 2.48611
-0.15625 -0.52 1.83888
-0.15625 -0.435 1.34176
-0.15625 -0.35 0.775216
-0.15625 -0.265 0.499699
-0.15625 -0.18 0.118995
-0.15625 -0.095 0
-0.15625 -0.01 0
-0.15625 0.075 0
-0.15625 0.16 0
-0.15625 0.245 0
-0.15625 0.33 0
-0.15625 0.415 0
-0.15625 0.5 0
-0.095 -2.9 0
-0.095 -2.815 0.00379621
-0.095 -2.73 0
-0.095 -2.645 0
-0.095 -2.56 0.00949052
-0.095 -2.475 0.00949052
-0.095 -2.39 0.0208791
-0.095 -2.305 0.036064
-0.095 -2.22 0.0455545
-0.095 -2.135 0.0728847
-0.095 -2.05 0.0835165
-0.095 -1.965 0.163994
-0.095 -1.88 0.232325
-0.095 -1.795 0.3576
-0.095 -1.71 0.53792
-0.095 -1.625 0.773285
-0.095 -1.54 0.965365
-0.095 -1.455 1.32525
-0.095 -1.37 1.71853
-0.095 -1.285 2.20823
-0.095 -1.2 2.41206
-0.095 -1.115 3.00764
-0.095 -1.03 3.19555
-0.095 -0.945 3.51848
-0.095 -0.86 3.37537
-0.095 -0.775 3.34163
-0.095 -0.69 2.93873
-0.095 -0.605 2.67603
-0.095 -0.52 2.12083
-0.095 -0.435 1.43527
-0.095 -0.35 0.945751
-0.095 -0.265 0.544295
-0.095 -0.18 0.243484
-0.095 -0.095 0.0209552
-0.095 -0.01 0
-0.095 0.075 0
-0.095 0.16 0
-0.095 0.245 0
-0.095 0.33 0
-0.095 0.415 0
-0.095 0.5 0
-0.03375 -2.9 0.0018981
-0.03375 -2.815 0.00379621
-0.03375 -2.73 0.00569431
-0.03375 -2.645 0.0018981
-0.03375 -2.56 0.00569431
-0.03375 -2.475 0.00949052
-0.03375 -2.39 0.0113886
-0.03375 -2.305 0.036064
-0.03375 -2.22 0.0569431
-0.03375 -2.135 0.0759241
-0.03375 -2.05 0.111988
-0.03375 -1.965 0.146911
-0.03375 -1.88 0.271429
-0.03375 -1.795 0.343557
-0.03375 -1.71 0.482875
-0.03375 -1.625 0.664336
-0.03375 -1.54 1.1195
-0.03375 -1.455 1.35258
-0.03375 -1.37 1.63084
-0.03375 -1.285 2.16646
-0.03375 -1.2 2.43446
-0.03375 -1.115 2.96514
-0.03375 -1.03 3.30609
-0.03375 -0.945 3.43957
-0.03375 -0.86 3.53774
-0.03375 -0.775 3.62
-0.03375 -0.69 3.30374
-0.03375 -0.605 2.88096
-0.03375 -0.52 2.37727
-0.03375 -0.435 1.73334
-0.03375 -0.35 1.06053
-0.03375 -0.265 0.574362
-0.03375 -0.18 0.295402
-0.03375 -0.095 0.0870116
-0.03375 -0.01 0.00265489
-0.03375 0.075 0
-0.03375 0.16 0
-0.03375 0.245 0
-0.03375 0.33 0
-0.03375 0.415 0
-0.03375 0.5 0
0.0275 -2.9 0.0018981
0.0275 -2.815 0
0.0275 -2.73 0
0.0275 -2.645 0.00949052
0.0275 -2.56 0.0113886
0.0275 -2.475 0.0151848
0.0275 -2.39 0.00949052
0.0275 -2.305 0.0284715
0.0275 -2.22 0.0436564
0.0275 -2.135 0.0379621
0.0275 -2.05 0.0816184
0.0275 -1.965 0.144256
0.0275 -1.88 0.208791
0.0275 -1.795 0.319638
0.0275 -1.71 0.513245
0.0275 -1.625 0.661297
0.0275 -1.54 0.870845
0.0275 -1.455 1.30133
0.0275 -1.37 1.67108
0.0275 -1.285 2.20101
0.0275 -1.2 2.54644
0.0275 -1.115 2.99058
0.0275 -1.03 3.39212
0.0275 -0.945 3.64865
0.0275 -0.86 3.84492
0.0275 -0.775 3.76008
0.0275 -0.69 3.55423
0.0275 -0.605 3.08125
0.0275 -0.52 2.46831
0.0275 -0.435 1.88436
0.0275 -0.35 1.23478
0.0275 -0.265 0.656789
0.0275 -0.18 0.314358
0.0275 -0.095 0.110173
0.0275 -0.01 0.016358
0.0275 0.075 0
0.0275 0.16 0
0.0275 0.245 0
0.0275 0.33 0
0.0275 0.415 0
0.0275 0.5 0
0.08875 -2.9 0.00379621
0.08875 -2.815 0
0.08875 -2.73 0.0018981
0.08875 -2.645 0.0113886
0.08875 -2.56 0.00949052
0.08875 -2.475 0.00759241
0.08875 -2.39 0.018981
0.08875 -2.305 0.0227772
0.08875 -2.22 0.0208791
0.08875 -2.135 0.0652923
0.08875 -2.05 0.0842733
0.08875 -1.965 0.146911
0.08875 -1.88 0.204995
0.08875 -1.795 0.350008
0.08875 -1.71 0.482875
0.08875 -1.625 0.613844
0.08875 -1.54 1.01624
0.08875 -1.455 1.19808
0.08875 -1.37 1.6073
0.08875 -1.285 2.05485
0.08875 -1.2 2.5806
0.08875 -1.115 2.95107
0.08875 -1.03 3.43962
0.08875 -0.945 3.75388
0.08875 -0.86 3.72577
0.08875 -0.775 3.67588
0.08875 -0.69 3.61127
0.08875 -0.605 3.1914
0.08875 -0.52 2.68749
0.08875 -0.435 2.02587
0.08875 -0.35 1.39415
0.08875 -0.265 0.780369
0.08875 -0.18 0.380785
0.08875 -0.095 0.134143
0.08875 -0.01 0.0236984
0.08875 0.075 0
0.08875 0.16 0
0.08875 0.245 0
0.08875 0.33 0
0.08875 0.415 0
0.08875 0.5 0
0.15 -2.9 0.0018981
0.15 -2.815 0.0018981
0.15 -2.73 0.00379621
0.15 -2.645 0.00379621
0.15 -2.56 0.00949052
0.15 -2.475 0.00949052
0.15 -2.39 0.0246753
0.15 -2.305 0.0246753
0.15 -2.22 0.0482094
0.15 -2.135 0.0531469
0.15 -2.05 0.0888263
0.15 -1.965 0.157543
0.15 -1.88 0.204611
0.15 -1.795 0.341274
0.15 -1.71 0.447952
0.15 -1.625 0.677238
0.15 -1.54 0.909564
0.15 -1.455 1.16656
0.15 -1.37 1.64223
0.15 -1.285 1.96299
0.15 -1.2 2.46902
0.15 -1.115 2.97043
0.15 -1.03 3.38233
0.15 -0.945 3.85337
0.15 -0.86 3.87943
0.15 -0.775 3.92642
0.15 -0.69 3.89525
0.15 -0.605 3.40001
0.15 -0.52 2.77732
0.15 -0.435 2.25276
0.15 -0.35 1.54521
0.15 -0.265 0.896461
0.15 -0.18 0.481417
0.15 -0.095 0.194794
0.15 -0.01 0.0676829
0.15 0.075 0.00763659
0.15 0.16 0
0.15 0.245 0
0.15 0.33 0
0.15 0.415 0
0.15 0.5 0
0.21125 -2.9 0
0.21125 -2.815 0
0.21125 -2.73 0.0018981
0.21125 -2.645 0.0113886
0.21125 -2.56 0.0018981
0.21125 -2.475 0.00949052
0.21125 -2.39 0.018981
0.21125 -2.305 0.0265734
0.21125 -2.22 0.0284715
0.21125 -2.135 0.0531469
0.21125 -2.05 0.0645355
0.21125 -1.965 0.111988
0.21125 -1.88 0.163237
0.21125 -1.795 0.29572
0.21125 -1.71 0.434666
0.21125 -1.625 0.572458
0.21125 -1.54 0.918297
0.21125 -1.455 1.15365
0.21125 -1.37 1.60235
0.21125 -1.285 1.9911
0.21125 -1.2 2.4857
0.21125 -1.115 2.87516
0.21125 -1.03 3.26421
0.21125 -0.945 3.84317
0.21125 -0.86 4.09366
0.21125 -0.775 3.8873
0.21125 -0.69 3.91669
0.21125 -0.605 3.54041
0.21125 -0.52 3.0823
0.21125 -0.435 2.32843
0.21125 -0.35 1.6105
0.21125 -0.265 0.960319
0.21125 -0.18 0.535504
0.21125 -0.095 0.221355
0.21125 -0.01 0.0912365
0.21125 0.075 0.0122338
0.21125 0.16 0
0.21125 0.245 0
0.21125 0.33 0
0.21125 0.415 0
0.21125 0.5 0
0.2725 -2.9 0
0.2725 -2.815 0
0.2725 -2.73 0.00569431
0.2725 -2.645 0.0151848
0.2725 -2.56 0.00379621
0.2725 -2.475 0.00569431
0.2725 -2.39 0.0113886
0.2725 -2.305 0.0170829
0.2725 -2.22 0.0303697
0.2725 -2.135 0.0558018
0.2725 -2.05 0.0804771
0.2725 -1.965 0.104396
0.2725 -1.88 0.163237
0.2725 -1.795 0.253577
0.2725 -1.71 0.350008
0.2725 -1.625 0.535253
0.2725 -1.54 0.753919
0.2725 -1.455 1.08646
0.2725 -1.37 1.43613
0.2725 -1.285 1.85973
0.2725 -1.2 2.32968
0.2725 -1.115 2.86003
0.2725 -1.03 3.3967
0.2725 -0.945 3.80548
0.2725 -0.86 4.0199
0.2725 -0.775 4.13964
0.2725 -0.69 3.97149
0.2725 -0.605 3.58074
0.2725 -0.52 3.08146
0.2725 -0.435 2.49918
0.2725 -0.35 1.76601
0.2725 -0.265 1.18046
0.2725 -0.18 0.603806
0.2725 -0.095 0.221205
0.2725 -0.01 0.0961863
0.2725 0.075 0.0148003
0.2725 0.16 0.0018981
0.2725 0.245 0
0.2725 0.33 0
0.2725 0.415 0
0.2725 0.5 0
0.33375 -2.9 0
0.33375 -2.815 0
0.33375 -2.73 0.00379621
0.33375 -2.645 0.00569431
0.33375 -2.56 0.00569431
0.33375 -2.475 0.00759241
0.33375 -2.39 0.018981
0.33375 -2.305 0.0121454
0.33375 -2.22 0.0227772
0.33375 -2.135 0.0387188
0.33375 -2.05 0.078579
0.33375 -1.965 0.102498
0.33375 -1.88 0.183731
0.33375 -1.795 0.254346
0.33375 -1.71 0.406194
0.33375 -1.625 0.569046
0.33375 -1.54 0.791497
0.33375 -1.455 1.02307
0.33375 -1.37 1.38672
0.33375 -1.285 1.89541
0.33375 -1.2 2.21087
0.33375 -1.115 2.71997
0.33375 -1.03 3.22964
0.33375 -0.945 3.62442
0.33375 -0.86 4.06169
0.33375 -0.775 4.18704
0.33375 -0.69 4.01348
0.33375 -0.605 3.60864
0.33375 -0.52 3.18158
0.33375 -0.435 2.62106
0.33375 -0.35 1.98859
0.33375 -0.265 1.19431
0.33375 -0.18 0.675934
0.33375 -0.095 0.33875
0.33375 -0.01 0.123889
0.33375 0.075 0.0190129
0.33375 0.16 0.00379621
0.33375 0.245 0
0.33375 0.33 0
0.33375 0.415 0
0.33375 0.5 0
0.395 -2.9 0.0018981
0.395 -2.815 0.0018981
0.395 -2.73 0.0018981
0.395 -2.645 0.00379621
0.395 -2.56 0.00949052
0.395 -2.475 0.0113886
0.395 -2.39 0.0132867
0.395 -2.305 0.0208791
0.395 -2.22 0.0322678
0.395 -2.135 0.055045
0.395 -2.05 0.0759241
0.395 -1.965 0.105152
0.395 -1.88 0.152605
0.395 -1.795 0.243714
0.395 -1.71 0.336721
0.395 -1.625 0.515515
0.395 -1.54 0.808668
0.395 -1.455 0.908082
0.395 -1.37 1.40798
0.395 -1.285 1.75842
0.395 -1.2 2.26439
0.395 -1.115 2.73965
0.395 -1.03 3.13782
0.395 -0.945 3.72093
0.395 -0.86 4.0298
0.395 -0.775 4.166
0.395 -0.69 4.26748
0.395 -0.605 3.71489
0.395 -0.52 3.49786
0.395 -0.435 2.7327
0.395 -0.35 2.08599
0.395 -0.265 1.39264
0.395 -0.18 0.795618
0.395 -0.095 0.396021
0.395 -0.01 0.155772
0.395 0.075 0.0505239
0.395 0.16 0.00379621
0.395 0.245 0
0.395 0.33 0
0.395 0.415 0
0.395 0.5 0
0.45625 -2.9 0
0.45625 -2.815 0.00379621
0.45625 -2.73 0.00379621
0.45625 -2.645 0.00379621
0.45625 -2.56 0.00949052
0.45625 -2.475 0.0132867
0.45625 -2.39 0.00759241
0.45625 -2.305 0.0208791
0.45625 -2.22 0.0398602
0.45625 -2.135 0.0303697
0.45625 -2.05 0.0607393
0.45625 -1.965 0.0930071
0.45625 -1.88 0.146154
0.45625 -1.795 0.230427
0.45625 -1.71 0.338663
0.45625 -1.625 0.443772
0.45625 -1.54 0.646869
0.45625 -1.455 0.965365
0.45625 -1.37 1.27138
0.45625 -1.285 1.59097
0.45625 -1.2 2.08374
0.45625 -1.115 2.58181
0.45625 -1.03 3.29462
0.45625 -0.945 3.50415
0.45625 -0.86 3.97434
0.45625 -0.775 4.15337
0.45625 -0.69 3.97492
0.45625 -0.605 3.97323
0.45625 -0.52 3.56184
0.45625 -0.435 2.8121
0.45625 -0.35 2.15917
0.45625 -0.265 1.49799
0.45625 -0.18 0.905449
0.45625 -0.095 0.410009
0.45625 -0.01 0.145425
0.45625 0.075 0.0611876
0.45625 0.16 0.013659
0.45625 0.245 0
0.45625 0.33 0
0.45625 0.415 0
0.45625 0.5 0
0.5175 -2.9 0
0.5175 -2.815 0.00379621
0.5175 -2.73 0
0.5175 -2.645 0.00949052
0.5175 -2.56 0.00759241
0.5175 -2.475 0.00569431
0.5175 -2.39 0.0170829
0.5175 -2.305 0.0113886
0.5175 -2.22 0.018981
0.5175 -2.135 0.0387188
0.5175 -2.05 0.0482094
0.5175 -1.965 0.0778222
0.5175 -1.88 0.127173
0.5175 -1.795 0.193222
0.5175 -1.71 0.290782
0.5175 -1.625 0.424835
0.5175 -1.54 0.629029
0.5175 -1.455 0.853005
0.5175 -1.37 1.26187
0.5175 -1.285 1.61562
0.5175 -1.2 1.99983
0.5175 -1.115 2.62883
0.5175 -1.03 2.9113
0.5175 -0.945 3.26422
0.5175 -0.86 3.93407
0.5175 -0.775 3.94971
0.5175 -0.69 4.15362
0.5175 -0.605 4.03462
0.5175 -0.52 3.70608
0.5175 -0.435 3.10054
0.5175 -0.35 2.38807
0.5175 -0.265 1.55194
0.5175 -0.18 0.928618
0.5175 -0.095 0.487086
0.5175 -0.01 0.191716
0.5175 0.075 0.0664409
0.5175 0.16 0.0148003
0.5175 0.245 0.0018981
0.5175 0.33 0
0.5175 0.415 0
0.5175 0.5 0
0.57875 -2.9 0
0.57875 -2.815 0.0018981
0.57875 -2.73 0
0.57875 -2.645 0
0.57875 -2.56 0
0.57875 -2.475 0.0113886
0.57875 -2.39 0.0159416
0.57875 -2.305 0.0113886
0.57875 -2.22 0.0227772
0.57875 -2.135 0.0284715
0.57875 -2.05 0.0539037
0.57875 -1.965 0.0759241
0.57875 -1.88 0.129828
0.57875 -1.795 0.219795
0.57875 -1.71 0.26535
0.57875 -1.625 0.345827
0.57875 -1.54 0.600173
0.57875 -1.455 0.862483
0.57875 -1.37 1.03787
0.57875 -1.285 1.52415
0.57875 -1.2 1.96076
0.57875 -1.115 2.31791
0.57875 -1.03 2.85017
0.57875 -0.945 3.35987
0.57875 -0.86 3.74078
0.57875 -0.775 3.89742
0.57875 -0.69 4.13247
0.57875 -0.605 4.04744
0.57875 -0.52 3.56844
0.57875 -0.435 3.118
0.57875 -0.35 2.38905
0.57875 -0.265 1.7199
0.57875 -0.18 1.04595
0.57875 -0.095 0.518125
0.57875 -0.01 0.249752
0.57875 0.075 0.0732324
0.57875 0.16 0.0110041
0.57875 0.245 0
0.57875 0.33 0
0.57875 0.415 0
0.57875 0.5 0
0.64 -2.9 0.0018981
0.64 -2.815 0.00379621
0.64 -2.73 0.0018981
0.64 -2.645 0.00379621
0.64 -2.56 0.00569431
0.64 -2.475 0.00759241
0.64 -2.39 0.00759241
0.64 -2.305 0.018981
0.64 -2.22 0.0246753
0.64 -2.135 0.036064
0.64 -2.05 0.0436564
0.64 -1.965 0.074026
0.64 -1.88 0.115784
0.64 -1.795 0.11009
0.64 -1.71 0.252063
0.64 -1.625 0.408464
0.64 -1.54 0.542473
0.64 -1.455 0.718612
0.64 -1.37 0.995351
0.64 -1.285 1.31161
0.64 -1.2 1.80358
0.64 -1.115 2.15584
0.64 -1.03 2.65235
0.64 -0.945 3.14158
0.64 -0.86 3.65024
0.64 -0.775 3.75531
0.64 -0.69 3.85947
0.64 -0.605 3.96212
0.64 -0.52 3.75994
0.64 -0.435 3.0644
0.64 -0.35 2.4855
0.64 -0.265 1.83869
0.64 -0.18 1.07897
0.64 -0.095 0.555325
0.64 -0.01 0.27917
0.64 0.075 0.108672
0.64 0.16 0.0201101
0.64 0.245 0.000756783
0.64 0.33 0
0.64 0.415 0
0.64 0.5 0
0.70125 -2.9 0
0.70125 -2.815 0
0.70125 -2.73 0.00379621
0.70125 -2.645 0.0018981
0.70125 -2.56 0
0.70125 -2.475 0.00759241
0.70125 -2.39 0.00949052
0.70125 -2.305 0.0132867
0.70125 -2.22 0.00759241
0.70125 -2.135 0.0322678
0.70125 -2.05 0.0303697
0.70125 -1.965 0.0607393
0.70125 -1.88 0.0873127
0.70125 -1.795 0.141216
0.70125 -1.71 0.209548
0.70125 -1.625 0.351149
0.70125 -1.54 0.456674
0.70125 -1.455 0.657488
0.70125 -1.37 0.950553
0.70125 -1.285 1.39891
0.70125 -1.2 1.7018
0.70125 -1.115 2.02561
0.70125 -1.03 2.60483
0.70125 -0.945 3.01737
0.70125 -0.86 3.52997
0.70125 -0.775 3.83001
0.70125 -0.69 4.00112
0.70125 -0.605 3.94542
0.70125 -0.52 3.70654
0.70125 -0.435 3.25447
0.70125 -0.35 2.54288
0.70125 -0.265 1.77153
0.70125 -0.18 1.17611
0.70125 -0.095 0.617377
0.70125 -0.01 0.253908
0.70125 0.075 0.119368
0.70125 0.16 0.0171148
0.70125 0.245 0.00573849
0.70125 0.33 0
0.70125 0.415 0
0.70125 0.5 0
0.7625 -2.9 0
0.7625 -2.815 0
0.7625 -2.73 0.00379621
0.7625 -2.645 0.0018981
0.7625 -2.56 0.00379621
0.7625 -2.475 0
0.7625 -2.39 0.00949052
0.7625 -2.305 0.0132867
0.7625 -2.22 0.0170829
0.7625 -2.135 0.0284715
0.7625 -2.05 0.0341659
0.7625 -1.965 0.0683317
0.7625 -1.88 0.0949052
0.7625 -1.795 0.133239
0.7625 -1.71 0.213344
0.7625 -1.625 0.239905
0.7625 -1.54 0.419469
0.7625 -1.455 0.555375
0.7625 -1.37 0.830576
0.7625 -1.285 1.22347
0.7625 -1.2 1.54006
0.7625 -1.115 1.86241
0.7625 -1.03 2.31484
0.7625 -0.945 2.92602
0.7625 -0.86 3.13505
0.7625 -0.775 3.55515
0.7625 -0.69 3.83203
0.7625 -0.605 3.68389
0.7625 -0.52 3.65354
0.7625 -0.435 3.0874
0.7625 -0.35 2.55181
0.7625 -0.265 1.80672
0.7625 -0.18 1.14693
0.7625 -0.095 0.75288
0.7625 -0.01 0.34824
0.7625 0.075 0.138028
0.7625 0.16 0.0414498
0.7625 0.245 0.00569431
0.7625 0.33 0.0018981
0.7625 0.415 0
0.7625 0.5 0
0.82375 -2.9 0
0.82375 -2.815 0.0018981
0.82375 -2.73 0.0018981
0.82375 -2.645 0
0.82375 -2.56 0.00379621
0.82375 -2.475 0.00949052
0.82375 -2.39 0.00569431
0.82375 -2.305 0.0132867
0.82375 -2.22 0.0132867
0.82375 -2.135 0.0254321
0.82375 -2.05 0.0368207
0.82375 -1.965 0.059598
0.82375 -1.88 0.0888263
0.82375 -1.795 0.146154
0.82375 -1.71 0.183347
0.82375 -1.625 0.295335
0.82375 -1.54 0.389483
0.82375 -1.455 0.513277
0.82375 -1.37 0.720486
0.82375 -1.285 1.03937
0.82375 -1.2 1.27927
0.82375 -1.115 1.87182
0.82375 -1.03 2.33052
0.82375 -0.945 2.80068
0.82375 -0.86 3.08687
0.82375 -0.775 3.39385
0.82375 -0.69 3.61947
0.82375 -0.605 3.69224
0.82375 -0.52 3.50239
0.82375 -0.435 3.14019
0.82375 -0.35 2.49267
0.82375 -0.265 1.79574
0.82375 -0.18 1.21804
0.82375 -0.095 0.693523
0.82375 -0.01 0.360215
0.82375 0.075 0.151724
0.82375 0.16 0.0451895
0.82375 0.245 0.0121454
0.82375 0.33 0.000756783
0.82375 0.415 0
0.82375 0.5 0
0.885 -2.9 0.0018981
0.885 -2.815 0
0.885 -2.73 0
0.885 -2.645 0
0.885 -2.56 0.00455299
0.885 -2.475 0.00569431
0.885 -2.39 0.00569431
0.885 -2.305 0.00949052
0.885 -2.22 0.0132867
0.885 -2.135 0.0254321
0.885 -2.05 0.0303697
0.885 -1.965 0.0482094
0.885 -1.88 0.0671904
0.885 -1.795 0.111988
0.885 -1.71 0.162096
0.885 -1.625 0.242573
0.885 -1.54 0.35038
0.885 -1.455 0.504883
0.885 -1.37 0.594094
0.885 -1.285 0.924352
0.885 -1.2 1.21556
0.885 -1.115 1.5298
0.885 -1.03 2.05922
0.885 -0.945 2.43212
0.885 -0.86 2.96521
0.885 -0.775 3.2098
0.885 -0.69 3.64434
0.885 -0.605 3.46089
0.885 -0.52 3.31208
0.885 -0.435 3.18438
0.885 -0.35 2.46436
0.885 -0.265 1.82939
0.885 -0.18 1.27666
0.885 -0.095 0.814301
0.885 -0.01 0.356526
0.885 0.075 0.158087
0.885 0.16 0.0542513
0.885 0.245 0.013659
0.885 0.33 0.00265489
0.885 0.415 0.0018981
0.885 0.5 0
0.94625 -2.9 0
0.94625 -2.815 0.00569431
0.94625 -2.73 0.00379621
0.94625 -2.645 0.0018981
0.94625 -2.56 0.0018981
0.94625 -2.475 0.0083492
0.94625 -2.39 0.0151848
0.94625 -2.305 0.00569431
0.94625 -2.22 0.0216359
0.94625 -2.135 0.0284715
0.94625 -2.05 0.0417583
0.94625 -1.965 0.0398602
0.94625 -1.88 0.0816184
0.94625 -1.795 0.0816184
0.94625 -1.71 0.161711
0.94625 -1.625 0.213344
0.94625 -1.54 0.300689
0.94625 -1.455 0.40965
0.94625 -1.37 0.636269
0.94625 -1.285 0.841592
0.94625 -1.2 1.19728
0.94625 -1.115 1.47708
0.94625 -1.03 1.89083
0.94625 -0.945 2.36377
0.94625 -0.86 2.7133
0.94625 -0.775 3.07552
0.94625 -0.69 3.2826
0.94625 -0.605 3.45518
0.94625 -0.52 3.22324
0.94625 -0.435 3.07663
0.94625 -0.35 2.46518
0.94625 -0.265 1.86117
0.94625 -0.18 1.29197
0.94625 -0.095 0.781202
0.94625 -0.01 0.43906
0.94625 0.075 0.176002
0.94625 0.16 0.0669261
0.94625 0.245 0.0231495
0.94625 0.33 0.00530977
0.94625 0.415 0
0.94625 0.5 0
1.0075 -2.9 0
1.0075 -2.815 0.0018981
1.0075 -2.73 0.0018981
1.0075 -2.645 0.00569431
1.0075 -2.56 0
1.0075 -2.475 0.0018981
1.0075 -2.39 0.00759241
1.0075 -2.305 0.00569431
1.0075 -2.22 0.0083492
1.0075 -2.135 0.0170829
1.0075 -2.05 0.0330245
1.0075 -1.965 0.0493507
1.0075 -1.88 0.0539037
1.0075 -1.795 0.0842733
1.0075 -1.71 0.126032
1.0075 -1.625 0.162184
1.0075 -1.54 0.283618
1.0075 -1.455 0.427445
1.0075 -1.37 0.54854
1.0075 -1.285 0.759261
1.0075 -1.2 1.07963
1.0075 -1.115 1.34421
1.0075 -1.03 1.70787
1.0075 -0.945 2.13195
1.0075 -0.86 2.5001
1.0075 -0.775 2.83397
1.0075 -0.69 3.18888
1.0075 -0.605 3.28168
1.0075 -0.52 3.21612
1.0075 -0.435 2.85744
1.0075 -0.35 2.44445
1.0075 -0.265 1.83252
1.0075 -0.18 1.31303
1.0075 -0.095 0.739305
1.0075 -0.01 0.382091
1.0075 0.075 0.197462
1.0075 0.16 0.078435
1.0075 0.245 0.0235782
1.0075 0.33 0.00573849
1.0075 0.415 0
1.0075 0.5 0.000756783
1.06875 -2.9 0.0018981
1.06875 -2.815 0.00379621
1.06875 -2.73 0
1.06875 -2.645 0.00379621
1.06875 -2.56 0.0018981
1.06875 -2.475 0.0018981
1.06875 -2.39 0.00759241
1.06875 -2.305 0.00569431
1.06875 -2.22 0.0151848
1.06875 -2.135 0.0284715
1.06875 -2.05 0.0303697
1.06875 -1.965 0.0292283
1.06875 -1.88 0.0482094
1.06875 -1.795 0.0576999
1.06875 -1.71 0.134765
1.06875 -1.625 0.211446
1.06875 -1.54 0.252435
1.06875 -1.455 0.362185
1.06875 -1.37 0.478694
1.06875 -1.285 0.674559
1.06875 -1.2 0.926994
1.06875 -1.115 1.1684
1.06875 -1.03 1.53704
1.06875 -0.945 1.8715
1.06875 -0.86 2.30219
1.06875 -0.775 2.7537
1.06875 -0.69 2.86359
1.06875 -0.605 3.05592
1.06875 -0.52 3.0336
1.06875 -0.435 2.80097
1.06875 -0.35 2.32351
1.06875 -0.265 1.86153
1.06875 -0.18 1.24577
1.06875 -0.095 0.782456
1.06875 -0.01 0.447706
1.06875 0.075 0.194258
1.06875 0.16 0.074462
1.06875 0.245 0.0277025
1.06875 0.33 0.00569431
1.06875 0.415 0
1.06875 0.5 0
1.13 -2.9 0
1.13 -2.815 0
1.13 -2.73 0.00569431
1.13 -2.645 0.0018981
1.13 -2.56 0.00569431
1.13 -2.475 0.0018981
1.13 -2.39 0.0018981
1.13 -2.305 0.00455299
1.13 -2.22 0.0132867
1.13 -2.135 0.0018981
1.13 -2.05 0.0151848
1.13 -1.965 0.0368207
1.13 -1.88 0.0246753
1.13 -1.795 0.0778222
1.13 -1.71 0.0998746
1.13 -1.625 0.124133
1.13 -1.54 0.183731
1.13 -1.455 0.277539
1.13 -1.37 0.436551
1.13 -1.285 0.576627
1.13 -1.2 0.864401
1.13 -1.115 1.094
1.13 -1.03 1.48391
1.13 -0.945 1.75381
1.13 -0.86 2.17374
1.13 -0.775 2.4113
1.13 -0.69 2.77267
1.13 -0.605 2.94882
1.13 -0.52 2.88611
1.13 -0.435 2.69637
1.13 -0.35 2.25968
1.13 -0.265 1.7185
1.13 -0.18 1.19864
1.13 -0.095 0.794288
1.13 -0.01 0.431877
1.13 0.075 0.18466
1.13 0.16 0.0813296
1.13 0.245 0.0307296
1.13 0.33 0.0103798
1.13 0.415 4.41777e-05
1.13 0.5 0
1.19125 -2.9 0
1.19125 -2.815 0
1.19125 -2.73 0
1.19125 -2.645 0
1.19125 -2.56 0
1.19125 -2.475 0.0018981
1.19125 -2.39 0.00759241
1.19125 -2.305 0.00759241
1.19125 -2.22 0.0018981
1.19125 -2.135 0.0159416
1.19125 -2.05 0.0178397
1.19125 -1.965 0.0318832
1.19125 -1.88 0.0402324
1.19125 -1.795 0.0576999
1.19125 -1.71 0.0842733
1.19125 -1.625 0.0960342
1.19125 -1.54 0.201943
1.19125 -1.455 0.216744
1.19125 -1.37 0.352278
1.19125 -1.285 0.490058
1.19125 -1.2 0.706474
1.19125 -1.115 0.984682
1.19125 -1.03 1.32413
1.19125 -0.945 1.58376
1.19125 -0.86 1.87715
1.19125 -0.775 2.23325
1.19125 -0.69 2.52904
1.19125 -0.605 2.59504
1.19125 -0.52 2.58078
1.19125 -0.435 2.45559
1.19125 -0.35 2.08469
1.19125 -0.265 1.61551
1.19125 -0.18 1.23314
1.19125 -0.095 0.726939
1.19125 -0.01 0.409724
1.19125 0.075 0.189057
1.19125 0.16 0.0759879
1.19125 0.245 0.0323438
1.19125 0.33 0.0140877
1.19125 0.415 0
1.19125 0.5 0
1.2525 -2.9 0
1.2525 -2.815 0.0018981
1.2525 -2.73 0.0018981
1.2525 -2.645 0.0018981
1.2525 -2.56 0
1.2525 -2.475 0.00379621
1.2525 -2.39 0.00379621
1.2525 -2.305 0.0018981
1.2525 -2.22 0.00379621
1.2525 -2.135 0.018981
1.2525 -2.05 0.0121454
1.2525 -1.965 0.0170829
1.2525 -1.88 0.0330245
1.2525 -1.795 0.0497229
1.2525 -1.71 0.0869282
1.2525 -1.625 0.103254
1.2525 -1.54 0.14273
1.2525 -1.455 0.196634
1.2525 -1.37 0.332528
1.2525 -1.285 0.373145
1.2525 -1.2 0.598622
1.2525 -1.115 0.886365
1.2525 -1.03 1.16888
1.2525 -0.945 1.39148
1.2525 -0.86 1.74504
1.2525 -0.775 2.03574
1.2525 -0.69 2.29078
1.2525 -0.605 2.48276
1.2525 -0.52 2.46094
1.2525 -0.435 2.32318
1.2525 -0.35 1.96213
1.2525 -0.265 1.61728
1.2525 -0.18 1.09798
1.2525 -0.095 0.760965
1.2525 -0.01 0.458834
1.2525 0.075 0.183847
1.2525 0.16 0.105292
1.2525 0.245 0.0440605
1.2525 0.33 0.00569431
1.2525 0.415 0.00194228
1.2525 0.5 0
1.31375 -2.9 0
1.31375 -2.815 0.0018981
1.31375 -2.73 0.0018981
1.31375 -2.645 0
1.31375 -2.56 0
1.31375 -2.475 0
1.31375 -2.39 0.00379621
1.31375 -2.305 0.00379621
1.31375 -2.22 0.0132867
1.31375 -2.135 0.00839337
1.31375 -2.05 0.00569431
1.31375 -1.965 0.0235782
1.31375 -1.88 0.0166984
1.31375 -1.795 0.036064
1.31375 -1.71 0.0565586
1.31375 -1.625 0.0914812
1.31375 -1.54 0.129828
1.31375 -1.455 0.228561
1.31375 -1.37 0.301029
1.31375 -1.285 0.370919
1.31375 -1.2 0.547758
1.31375 -1.115 0.736075
1.31375 -1.03 0.927386
1.31375 -0.945 1.2515
1.31375 -0.86 1.50017
1.31375 -0.775 1.85647
1.31375 -0.69 2.13599
1.31375 -0.605 2.16591
1.31375 -0.52 2.26251
1.31375 -0.435 2.12609
1.31375 -0.35 1.82943
1.31375 -0.265 1.52187
1.31375 -0.18 1.13225
1.31375 -0.095 0.718129
1.31375 -0.01 0.443329
1.31375 0.075 0.220359
1.31375 0.16 0.0719839
1.31375 0.245 0.0319593
1.31375 0.33 0.00796466
1.31375 0.415 0.00151357
1.31375 0.5 0
1.375 -2.9 0
1.375 -2.815 0
1.375 -2.73 0.0018981
1.375 -2.645 0
1.375 -2.56 0
1.375 -2.475 0
1.375 -2.39 0
1.375 -2.305 0
1.375 -2.22 0
1.375 -2.135 0.00949052
1.375 -2.05 0.00379621
1.375 -1.965 0.0159416
1.375 -1.88 0.018981
1.375 -1.795 0.059598
1.375 -1.71 0.0576999
1.375 -1.625 0.0607393
1.375 -1.54 0.105953
1.375 -1.455 0.193966
1.375 -1.37 0.227003
1.375 -1.285 0.273687
1.375 -1.2 0.429792
1.375 -1.115 0.622957
1.375 -1.03 0.822258
1.375 -0.945 1.04129
1.375 -0.86 1.33765
1.375 -0.775 1.66964
1.375 -0.69 1.87407
1.375 -0.605 2.01253
1.375 -0.52 1.94919
1.375 -0.435 1.80875
1.375 -0.35 1.83382
1.375 -0.265 1.34819
1.375 -0.18 1.02542
1.375 -0.095 0.668298
1.375 -0.01 0.353859
1.375 0.075 0.175094
1.375 0.16 0.0759879
1.375 0.245 0.0289321
1.375 0.33 0.00910598
1.375 0.415 0.0018981
1.375 0.5 0
1.43625 -2.9 0
1.43625 -2.815 0
1.43625 -2.73 0
1.43625 -2.645 0
1.43625 -2.56 0.0018981
1.43625 -2.475 0
1.43625 -2.39 0
1.43625 -2.305 0
1.43625 -2.22 0.00265489
1.43625 -2.135 0.00569431
1.43625 -2.05 0.00949052
1.43625 -1.965 0.0132867
1.43625 -1.88 0.0284715
1.43625 -1.795 0.0265734
1.43625 -1.71 0.0436564
1.43625 -1.625 0.0558018
1.43625 -1.54 0.0778222
1.43625 -1.455 0.119196
1.43625 -1.37 0.210709
1.43625 -1.285 0.276758
1.43625 -1.2 0.377774
1.43625 -1.115 0.552015
1.43625 -1.03 0.711784
1.43625 -0.945 0.934942
1.43625 -0.86 1.14865
1.43625 -0.775 1.3802
1.43625 -0.69 1.60965
1.43625 -0.605 1.79326
1.43625 -0.52 1.74174
1.43625 -0.435 1.66406
1.43625 -0.35 1.55377
1.43625 -0.265 1.25173
1.43625 -0.18 0.894162
1.43625 -0.095 0.574571
1.43625 -0.01 0.374638
1.43625 0.075 0.207368
1.43625 0.16 0.0642908
1.43625 0.245 0.0318709
1.43625 0.33 0.0121454
1.43625 0.415 0.00569431
1.43625 0.5 0
1.4975 -2.9 0
1.4975 -2.815 0.0018981
1.4975 -2.73 0
1.4975 -2.645 0
1.4975 -2.56 0
1.4975 -2.475 0.0018981
1.4975 -2.39 0.000756783
1.4975 -2.305 0.00379621
1.4975 -2.22 0.00379621
1.4975 -2.135 0.00569431
1.4975 -2.05 0.00759241
1.4975 -1.965 0.00949052
1.4975 -1.88 0.0155571
1.4975 -1.795 0.0208791
1.4975 -1.71 0.0489661
1.4975 -1.625 0.051621
1.4975 -1.54 0.0800926
1.4975 -1.455 0.121182
1.4975 -1.37 0.113886
1.4975 -1.285 0.233126
1.4975 -1.2 0.282452
1.4975 -1.115 0.401661
1.4975 -1.03 0.592159
1.4975 -0.945 0.763064
1.4975 -0.86 0.903475
1.4975 -0.775 1.24482
1.4975 -0.69 1.37699
1.4975 -0.605 1.54424
1.4975 -0.52 1.69521
1.4975 -0.435 1.61999
1.4975 -0.35 1.30861
1.4975 -0.265 1.19693
1.4975 -0.18 0.834128
1.4975 -0.095 0.622352
1.4975 -0.01 0.340136
1.4975 0.075 0.154266
1.4975 0.16 0.0964702
1.4975 0.245 0.0239504
1.4975 0.33 0.0121454
1.4975 0.415 0.00379621
1.4975 0.5 0
1.55875 -2.9 0
1.55875 -2.815 0
1.55875 -2.73 0
1.55875 -2.645 0
1.55875 -2.56 0
1.55875 -2.475 0.0018981
1.55875 -2.39 0
1.55875 -2.305 0
1.55875 -2.22 0.0018981
1.55875 -2.135 0.00759241
1.55875 -2.05 0
1.55875 -1.965 0.0102473
1.55875 -1.88 0.00759241
1.55875 -1.795 0.0170829
1.55875 -1.71 0.0132867
1.55875 -1.625 0.0432718
1.55875 -1.54 0.0633942
1.55875 -1.455 0.0895831
1.55875 -1.37 0.103254
1.55875 -1.285 0.197775
1.55875 -1.2 0.277912
1.55875 -1.115 0.39975
1.55875 -1.03 0.492701
1.55875 -0.945 0.668147
1.55875 -0.86 0.885591
1.55875 -0.775 1.09775
1.55875 -0.69 1.20461
1.55875 -0.605 1.42502
1.55875 -0.52 1.34661
1.55875 -0.435 1.42624
1.55875 -0.35 1.2263
1.55875 -0.265 1.1183
1.55875 -0.18 0.858167
1.55875 -0.095 0.501029
1.55875 -0.01 0.330993
1.55875 0.075 0.1596
1.55875 0.16 0.0775579
1.55875 0.245 0.0334164
1.55875 0.33 0.0129022
1.55875 0.415 0.0018981
1.55875 0.5 0
1.62 -2.9 0
1.62 -2.815 0
1.62 -2.73 0
1.62 -2.645 0
1.62 -2.56 0.0018981
1.62 -2.475 0
1.62 -2.39 0
1.62 -2.305 0.0018981
1.62 -2.22 0.0018981
1.62 -2.135 0.00569431
1.62 -2.05 0
1.62 -1.965 0.0083492
1.62 -1.88 0.00949052
1.62 -1.795 0.00759241
1.62 -1.71 0.0148003
1.62 -1.625 0.0417583
1.62 -1.54 0.0337813
1.62 -1.455 0.0804771
1.62 -1.37 0.0907244
1.62 -1.285 0.177325
1.62 -1.2 0.230415
1.62 -1.115 0.315036
1.62 -1.03 0.413737
1.62 -0.945 0.529005
1.62 -0.86 0.702332
1.62 -0.775 0.867771
1.62 -0.69 1.04133
1.62 -0.605 1.17718
1.62 -0.52 1.293
1.62 -0.435 1.2069
1.62 -0.35 1.02251
1.62 -0.265 0.953344
1.62 -0.18 0.663568
1.62 -0.095 0.445606
1.62 -0.01 0.262282
1.62 0.075 0.150999
1.62 0.16 0.0718072
1.62 0.245 0.0330122
1.62 0.33 0.0106195
1.62 0.415 0.00341167
1.62 0.5 0
1.68125 -2.9 0
1.68125 -2.815 0
1.68125 -2.73 0
1.68125 -2.645 0
1.68125 -2.56 0.0018981
1.68125 -2.475 0.0018981
1.68125 -2.39 0.0018981
1.68125 -2.305 0
1.68125 -2.22 0
1.68125 -2.135 0.00379621
1.68125 -2.05 0
1.68125 -1.965 0.00379621
1.68125 -1.88 0.00645109
1.68125 -1.795 0.0102473
1.68125 -1.71 0.00949052
1.68125 -1.625 0.0148003
1.68125 -1.54 0.0330687
1.68125 -1.455 0.040617
1.68125 -1.37 0.0622406
1.68125 -1.285 0.127533
1.68125 -1.2 0.207297
1.68125 -1.115 0.230119
1.68125 -1.03 0.330605
1.68125 -0.945 0.461663
1.68125 -0.86 0.582688
1.68125 -0.775 0.748631
1.68125 -0.69 0.856106
1.68125 -0.605 1.04068
1.68125 -0.52 1.04824
1.68125 -0.435 1.08146
1.68125 -0.35 0.954112
1.68125 -0.265 0.835017
1.68125 -0.18 0.595078
1.68125 -0.095 0.400209
1.68125 -0.01 0.265176
1.68125 0.075 0.113257
1.68125 0.16 0.0605511
1.68125 0.245 0.0304015
1.68125 0.33 0.0144158
1.68125 0.415 0.00080096
1.68125 0.5 0
1.7425 -2.9 0
1.7425 -2.815 0
1.7425 -2.73 0
1.7425 -2.645 0.0018981
1.7425 -2.56 0
1.7425 -2.475 0
1.7425 -2.39 0
1.7425 -2.305 0
1.7425 -2.22 0
1.7425 -2.135 0.0018981
1.7425 -2.05 0.00379621
1.7425 -1.965 0.00759241
1.7425 -1.88 0.00759241
1.7425 -1.795 0.00759241
1.7425 -1.71 0.0265734
1.7425 -1.625 0.028087
1.7425 -1.54 0.0208791
1.7425 -1.455 0.0341659
1.7425 -1.37 0.0827916
1.7425 -1.285 0.0838765
1.7425 -1.2 0.124121
1.7425 -1.115 0.192869
1.7425 -1.03 0.302146
1.7425 -0.945 0.382239
1.7425 -0.86 0.426816
1.7425 -0.775 0.626428
1.7425 -0.69 0.76977
1.7425 -0.605 0.888224
1.7425 -0.52 0.878841
1.7425 -0.435 0.943655
1.7425 -0.35 0.770265
1.7425 -0.265 0.720133
1.7425 -0.18 0.549006
1.7425 -0.095 0.336032
1.7425 -0.01 0.242519
1.7425 0.075 0.103154
1.7425 0.16 0.0489416
1.7425 0.245 0.0261766
1.7425 0.33 0.00265489
1.7425 0.415 0.00455299
1.7425 0.5 0
1.80375 -2.9 0
1.80375 -2.815 0
1.80375 -2.73 0
1.80375 -2.645 0
1.80375 -2.56 0
1.80375 -2.475 0
1.80375 -2.39 0
1.80375 -2.305 0
1.80375 -2.22 0
1.80375 -2.135 0
1.80375 -2.05 0.00569431
1.80375 -1.965 0.0018981
1.80375 -1.88 0.00569431
1.80375 -1.795 0.0083492
1.80375 -1.71 0.00569431
1.80375 -1.625 0.00759241
1.80375 -1.54 0.0254321
1.80375 -1.455 0.0311264
1.80375 -1.37 0.0558018
1.80375 -1.285 0.0801368
1.80375 -1.2 0.103999
1.80375 -1.115 0.136651
1.80375 -1.03 0.221713
1.80375 -0.945 0.268441
1.80375 -0.86 0.340953
1.80375 -0.775 0.529302
1.80375 -0.69 0.592534
1.80375 -0.605 0.698507
1.80375 -0.52 0.756038
1.80375 -0.435 0.649121
1.80375 -0.35 0.70969
1.80375 -0.265 0.589434
1.80375 -0.18 0.397251
1.80375 -0.095 0.282247
1.80375 -0.01 0.158163
1.80375 0.075 0.0715993
1.80375 0.16 0.0441047
1.80375 0.245 0.0193975
1.80375 0.33 0.00759241
1.80375 0.415 0.000756783
1.80375 0.5 0
1.865 -2.9 0
1.865 -2.815 0
1.865 -2.73 0
1.865 -2.645 0
1.865 -2.56 0
1.865 -2.475 0
1.865 -2.39 0.00569431
1.865 -2.305 0.0018981
1.865 -2.22 0
1.865 -2.135 0
1.865 -2.05 0.00379621
1.865 -1.965 0
1.865 -1.88 0.00645109
1.865 -1.795 0.00949052
1.865 -1.71 0.0113886
1.865 -1.625 0.0166984
1.865 -1.54 0.0223927
1.865 -1.455 0.0265734
1.865 -1.37 0.0220523
1.865 -1.285 0.0546605
1.865 -1.2 0.101016
1.865 -1.115 0.137792
1.865 -1.03 0.145
1.865 -0.945 0.180699
1.865 -0.86 0.288507
1.865 -0.775 0.389214
1.865 -0.69 0.452451
1.865 -0.605 0.534273
1.865 -0.52 0.662134
1.865 -0.435 0.64357
1.865 -0.35 0.629257
1.865 -0.265 0.532175
1.865 -0.18 0.359333
1.865 -0.095 0.217472
1.865 -0.01 0.152892
1.865 0.075 0.0726842
1.865 0.16 0.0464192
1.865 0.245 0.0166984
1.865 0.33 0.00759241
1.865 0.415 0.00379621
1.865 0.5 0.0018981
1.92625 -2.9 0
1.92625 -2.815 0
1.92625 -2.73 0.0018981
1.92625 -2.645 0
1.92625 -2.56 0
1.92625 -2.475 0
1.92625 -2.39 0
1.92625 -2.305 0
1.92625 -2.22 0
1.92625 -2.135 0
1.92625 -2.05 0.00379621
1.92625 -1.965 0.00379621
1.92625 -1.88 0.00379621
1.92625 -1.795 0.00379621
1.92625 -1.71 0.00949052
1.92625 -1.625 0.00573849
1.92625 -1.54 0.0117609
1.92625 -1.455 0.0208791
1.92625 -1.37 0.0273302
1.92625 -1.285 0.0357236
1.92625 -1.2 0.0767128
1.92625 -1.115 0.0759118
1.92625 -1.03 0.133668
1.92625 -0.945 0.180339
1.92625 -0.86 0.21943
1.92625 -0.775 0.279048
1.92625 -0.69 0.423777
1.92625 -0.605 0.458209
1.92625 -0.52 0.517038
1.92625 -0.435 0.53044
1.92625 -0.35 0.441519
1.92625 -0.265 0.394892
1.92625 -0.18 0.285558
1.92625 -0.095 0.221961
1.92625 -0.01 0.119235
1.92625 0.075 0.0667813
1.92625 0.16 0.0292602
1.92625 0.245 0.018212
1.92625 0.33 0.0110483
1.92625 0.415 0.00379621
1.92625 0.5 0
1.9875 -2.9 0
1.9875 -2.815 0
1.9875 -2.73 0
1.9875 -2.645 0
1.9875 -2.56 0
1.9875 -2.475 0.0018981
1.9875 -2.39 0.0018981
1.9875 -2.305 0
1.9875 -2.22 0
1.9875 -2.135 0
1.9875 -2.05 0.000756783
1.9875 -1.965 0.00265489
1.9875 -1.88 0
1.9875 -1.795 0.00379621
1.9875 -1.71 0.0018981
1.9875 -1.625 0.00759241
1.9875 -1.54 0.0083492
1.9875 -1.455 0.00910598
1.9875 -1.37 0.0190252
1.9875 -1.285 0.03264
1.9875 -1.2 0.0463113
1.9875 -1.115 0.0421305
1.9875 -1.03 0.0770409
1.9875 -0.945 0.126864
1.9875 -0.86 0.178057
1.9875 -0.775 0.252871
1.9875 -0.69 0.282132
1.9875 -0.605 0.313517
1.9875 -0.52 0.434234
1.9875 -0.435 0.413115
1.9875 -0.35 0.403581
1.9875 -0.265 0.301348
1.9875 -0.18 0.205578
1.9875 -0.095 0.14084
1.9875 -0.01 0.0869797
1.9875 0.075 0.0570069
1.9875 0.16 0.033769
1.9875 0.245 0.00345585
1.9875 0.33 0.00265489
1.9875 0.415 0.00569431
1.9875 0.5 0
2.04875 -2.9 0
2.04875 -2.815 0
2.04875 -2.73 0
2.04875 -2.645 0
2.04875 -2.56 0
2.04875 -2.475 0
2.04875 -2.39 0
2.04875 -2.305 0
2.04875 -2.22 0.0018981
2.04875 -2.135 0
2.04875 -2.05 0
2.04875 -1.965 0
2.04875 -1.88 0.0018981
2.04875 -1.795 0.0018981
2.04875 -1.71 0.0018981
2.04875 -1.625 0.00379621
2.04875 -1.54 0.00759241
2.04875 -1.455 0.00949052
2.04875 -1.37 0.0132867
2.04875 -1.285 0.0227772
2.04875 -1.2 0.0269457
2.04875 -1.115 0.0538914
2.04875 -1.03 0.0683636
2.04875 -0.945 0.0903276
2.04875 -0.86 0.125667
2.04875 -0.775 0.134028
2.04875 -0.69 0.188304
2.04875 -0.605 0.235411
2.04875 -0.52 0.30991
2.04875 -0.435 0.282102
2.04875 -0.35 0.316986
2.04875 -0.265 0.277278
2.04875 -0.18 0.179843
2.04875 -0.095 0.105028
2.04875 -0.01 0.0627454
2.04875 0.075 0.0411659
2.04875 0.16 0.0129905
2.04875 0.245 0.0166984
2.04875 0.33 0.00265489
2.04875 0.415 0
2.04875 0.5 0
2.11 -2.9 0
2.11 -2.815 0
2.11 -2.73 0
2.11 -2.645 0
2.11 -2.56 0
2.11 -2.475 0
2.11 -2.39 0
2.11 -2.305 0
2.11 -2.22 0
2.11 -2.135 0
2.11 -2.05 0
2.11 -1.965 0.0018981
2.11 -1.88 0
2.11 -1.795 0.0018981
2.11 -1.71 0.0018981
2.11 -1.625 0
2.11 -1.54 0.00759241
2.11 -1.455 0.0113886
2.11 -1.37 0.0170829
2.11 -1.285 0.0246753
2.11 -1.2 0.0330245
2.11 -1.115 0.0432718
2.11 -1.03 0.0352949
2.11 -0.945 0.0557895
2.11 -0.86 0.0983364
2.11 -0.775 0.122659
2.11 -0.69 0.154939
2.11 -0.605 0.201914
2.11 -0.52 0.230878
2.11 -0.435 0.249884
2.11 -0.35 0.233665
2.11 -0.265 0.171361
2.11 -0.18 0.156661
2.11 -0.095 0.105292
2.11 -0.01 0.0740652
2.11 0.075 0.0402324
2.11 0.16 0.0125176
2.11 0.245 0.00194228
2.11 0.33 0.00645109
2.11 0.415 0
2.11 0.5 0
2.17125 -2.9 0
2.17125 -2.815 0
2.17125 -2.73 0
2.17125 -2.645 0
2.17125 -2.56 0
2.17125 -2.475 0
2.17125 -2.39 0
2.17125 -2.305 0
2.17125 -2.22 0
2.17125 -2.135 0
2.17125 -2.05 0
2.17125 -1.965 0.0018981
2.17125 -1.88 0.000756783
2.17125 -1.795 0
2.17125 -1.71 0.00379621
2.17125 -1.625 0.000756783
2.17125 -1.54 0.000756783
2.17125 -1.455 0.0102473
2.17125 -1.37 0.0140435
2.17125 -1.285 0.0102473
2.17125 -1.2 0.0208791
2.17125 -1.115 0.0261889
2.17125 -1.03 0.0296006
2.17125 -0.945 0.0345823
2.17125 -0.86 0.0588731
2.17125 -0.775 0.0915131
2.17125 -0.69 0.114663
2.17125 -0.605 0.149945
2.17125 -0.52 0.173114
2.17125 -0.435 0.171613
2.17125 -0.35 0.200444
2.17125 -0.265 0.152323
2.17125 -0.18 0.1118
2.17125 -0.095 0.0965267
2.17125 -0.01 0.0565904
2.17125 0.075 0.0183003
2.17125 0.16 0.0018981
2.17125 0.245 0.0018981
2.17125 0.33 0
2.17125 0.415 0.0018981
2.17125 0.5 0
2.2325 -2.9 0
2.2325 -2.815 0
2.2325 -2.73 0
2.2325 -2.645 0
2.2325 -2.56 0
2.2325 -2.475 0
2.2325 -2.39 0
2.2325 -2.305 0
2.2325 -2.22 0
2.2325 -2.135 0
2.2325 -2.05 0
2.2325 -1.965 0
2.2325 -1.88 0
2.2325 -1.795 0.00265489
2.2325 -1.71 0
2.2325 -1.625 0.00379621
2.2325 -1.54 0.0018981
2.2325 -1.455 0.00379621
2.2325 -1.37 0.00759241
2.2325 -1.285 0.00910598
2.2325 -1.2 0.00455299
2.2325 -1.115 0.0193975
2.2325 -1.03 0.0273744
2.2325 -0.945 0.0444132
2.2325 -0.86 0.0387066
2.2325 -0.775 0.0535068
2.2325 -0.69 0.0801245
2.2325 -0.605 0.0801686
2.2325 -0.52 0.127597
2.2325 -0.435 0.144724
2.2325 -0.35 0.111775
2.2325 -0.265 0.0943201
2.2325 -0.18 0.0990809
2.2325 -0.095 0.0652677
2.2325 -0.01 0.0209994
2.2325 0.075 0.0167426
2.2325 0.16 0.00341167
2.2325 0.245 0.00645109
2.2325 0.33 0
2.2325 0.415 0
2.2325 0.5 0
2.29375 -2.9 0
2.29375 -2.815 0
2.29375 -2.73 0
2.29375 -2.645 0
2.29375 -2.56 0
2.29375 -2.475 0
2.29375 -2.39 0
2.29375 -2.305 0
2.29375 -2.22 0.0018981
2.29375 -2.135 0
2.29375 -2.05 0
2.29375 -1.965 0
2.29375 -1.88 0
2.29375 -1.795 0
2.29375 -1.71 0
2.29375 -1.625 0.000756783
2.29375 -1.54 0
2.29375 -1.455 0
2.29375 -1.37 0.00379621
2.29375 -1.285 0.00379621
2.29375 -1.2 0.00569431
2.29375 -1.115 0.0166984
2.29375 -1.03 0.0137031
2.29375 -0.945 0.0333968
2.29375 -0.86 0.0353391
2.29375 -0.775 0.0478248
2.29375 -0.69 0.0414056
2.29375 -0.605 0.0759437
2.29375 -0.52 0.0690516
2.29375 -0.435 0.0889343
2.29375 -0.35 0.0827671
2.29375 -0.265 0.0849686
2.29375 -0.18 0.0679791
2.29375 -0.095 0.040693
2.29375 -0.01 0.0247072
2.29375 0.075 0.0132867
2.29375 0.16 0.00151357
2.29375 0.245 0.000756783
2.29375 0.33 0
2.29375 0.415 0
2.29375 0.5 0
2.355 -2.9 0
2.355 -2.815 0
2.355 -2.73 0
2.355 -2.645 0
2.355 -2.56 0
2.355 -2.475 0
2.355 -2.39 0
2.355 -2.305 0
2.355 -2.22 0
2.355 -2.135 0
2.355 -2.05 0
2.355 -1.965 0.0018981
2.355 -1.88 0
2.355 -1.795 0
2.355 -1.71 0
2.355 -1.625 0.000756783
2.355 -1.54 0.0018981
2.355 -1.455 0.00341167
2.355 -1.37 0.00265489
2.355 -1.285 0.0083492
2.355 -1.2 0.00265489
2.355 -1.115 0.00569431
2.355 -1.03 0.0151848
2.355 -0.945 0.0204946
2.355 -0.86 0.018212
2.355 -0.775 0.0242908
2.355 -0.69 0.0231495
2.355 -0.605 0.0277908
2.355 -0.52 0.0414498
2.355 -0.435 0.0690516
2.355 -0.35 0.0421182
2.355 -0.265 0.0414056
2.355 -0.18 0.0376536
2.355 -0.095 0.0118492
2.355 -0.01 0.0198262
2.355 0.075 0.0201101
2.355 0.16 0.0018981
2.355 0.245 0.0018981
2.355 0.33 0
2.355 0.415 0
2.355 0.5 0
2.41625 -2.9 0
2.41625 -2.815 0
2.41625 -2.73 0
2.41625 -2.645 0
2.41625 -2.56 0
2.41625 -2.475 0
2.41625 -2.39 0
2.41625 -2.305 0
2.41625 -2.22 0
2.41625 -2.135 0
2.41625 -2.05 0
2.41625 -1.965 0
2.41625 -1.88 0.0018981
2.41625 -1.795 0
2.41625 -1.71 0
2.41625 -1.625 0.0018981
2.41625 -1.54 0
2.41625 -1.455 0
2.41625 -1.37 0.00379621
2.41625 -1.285 0
2.41625 -1.2 0.0018981
2.41625 -1.115 0.00151357
2.41625 -1.03 0.00569431
2.41625 -0.945 0.00530977
2.41625 -0.86 0.00947822
2.41625 -0.775 0.0242908
2.41625 -0.69 0.0201542
2.41625 -0.605 0.0364239
2.41625 -0.52 0.0345381
2.41625 -0.435 0.0307419
2.41625 -0.35 0.0235217
2.41625 -0.265 0.0296448
2.41625 -0.18 0.0231937
2.41625 -0.095 0.0129022
2.41625 -0.01 0.00416845
2.41625 0.075 0.00645109
2.41625 0.16 0.00530977
2.41625 0.245 0.000756783
2.41625 0.33 0
2.41625 0.415 0
2.41625 0.5 0
2.4775 -2.9 0
2.4775 -2.815 0
2.4775 -2.73 0
2.4775 -2.645 0
2.4775 -2.56 0
2.4775 -2.475 0
2.4775 -2.39 0
2.4775 -2.305 0
2.4775 -2.22 0
2.4775 -2.135 0
2.4775 -2.05 0
2.4775 -1.965 0
2.4775 -1.88 0
2.4775 -1.795 0
2.4775 -1.71 0.0018981
2.4775 -1.625 0
2.4775 -1.54 0.00379621
2.4775 -1.455 0.0018981
2.4775 -1.37 0.0018981
2.4775 -1.285 0
2.4775 -1.2 0.00455299
2.4775 -1.115 0.0018981
2.4775 -1.03 0.00379621
2.4775 -0.945 0.00530977
2.4775 -0.86 0.00606655
2.4775 -0.775 0.00986276
2.4775 -0.69 0.00530977
2.4775 -0.605 0.00910598
2.4775 -0.52 0.0102473
2.4775 -0.435 0.0140435
2.4775 -0.35 0.0129022
2.4775 -0.265 0.0117609
2.4775 -0.18 0.00569431
2.4775 -0.095 0.00569431
2.4775 -0.01 0.0018981
2.4775 0.075 0
2.4775 0.16 0
2.4775 0.245 0
2.4775 0.33 0
2.4775 0.415 0
2.4775 0.5 0
2.53875 -2.9 0
2.53875 -2.815 0
2.53875 -2.73 0
2.53875 -2.645 0
2.53875 -2.56 0
2.53875 -2.475 0
2.53875 -2.39 0
2.53875 -2.305 0
2.53875 -2.22 0
2.53875 -2.135 0
2.53875 -2.05 0
2.53875 -1.965 0
2.53875 -1.88 0
2.53875 -1.795 0
2.53875 -1.71 0
2.53875 -1.625 0
2.53875 -1.54 0
2.53875 -1.455 0
2.53875 -1.37 0
2.53875 -1.285 0
2.53875 -1.2 0
2.53875 -1.115 0
2.53875 -1.03 0
2.53875 -0.945 0
2.53875 -0.86 0.00379621
2.53875 -0.775 0.00379621
2.53875 -0.69 0
2.53875 -0.605 0.00379621
2.53875 -0.52 0.00720788
2.53875 -0.435 0.00151357
2.53875 -0.35 0
2.53875 -0.265 0.00194228
2.53875 -0.18 0
2.53875 -0.095 0
2.53875 -0.01 0
2.53875 0.075 0
2.53875 0.16 0
2.53875 0.245 0
2.53875 0.33 0
2.53875 0.415 0
2.53875 0.5 0
2.6 -2.9 0
2.6 -2.815 0
2.6 -2.73 0
2.6 -2.645 0
2.6 -2.56 0
2.6 -2.475 0
2.6 -2.39 0
2.6 -2.305 0
2.6 -2.22 0
2.6 -2.135 0
2.6 -2.05 0
2.6 -1.965 0
2.6 -1.88 0
2.6 -1.795 0
2.6 -1.71 0
2.6 -1.625 0
2.6 -1.54 0
2.6 -1.455 0
2.6 -1.37 0
2.6 -1.285 0
2.6 -1.2 0
2.6 -1.115 0
2.6 -1.03 0
2.6 -0.945 0
2.6 -0.86 0
2.6 -0.775 0
2.6 -0.69 0
2.6 -0.605 0
2.6 -0.52 0
2.6 -0.435 0
2.6 -0.35 0
2.6 -0.265 0
2.6 -0.18 0
2.6 -0.095 0
2.6 -0.01 0
2.6 0.075 0
2.6 0.16 0
2.6 0.245 0
2.6 0.33 0
2.6 0.415 0
2.6 0.5 0
