# Photon distribution generated from decays of light mesons generated for 100000 impinging protons, with PYTHIA8.2 and modifiers ["SoftQCD:all = on", "111:mayDecay = no", "Beams:idA = 2212","Beams:idB = 2212","Beams:eA = 70","Beams:eB = 0","Beams:frameType = 2"]
# "Log10(p[GeV]), Log10(pT[GeV]), dY[per(GeV^2 N_PoT)]"
-2.3 -2.9 0.0018981
-2.3 -2.815 0.00949052
-2.3 -2.73 0.00379621
-2.3 -2.645 0.00759241
-2.3 -2.56 0.00379621
-2.3 -2.475 0.018981
-2.3 -2.39 0.0531469
-2.3 -2.305 0.0721279
-2.3 -2.22 0
-2.3 -2.135 0
-2.3 -2.05 0
-2.3 -1.965 0
-2.3 -1.88 0
-2.3 -1.795 0
-2.3 -1.71 0
-2.3 -1.625 0
-2.3 -1.54 0
-2.3 -1.455 0
-2.3 -1.37 0
-2.3 -1.285 0
-2.3 -1.2 0
-2.3 -1.115 0
-2.3 -1.03 0
-2.3 -0.945 0
-2.3 -0.86 0
-2.3 -0.775 0
-2.3 -0.69 0
-2.3 -0.605 0
-2.3 -0.52 0
-2.3 -0.435 0
-2.3 -0.35 0
-2.3 -0.265 0
-2.3 -0.18 0
-2.3 -0.095 0
-2.3 -0.01 0
-2.3 0.075 0
-2.3 0.16 0
-2.3 0.245 0
-2.3 0.33 0
-2.3 0.415 0
-2.3 0.5 0
-2.23875 -2.9 0
-2.23875 -2.815 0.0018981
-2.23875 -2.73 0.00379621
-2.23875 -2.645 0.00949052
-2.23875 -2.56 0.0113886
-2.23875 -2.475 0.0170829
-2.23875 -2.39 0.0322678
-2.23875 -2.305 0.074026
-2.23875 -2.22 0.0588412
-2.23875 -2.135 0
-2.23875 -2.05 0
-2.23875 -1.965 0
-2.23875 -1.88 0
-2.23875 -1.795 0
-2.23875 -1.71 0
-2.23875 -1.625 0
-2.23875 -1.54 0
-2.23875 -1.455 0
-2.23875 -1.37 0
-2.23875 -1.285 0
-2.23875 -1.2 0
-2.23875 -1.115 0
-2.23875 -1.03 0
-2.23875 -0.945 0
-2.23875 -0.86 0
-2.23875 -0.775 0
-2.23875 -0.69 0
-2.23875 -0.605 0
-2.23875 -0.52 0
-2.23875 -0.435 0
-2.23875 -0.35 0
-2.23875 -0.265 0
-2.23875 -0.18 0
-2.23875 -0.095 0
-2.23875 -0.01 0
-2.23875 0.075 0
-2.23875 0.16 0
-2.23875 0.245 0
-2.23875 0.33 0
-2.23875 0.415 0
-2.23875 0.5 0
-2.1775 -2.9 0.00379621
-2.1775 -2.815 0
-2.1775 -2.73 0.0018981
-2.1775 -2.645 0.0018981
-2.1775 -2.56 0.00379621
-2.1775 -2.475 0.018981
-2.1775 -2.39 0.018981
-2.1775 -2.305 0.0425151
-2.1775 -2.22 0.159441
-2.1775 -2.135 0.0512488
-2.1775 -2.05 0
-2.1775 -1.965 0
-2.1775 -1.88 0
-2.1775 -1.795 0
-2.1775 -1.71 0
-2.1775 -1.625 0
-2.1775 -1.54 0
-2.1775 -1.455 0
-2.1775 -1.37 0
-2.1775 -1.285 0
-2.1775 -1.2 0
-2.1775 -1.115 0
-2.1775 -1.03 0
-2.1775 -0.945 0
-2.1775 -0.86 0
-2.1775 -0.775 0
-2.1775 -0.69 0
-2.1775 -0.605 0
-2.1775 -0.52 0
-2.1775 -0.435 0
-2.1775 -0.35 0
-2.1775 -0.265 0
-2.1775 -0.18 0
-2.1775 -0.095 0
-2.1775 -0.01 0
-2.1775 0.075 0
-2.1775 0.16 0
-2.1775 0.245 0
-2.1775 0.33 0
-2.1775 0.415 0
-2.1775 0.5 0
-2.11625 -2.9 0
-2.11625 -2.815 0
-2.11625 -2.73 0.0018981
-2.11625 -2.645 0.0018981
-2.11625 -2.56 0.0018981
-2.11625 -2.475 0.0227772
-2.11625 -2.39 0.0246753
-2.11625 -2.305 0.0398602
-2.11625 -2.22 0.112745
-2.11625 -2.135 0.228529
-2.11625 -2.05 0.00759241
-2.11625 -1.965 0
-2.11625 -1.88 0
-2.11625 -1.795 0
-2.11625 -1.71 0
-2.11625 -1.625 0
-2.11625 -1.54 0
-2.11625 -1.455 0
-2.11625 -1.37 0
-2.11625 -1.285 0
-2.11625 -1.2 0
-2.11625 -1.115 0
-2.11625 -1.03 0
-2.11625 -0.945 0
-2.11625 -0.86 0
-2.11625 -0.775 0
-2.11625 -0.69 0
-2.11625 -0.605 0
-2.11625 -0.52 0
-2.11625 -0.435 0
-2.11625 -0.35 0
-2.11625 -0.265 0
-2.11625 -0.18 0
-2.11625 -0.095 0
-2.11625 -0.01 0
-2.11625 0.075 0
-2.11625 0.16 0
-2.11625 0.245 0
-2.11625 0.33 0
-2.11625 0.415 0
-2.11625 0.5 0
-2.055 -2.9 0.00379621
-2.055 -2.815 0
-2.055 -2.73 0
-2.055 -2.645 0.00379621
-2.055 -2.56 0.00569431
-2.055 -2.475 0.00379621
-2.055 -2.39 0.0140435
-2.055 -2.305 0.0474526
-2.055 -2.22 0.055045
-2.055 -2.135 0.138562
-2.055 -2.05 0.217141
-2.055 -1.965 0
-2.055 -1.88 0
-2.055 -1.795 0
-2.055 -1.71 0
-2.055 -1.625 0
-2.055 -1.54 0
-2.055 -1.455 0
-2.055 -1.37 0
-2.055 -1.285 0
-2.055 -1.2 0
-2.055 -1.115 0
-2.055 -1.03 0
-2.055 -0.945 0
-2.055 -0.86 0
-2.055 -0.775 0
-2.055 -0.69 0
-2.055 -0.605 0
-2.055 -0.52 0
-2.055 -0.435 0
-2.055 -0.35 0
-2.055 -0.265 0
-2.055 -0.18 0
-2.055 -0.095 0
-2.055 -0.01 0
-2.055 0.075 0
-2.055 0.16 0
-2.055 0.245 0
-2.055 0.33 0
-2.055 0.415 0
-2.055 0.5 0
-1.99375 -2.9 0
-1.99375 -2.815 0
-1.99375 -2.73 0.0018981
-1.99375 -2.645 0
-1.99375 -2.56 0.0018981
-1.99375 -2.475 0.0132867
-1.99375 -2.39 0.0132867
-1.99375 -2.305 0.0368207
-1.99375 -2.22 0.055045
-1.99375 -2.135 0.0987014
-1.99375 -2.05 0.23802
-1.99375 -1.965 0.143115
-1.99375 -1.88 0
-1.99375 -1.795 0
-1.99375 -1.71 0
-1.99375 -1.625 0
-1.99375 -1.54 0
-1.99375 -1.455 0
-1.99375 -1.37 0
-1.99375 -1.285 0
-1.99375 -1.2 0
-1.99375 -1.115 0
-1.99375 -1.03 0
-1.99375 -0.945 0
-1.99375 -0.86 0
-1.99375 -0.775 0
-1.99375 -0.69 0
-1.99375 -0.605 0
-1.99375 -0.52 0
-1.99375 -0.435 0
-1.99375 -0.35 0
-1.99375 -0.265 0
-1.99375 -0.18 0
-1.99375 -0.095 0
-1.99375 -0.01 0
-1.99375 0.075 0
-1.99375 0.16 0
-1.99375 0.245 0
-1.99375 0.33 0
-1.99375 0.415 0
-1.99375 0.5 0
-1.9325 -2.9 0
-1.9325 -2.815 0.0018981
-1.9325 -2.73 0
-1.9325 -2.645 0.00569431
-1.9325 -2.56 0.00569431
-1.9325 -2.475 0.00379621
-1.9325 -2.39 0.0132867
-1.9325 -2.305 0.0284715
-1.9325 -2.22 0.0645355
-1.9325 -2.135 0.0949052
-1.9325 -2.05 0.171586
-1.9325 -1.965 0.348866
-1.9325 -1.88 0.0493507
-1.9325 -1.795 0
-1.9325 -1.71 0
-1.9325 -1.625 0
-1.9325 -1.54 0
-1.9325 -1.455 0
-1.9325 -1.37 0
-1.9325 -1.285 0
-1.9325 -1.2 0
-1.9325 -1.115 0
-1.9325 -1.03 0
-1.9325 -0.945 0
-1.9325 -0.86 0
-1.9325 -0.775 0
-1.9325 -0.69 0
-1.9325 -0.605 0
-1.9325 -0.52 0
-1.9325 -0.435 0
-1.9325 -0.35 0
-1.9325 -0.265 0
-1.9325 -0.18 0
-1.9325 -0.095 0
-1.9325 -0.01 0
-1.9325 0.075 0
-1.9325 0.16 0
-1.9325 0.245 0
-1.9325 0.33 0
-1.9325 0.415 0
-1.9325 0.5 0
-1.87125 -2.9 0
-1.87125 -2.815 0
-1.87125 -2.73 0
-1.87125 -2.645 0.0018981
-1.87125 -2.56 0.00569431
-1.87125 -2.475 0.00759241
-1.87125 -2.39 0.0151848
-1.87125 -2.305 0.0246753
-1.87125 -2.22 0.0493507
-1.87125 -2.135 0.113886
-1.87125 -2.05 0.130969
-1.87125 -1.965 0.246369
-1.87125 -1.88 0.466549
-1.87125 -1.795 0
-1.87125 -1.71 0
-1.87125 -1.625 0
-1.87125 -1.54 0
-1.87125 -1.455 0
-1.87125 -1.37 0
-1.87125 -1.285 0
-1.87125 -1.2 0
-1.87125 -1.115 0
-1.87125 -1.03 0
-1.87125 -0.945 0
-1.87125 -0.86 0
-1.87125 -0.775 0
-1.87125 -0.69 0
-1.87125 -0.605 0
-1.87125 -0.52 0
-1.87125 -0.435 0
-1.87125 -0.35 0
-1.87125 -0.265 0
-1.87125 -0.18 0
-1.87125 -0.095 0
-1.87125 -0.01 0
-1.87125 0.075 0
-1.87125 0.16 0
-1.87125 0.245 0
-1.87125 0.33 0
-1.87125 0.415 0
-1.87125 0.5 0
-1.81 -2.9 0
-1.81 -2.815 0
-1.81 -2.73 0
-1.81 -2.645 0.00265489
-1.81 -2.56 0
-1.81 -2.475 0.00759241
-1.81 -2.39 0.018981
-1.81 -2.305 0.0284715
-1.81 -2.22 0.0284715
-1.81 -2.135 0.0607393
-1.81 -2.05 0.119581
-1.81 -1.965 0.226631
-1.81 -1.88 0.427445
-1.81 -1.795 0.427445
-1.81 -1.71 0
-1.81 -1.625 0
-1.81 -1.54 0
-1.81 -1.455 0
-1.81 -1.37 0
-1.81 -1.285 0
-1.81 -1.2 0
-1.81 -1.115 0
-1.81 -1.03 0
-1.81 -0.945 0
-1.81 -0.86 0
-1.81 -0.775 0
-1.81 -0.69 0
-1.81 -0.605 0
-1.81 -0.52 0
-1.81 -0.435 0
-1.81 -0.35 0
-1.81 -0.265 0
-1.81 -0.18 0
-1.81 -0.095 0
-1.81 -0.01 0
-1.81 0.075 0
-1.81 0.16 0
-1.81 0.245 0
-1.81 0.33 0
-1.81 0.415 0
-1.81 0.5 0
-1.74875 -2.9 0
-1.74875 -2.815 0
-1.74875 -2.73 0
-1.74875 -2.645 0.0018981
-1.74875 -2.56 0
-1.74875 -2.475 0.00569431
-1.74875 -2.39 0.00949052
-1.74875 -2.305 0.0227772
-1.74875 -2.22 0.0417583
-1.74875 -2.135 0.0455545
-1.74875 -2.05 0.113502
-1.74875 -1.965 0.160197
-1.74875 -1.88 0.296104
-1.74875 -1.795 0.745185
-1.74875 -1.71 0.275225
-1.74875 -1.625 0
-1.74875 -1.54 0
-1.74875 -1.455 0
-1.74875 -1.37 0
-1.74875 -1.285 0
-1.74875 -1.2 0
-1.74875 -1.115 0
-1.74875 -1.03 0
-1.74875 -0.945 0
-1.74875 -0.86 0
-1.74875 -0.775 0
-1.74875 -0.69 0
-1.74875 -0.605 0
-1.74875 -0.52 0
-1.74875 -0.435 0
-1.74875 -0.35 0
-1.74875 -0.265 0
-1.74875 -0.18 0
-1.74875 -0.095 0
-1.74875 -0.01 0
-1.74875 0.075 0
-1.74875 0.16 0
-1.74875 0.245 0
-1.74875 0.33 0
-1.74875 0.415 0
-1.74875 0.5 0
-1.6875 -2.9 0.0018981
-1.6875 -2.815 0.0018981
-1.6875 -2.73 0
-1.6875 -2.645 0
-1.6875 -2.56 0
-1.6875 -2.475 0.00379621
-1.6875 -2.39 0
-1.6875 -2.305 0.0170829
-1.6875 -2.22 0.0322678
-1.6875 -2.135 0.0493507
-1.6875 -2.05 0.0747828
-1.6875 -1.965 0.151848
-1.6875 -1.88 0.285472
-1.6875 -1.795 0.51286
-1.6875 -1.71 0.903869
-1.6875 -1.625 0.0398602
-1.6875 -1.54 0
-1.6875 -1.455 0
-1.6875 -1.37 0
-1.6875 -1.285 0
-1.6875 -1.2 0
-1.6875 -1.115 0
-1.6875 -1.03 0
-1.6875 -0.945 0
-1.6875 -0.86 0
-1.6875 -0.775 0
-1.6875 -0.69 0
-1.6875 -0.605 0
-1.6875 -0.52 0
-1.6875 -0.435 0
-1.6875 -0.35 0
-1.6875 -0.265 0
-1.6875 -0.18 0
-1.6875 -0.095 0
-1.6875 -0.01 0
-1.6875 0.075 0
-1.6875 0.16 0
-1.6875 0.245 0
-1.6875 0.33 0
-1.6875 0.415 0
-1.6875 0.5 0
-1.62625 -2.9 0
-1.62625 -2.815 0.0018981
-1.62625 -2.73 0.0018981
-1.62625 -2.645 0.0018981
-1.62625 -2.56 0
-1.62625 -2.475 0
-1.62625 -2.39 0.0132867
-1.62625 -2.305 0.018981
-1.62625 -2.22 0.036064
-1.62625 -2.135 0.0588412
-1.62625 -2.05 0.112789
-1.62625 -1.965 0.160954
-1.62625 -1.88 0.233467
-1.62625 -1.795 0.394805
-1.62625 -1.71 0.667748
-1.62625 -1.625 0.868562
-1.62625 -1.54 0
-1.62625 -1.455 0
-1.62625 -1.37 0
-1.62625 -1.285 0
-1.62625 -1.2 0
-1.62625 -1.115 0
-1.62625 -1.03 0
-1.62625 -0.945 0
-1.62625 -0.86 0
-1.62625 -0.775 0
-1.62625 -0.69 0
-1.62625 -0.605 0
-1.62625 -0.52 0
-1.62625 -0.435 0
-1.62625 -0.35 0
-1.62625 -0.265 0
-1.62625 -0.18 0
-1.62625 -0.095 0
-1.62625 -0.01 0
-1.62625 0.075 0
-1.62625 0.16 0
-1.62625 0.245 0
-1.62625 0.33 0
-1.62625 0.415 0
-1.62625 0.5 0
-1.565 -2.9 0
-1.565 -2.815 0
-1.565 -2.73 0
-1.565 -2.645 0
-1.565 -2.56 0.0018981
-1.565 -2.475 0.00379621
-1.565 -2.39 0.00455299
-1.565 -2.305 0.0170829
-1.565 -2.22 0.0227772
-1.565 -2.135 0.0607393
-1.565 -2.05 0.0702298
-1.565 -1.965 0.120337
-1.565 -1.88 0.218282
-1.565 -1.795 0.328744
-1.565 -1.71 0.454776
-1.565 -1.625 0.938395
-1.565 -1.54 0.697733
-1.565 -1.455 0
-1.565 -1.37 0
-1.565 -1.285 0
-1.565 -1.2 0
-1.565 -1.115 0
-1.565 -1.03 0
-1.565 -0.945 0
-1.565 -0.86 0
-1.565 -0.775 0
-1.565 -0.69 0
-1.565 -0.605 0
-1.565 -0.52 0
-1.565 -0.435 0
-1.565 -0.35 0
-1.565 -0.265 0
-1.565 -0.18 0
-1.565 -0.095 0
-1.565 -0.01 0
-1.565 0.075 0
-1.565 0.16 0
-1.565 0.245 0
-1.565 0.33 0
-1.565 0.415 0
-1.565 0.5 0
-1.50375 -2.9 0
-1.50375 -2.815 0.0018981
-1.50375 -2.73 0
-1.50375 -2.645 0
-1.50375 -2.56 0
-1.50375 -2.475 0.00569431
-1.50375 -2.39 0.0113886
-1.50375 -2.305 0.0208791
-1.50375 -2.22 0.0284715
-1.50375 -2.135 0.0531469
-1.50375 -2.05 0.0949052
-1.50375 -1.965 0.155644
-1.50375 -1.88 0.241059
-1.50375 -1.795 0.298002
-1.50375 -1.71 0.476039
-1.50375 -1.625 0.680694
-1.50375 -1.54 1.44405
-1.50375 -1.455 0.240675
-1.50375 -1.37 0
-1.50375 -1.285 0
-1.50375 -1.2 0
-1.50375 -1.115 0
-1.50375 -1.03 0
-1.50375 -0.945 0
-1.50375 -0.86 0
-1.50375 -0.775 0
-1.50375 -0.69 0
-1.50375 -0.605 0
-1.50375 -0.52 0
-1.50375 -0.435 0
-1.50375 -0.35 0
-1.50375 -0.265 0
-1.50375 -0.18 0
-1.50375 -0.095 0
-1.50375 -0.01 0
-1.50375 0.075 0
-1.50375 0.16 0
-1.50375 0.245 0
-1.50375 0.33 0
-1.50375 0.415 0
-1.50375 0.5 0
-1.4425 -2.9 0.0018981
-1.4425 -2.815 0
-1.4425 -2.73 0
-1.4425 -2.645 0.00379621
-1.4425 -2.56 0.0018981
-1.4425 -2.475 0
-1.4425 -2.39 0.00949052
-1.4425 -2.305 0.0113886
-1.4425 -2.22 0.0208791
-1.4425 -2.135 0.0645355
-1.4425 -2.05 0.0797203
-1.4425 -1.965 0.127173
-1.4425 -1.88 0.18032
-1.4425 -1.795 0.298374
-1.4425 -1.71 0.429728
-1.4425 -1.625 0.639276
-1.4425 -1.54 1.02267
-1.4425 -1.455 1.57581
-1.4425 -1.37 0
-1.4425 -1.285 0
-1.4425 -1.2 0
-1.4425 -1.115 0
-1.4425 -1.03 0
-1.4425 -0.945 0
-1.4425 -0.86 0
-1.4425 -0.775 0
-1.4425 -0.69 0
-1.4425 -0.605 0
-1.4425 -0.52 0
-1.4425 -0.435 0
-1.4425 -0.35 0
-1.4425 -0.265 0
-1.4425 -0.18 0
-1.4425 -0.095 0
-1.4425 -0.01 0
-1.4425 0.075 0
-1.4425 0.16 0
-1.4425 0.245 0
-1.4425 0.33 0
-1.4425 0.415 0
-1.4425 0.5 0
-1.38125 -2.9 0
-1.38125 -2.815 0.0018981
-1.38125 -2.73 0.0018981
-1.38125 -2.645 0
-1.38125 -2.56 0.0018981
-1.38125 -2.475 0.0018981
-1.38125 -2.39 0.00759241
-1.38125 -2.305 0.018981
-1.38125 -2.22 0.018981
-1.38125 -2.135 0.0474526
-1.38125 -2.05 0.0759241
-1.38125 -1.965 0.130969
-1.38125 -1.88 0.184873
-1.38125 -1.795 0.304453
-1.38125 -1.71 0.459341
-1.38125 -1.625 0.574356
-1.38125 -1.54 0.844271
-1.38125 -1.455 1.38254
-1.38125 -1.37 1.22991
-1.38125 -1.285 0
-1.38125 -1.2 0
-1.38125 -1.115 0
-1.38125 -1.03 0
-1.38125 -0.945 0
-1.38125 -0.86 0
-1.38125 -0.775 0
-1.38125 -0.69 0
-1.38125 -0.605 0
-1.38125 -0.52 0
-1.38125 -0.435 0
-1.38125 -0.35 0
-1.38125 -0.265 0
-1.38125 -0.18 0
-1.38125 -0.095 0
-1.38125 -0.01 0
-1.38125 0.075 0
-1.38125 0.16 0
-1.38125 0.245 0
-1.38125 0.33 0
-1.38125 0.415 0
-1.38125 0.5 0
-1.32 -2.9 0
-1.32 -2.815 0
-1.32 -2.73 0.0018981
-1.32 -2.645 0
-1.32 -2.56 0.0018981
-1.32 -2.475 0.00379621
-1.32 -2.39 0.0018981
-1.32 -2.305 0.0246753
-1.32 -2.22 0.0322678
-1.32 -2.135 0.0569431
-1.32 -2.05 0.0797203
-1.32 -1.965 0.117682
-1.32 -1.88 0.236122
-1.32 -1.795 0.313603
-1.32 -1.71 0.394421
-1.32 -1.625 0.584988
-1.32 -1.54 0.718612
-1.32 -1.455 1.01736
-1.32 -1.37 1.78413
-1.32 -1.285 0.66353
-1.32 -1.2 0
-1.32 -1.115 0
-1.32 -1.03 0
-1.32 -0.945 0
-1.32 -0.86 0
-1.32 -0.775 0
-1.32 -0.69 0
-1.32 -0.605 0
-1.32 -0.52 0
-1.32 -0.435 0
-1.32 -0.35 0
-1.32 -0.265 0
-1.32 -0.18 0
-1.32 -0.095 0
-1.32 -0.01 0
-1.32 0.075 0
-1.32 0.16 0
-1.32 0.245 0
-1.32 0.33 0
-1.32 0.415 0
-1.32 0.5 0
-1.25875 -2.9 0
-1.25875 -2.815 0.0018981
-1.25875 -2.73 0.0018981
-1.25875 -2.645 0.0018981
-1.25875 -2.56 0.00569431
-1.25875 -2.475 0.00759241
-1.25875 -2.39 0.0113886
-1.25875 -2.305 0.0151848
-1.25875 -2.22 0.0379621
-1.25875 -2.135 0.0614961
-1.25875 -2.05 0.102498
-1.25875 -1.965 0.119581
-1.25875 -1.88 0.200058
-1.25875 -1.795 0.301798
-1.25875 -1.71 0.46769
-1.25875 -1.625 0.541332
-1.25875 -1.54 0.735695
-1.25875 -1.455 0.920984
-1.25875 -1.37 1.33512
-1.25875 -1.285 2.28191
-1.25875 -1.2 0.15753
-1.25875 -1.115 0
-1.25875 -1.03 0
-1.25875 -0.945 0
-1.25875 -0.86 0
-1.25875 -0.775 0
-1.25875 -0.69 0
-1.25875 -0.605 0
-1.25875 -0.52 0
-1.25875 -0.435 0
-1.25875 -0.35 0
-1.25875 -0.265 0
-1.25875 -0.18 0
-1.25875 -0.095 0
-1.25875 -0.01 0
-1.25875 0.075 0
-1.25875 0.16 0
-1.25875 0.245 0
-1.25875 0.33 0
-1.25875 0.415 0
-1.25875 0.5 0
-1.1975 -2.9 0.0018981
-1.1975 -2.815 0
-1.1975 -2.73 0
-1.1975 -2.645 0.00759241
-1.1975 -2.56 0
-1.1975 -2.475 0.00379621
-1.1975 -2.39 0.00949052
-1.1975 -2.305 0.0265734
-1.1975 -2.22 0.0303697
-1.1975 -2.135 0.0531469
-1.1975 -2.05 0.100599
-1.1975 -1.965 0.123377
-1.1975 -1.88 0.171586
-1.1975 -1.795 0.269531
-1.1975 -1.71 0.37013
-1.1975 -1.625 0.589926
-1.1975 -1.54 0.773273
-1.1975 -1.455 1.00864
-1.1975 -1.37 1.17575
-1.1975 -1.285 1.58085
-1.1975 -1.2 2.0214
-1.1975 -1.115 0
-1.1975 -1.03 0
-1.1975 -0.945 0
-1.1975 -0.86 0
-1.1975 -0.775 0
-1.1975 -0.69 0
-1.1975 -0.605 0
-1.1975 -0.52 0
-1.1975 -0.435 0
-1.1975 -0.35 0
-1.1975 -0.265 0
-1.1975 -0.18 0
-1.1975 -0.095 0
-1.1975 -0.01 0
-1.1975 0.075 0
-1.1975 0.16 0
-1.1975 0.245 0
-1.1975 0.33 0
-1.1975 0.415 0
-1.1975 0.5 0
-1.13625 -2.9 0.0018981
-1.13625 -2.815 0.0018981
-1.13625 -2.73 0.0018981
-1.13625 -2.645 0.00379621
-1.13625 -2.56 0.00379621
-1.13625 -2.475 0.00379621
-1.13625 -2.39 0.0151848
-1.13625 -2.305 0.00569431
-1.13625 -2.22 0.0265734
-1.13625 -2.135 0.0493507
-1.13625 -2.05 0.0759241
-1.13625 -1.965 0.119581
-1.13625 -1.88 0.225874
-1.13625 -1.795 0.292308
-1.13625 -1.71 0.406194
-1.13625 -1.625 0.56829
-1.13625 -1.54 0.717899
-1.13625 -1.455 0.983205
-1.13625 -1.37 1.22918
-1.13625 -1.285 1.46799
-1.13625 -1.2 2.18242
-1.13625 -1.115 1.33467
-1.13625 -1.03 0
-1.13625 -0.945 0
-1.13625 -0.86 0
-1.13625 -0.775 0
-1.13625 -0.69 0
-1.13625 -0.605 0
-1.13625 -0.52 0
-1.13625 -0.435 0
-1.13625 -0.35 0
-1.13625 -0.265 0
-1.13625 -0.18 0
-1.13625 -0.095 0
-1.13625 -0.01 0
-1.13625 0.075 0
-1.13625 0.16 0
-1.13625 0.245 0
-1.13625 0.33 0
-1.13625 0.415 0
-1.13625 0.5 0
-1.075 -2.9 0
-1.075 -2.815 0.00569431
-1.075 -2.73 0
-1.075 -2.645 0
-1.075 -2.56 0.0132867
-1.075 -2.475 0.0170829
-1.075 -2.39 0.00759241
-1.075 -2.305 0.0170829
-1.075 -2.22 0.0379621
-1.075 -2.135 0.0531469
-1.075 -2.05 0.0702298
-1.075 -1.965 0.125275
-1.075 -1.88 0.213344
-1.075 -1.795 0.2999
-1.075 -1.71 0.411888
-1.075 -1.625 0.604354
-1.075 -1.54 0.759998
-1.075 -1.455 0.900073
-1.075 -1.37 1.18021
-1.075 -1.285 1.45013
-1.075 -1.2 1.66265
-1.075 -1.115 2.89455
-1.075 -1.03 0.570151
-1.075 -0.945 0
-1.075 -0.86 0
-1.075 -0.775 0
-1.075 -0.69 0
-1.075 -0.605 0
-1.075 -0.52 0
-1.075 -0.435 0
-1.075 -0.35 0
-1.075 -0.265 0
-1.075 -0.18 0
-1.075 -0.095 0
-1.075 -0.01 0
-1.075 0.075 0
-1.075 0.16 0
-1.075 0.245 0
-1.075 0.33 0
-1.075 0.415 0
-1.075 0.5 0
-1.01375 -2.9 0
-1.01375 -2.815 0.0018981
-1.01375 -2.73 0.00379621
-1.01375 -2.645 0.00759241
-1.01375 -2.56 0.00379621
-1.01375 -2.475 0.0170829
-1.01375 -2.39 0.00569431
-1.01375 -2.305 0.0246753
-1.01375 -2.22 0.0227772
-1.01375 -2.135 0.0398602
-1.01375 -2.05 0.0683317
-1.01375 -1.965 0.14046
-1.01375 -1.88 0.184116
-1.01375 -1.795 0.286614
-1.01375 -1.71 0.385315
-1.01375 -1.625 0.523492
-1.01375 -1.54 0.72773
-1.01375 -1.455 0.960812
-1.01375 -1.37 1.28391
-1.01375 -1.285 1.46227
-1.01375 -1.2 1.62477
-1.01375 -1.115 1.9519
-1.01375 -1.03 2.7199
-1.01375 -0.945 0.0311264
-1.01375 -0.86 0
-1.01375 -0.775 0
-1.01375 -0.69 0
-1.01375 -0.605 0
-1.01375 -0.52 0
-1.01375 -0.435 0
-1.01375 -0.35 0
-1.01375 -0.265 0
-1.01375 -0.18 0
-1.01375 -0.095 0
-1.01375 -0.01 0
-1.01375 0.075 0
-1.01375 0.16 0
-1.01375 0.245 0
-1.01375 0.33 0
-1.01375 0.415 0
-1.01375 0.5 0
-0.9525 -2.9 0.0018981
-0.9525 -2.815 0
-0.9525 -2.73 0
-0.9525 -2.645 0
-0.9525 -2.56 0.00379621
-0.9525 -2.475 0.00379621
-0.9525 -2.39 0.0151848
-0.9525 -2.305 0.0178397
-0.9525 -2.22 0.0170829
-0.9525 -2.135 0.0588412
-0.9525 -2.05 0.074026
-0.9525 -1.965 0.14046
-0.9525 -1.88 0.203097
-0.9525 -1.795 0.298002
-0.9525 -1.71 0.457443
-0.9525 -1.625 0.611946
-0.9525 -1.54 0.746711
-0.9525 -1.455 1.05496
-0.9525 -1.37 1.11232
-0.9525 -1.285 1.38825
-0.9525 -1.2 1.64748
-0.9525 -1.115 1.89886
-0.9525 -1.03 2.3832
-0.9525 -0.945 2.0911
-0.9525 -0.86 0
-0.9525 -0.775 0
-0.9525 -0.69 0
-0.9525 -0.605 0
-0.9525 -0.52 0
-0.9525 -0.435 0
-0.9525 -0.35 0
-0.9525 -0.265 0
-0.9525 -0.18 0
-0.9525 -0.095 0
-0.9525 -0.01 0
-0.9525 0.075 0
-0.9525 0.16 0
-0.9525 0.245 0
-0.9525 0.33 0
-0.9525 0.415 0
-0.9525 0.5 0
-0.89125 -2.9 0.0018981
-0.89125 -2.815 0
-0.89125 -2.73 0.00379621
-0.89125 -2.645 0
-0.89125 -2.56 0.00759241
-0.89125 -2.475 0.00759241
-0.89125 -2.39 0.0151848
-0.89125 -2.305 0.0170829
-0.89125 -2.22 0.0170829
-0.89125 -2.135 0.0569431
-0.89125 -2.05 0.0892109
-0.89125 -1.965 0.108192
-0.89125 -1.88 0.22018
-0.89125 -1.795 0.311289
-0.89125 -1.71 0.464651
-0.89125 -1.625 0.584616
-0.89125 -1.54 0.76759
-0.89125 -1.455 1.07698
-0.89125 -1.37 1.22122
-0.89125 -1.285 1.45392
-0.89125 -1.2 1.74357
-0.89125 -1.115 1.90902
-0.89125 -1.03 2.10338
-0.89125 -0.945 2.90934
-0.89125 -0.86 0.929355
-0.89125 -0.775 0
-0.89125 -0.69 0
-0.89125 -0.605 0
-0.89125 -0.52 0
-0.89125 -0.435 0
-0.89125 -0.35 0
-0.89125 -0.265 0
-0.89125 -0.18 0
-0.89125 -0.095 0
-0.89125 -0.01 0
-0.89125 0.075 0
-0.89125 0.16 0
-0.89125 0.245 0
-0.89125 0.33 0
-0.89125 0.415 0
-0.89125 0.5 0
-0.83 -2.9 0.0018981
-0.83 -2.815 0
-0.83 -2.73 0
-0.83 -2.645 0.00759241
-0.83 -2.56 0
-0.83 -2.475 0.00379621
-0.83 -2.39 0.00949052
-0.83 -2.305 0.0265734
-0.83 -2.22 0.0246753
-0.83 -2.135 0.0569431
-0.83 -2.05 0.0683317
-0.83 -1.965 0.106294
-0.83 -1.88 0.195505
-0.83 -1.795 0.294206
-0.83 -1.71 0.444156
-0.83 -1.625 0.599801
-0.83 -1.54 0.893622
-0.83 -1.455 1.02118
-0.83 -1.37 1.27969
-0.83 -1.285 1.53748
-0.83 -1.2 1.8396
-0.83 -1.115 1.86539
-0.83 -1.03 2.06853
-0.83 -0.945 2.19781
-0.83 -0.86 2.87497
-0.83 -0.775 0.262406
-0.83 -0.69 0
-0.83 -0.605 0
-0.83 -0.52 0
-0.83 -0.435 0
-0.83 -0.35 0
-0.83 -0.265 0
-0.83 -0.18 0
-0.83 -0.095 0
-0.83 -0.01 0
-0.83 0.075 0
-0.83 0.16 0
-0.83 0.245 0
-0.83 0.33 0
-0.83 0.415 0
-0.83 0.5 0
-0.76875 -2.9 0
-0.76875 -2.815 0
-0.76875 -2.73 0
-0.76875 -2.645 0.0018981
-0.76875 -2.56 0.00569431
-0.76875 -2.475 0.00759241
-0.76875 -2.39 0.0018981
-0.76875 -2.305 0.0113886
-0.76875 -2.22 0.0303697
-0.76875 -2.135 0.0417583
-0.76875 -2.05 0.0816184
-0.76875 -1.965 0.132867
-0.76875 -1.88 0.214486
-0.76875 -1.795 0.280919
-0.76875 -1.71 0.459341
-0.76875 -1.625 0.62068
-0.76875 -1.54 0.81049
-0.76875 -1.455 1.07129
-0.76875 -1.37 1.34157
-0.76875 -1.285 1.58756
-0.76875 -1.2 1.78835
-0.76875 -1.115 2.14065
-0.76875 -1.03 2.05175
-0.76875 -0.945 2.17851
-0.76875 -0.86 2.26772
-0.76875 -0.775 2.29023
-0.76875 -0.69 0
-0.76875 -0.605 0
-0.76875 -0.52 0
-0.76875 -0.435 0
-0.76875 -0.35 0
-0.76875 -0.265 0
-0.76875 -0.18 0
-0.76875 -0.095 0
-0.76875 -0.01 0
-0.76875 0.075 0
-0.76875 0.16 0
-0.76875 0.245 0
-0.76875 0.33 0
-0.76875 0.415 0
-0.76875 0.5 0
-0.7075 -2.9 0.00379621
-0.7075 -2.815 0
-0.7075 -2.73 0
-0.7075 -2.645 0.00379621
-0.7075 -2.56 0.00569431
-0.7075 -2.475 0.0170829
-0.7075 -2.39 0.0113886
-0.7075 -2.305 0.0284715
-0.7075 -2.22 0.0322678
-0.7075 -2.135 0.0436564
-0.7075 -2.05 0.0759241
-0.7075 -1.965 0.111988
-0.7075 -1.88 0.170829
-0.7075 -1.795 0.294206
-0.7075 -1.71 0.396704
-0.7075 -1.625 0.542858
-0.7075 -1.54 0.832126
-0.7075 -1.455 1.11988
-0.7075 -1.37 1.29906
-0.7075 -1.285 1.60388
-0.7075 -1.2 1.72647
-0.7075 -1.115 2.13225
-0.7075 -1.03 2.16452
-0.7075 -0.945 2.28842
-0.7075 -0.86 2.20104
-0.7075 -0.775 2.40662
-0.7075 -0.69 1.32288
-0.7075 -0.605 0
-0.7075 -0.52 0
-0.7075 -0.435 0
-0.7075 -0.35 0
-0.7075 -0.265 0
-0.7075 -0.18 0
-0.7075 -0.095 0
-0.7075 -0.01 0
-0.7075 0.075 0
-0.7075 0.16 0
-0.7075 0.245 0
-0.7075 0.33 0
-0.7075 0.415 0
-0.7075 0.5 0
-0.64625 -2.9 0
-0.64625 -2.815 0
-0.64625 -2.73 0.0018981
-0.64625 -2.645 0.00379621
-0.64625 -2.56 0.00569431
-0.64625 -2.475 0.0170829
-0.64625 -2.39 0.00949052
-0.64625 -2.305 0.0151848
-0.64625 -2.22 0.0265734
-0.64625 -2.135 0.0493507
-0.64625 -2.05 0.0607393
-0.64625 -1.965 0.117682
-0.64625 -1.88 0.159441
-0.64625 -1.795 0.284715
-0.64625 -1.71 0.468832
-0.64625 -1.625 0.546654
-0.64625 -1.54 0.846554
-0.64625 -1.455 1.04396
-0.64625 -1.37 1.4156
-0.64625 -1.285 1.67146
-0.64625 -1.2 1.82561
-0.64625 -1.115 2.13949
-0.64625 -1.03 2.33726
-0.64625 -0.945 2.29701
-0.64625 -0.86 2.24273
-0.64625 -0.775 2.1939
-0.64625 -0.69 2.54094
-0.64625 -0.605 0.509887
-0.64625 -0.52 0
-0.64625 -0.435 0
-0.64625 -0.35 0
-0.64625 -0.265 0
-0.64625 -0.18 0
-0.64625 -0.095 0
-0.64625 -0.01 0
-0.64625 0.075 0
-0.64625 0.16 0
-0.64625 0.245 0
-0.64625 0.33 0
-0.64625 0.415 0
-0.64625 0.5 0
-0.585 -2.9 0.0018981
-0.585 -2.815 0
-0.585 -2.73 0.00379621
-0.585 -2.645 0.0018981
-0.585 -2.56 0.00379621
-0.585 -2.475 0.00759241
-0.585 -2.39 0.0170829
-0.585 -2.305 0.0151848
-0.585 -2.22 0.0341659
-0.585 -2.135 0.0455545
-0.585 -2.05 0.0664336
-0.585 -1.965 0.108192
-0.585 -1.88 0.155644
-0.585 -1.795 0.242957
-0.585 -1.71 0.399358
-0.585 -1.625 0.549309
-0.585 -1.54 0.769489
-0.585 -1.455 1.07508
-0.585 -1.37 1.37384
-0.585 -1.285 1.57618
-0.585 -1.2 2.01196
-0.585 -1.115 2.08259
-0.585 -1.03 2.32811
-0.585 -0.945 2.4165
-0.585 -0.86 2.33414
-0.585 -0.775 2.31752
-0.585 -0.69 2.04207
-0.585 -0.605 2.13517
-0.585 -0.52 0.037193
-0.585 -0.435 0
-0.585 -0.35 0
-0.585 -0.265 0
-0.585 -0.18 0
-0.585 -0.095 0
-0.585 -0.01 0
-0.585 0.075 0
-0.585 0.16 0
-0.585 0.245 0
-0.585 0.33 0
-0.585 0.415 0
-0.585 0.5 0
-0.52375 -2.9 0
-0.52375 -2.815 0.00379621
-0.52375 -2.73 0.00379621
-0.52375 -2.645 0.0018981
-0.52375 -2.56 0.00949052
-0.52375 -2.475 0.00949052
-0.52375 -2.39 0.0132867
-0.52375 -2.305 0.0113886
-0.52375 -2.22 0.036064
-0.52375 -2.135 0.0531469
-0.52375 -2.05 0.0759241
-0.52375 -1.965 0.115784
-0.52375 -1.88 0.14995
-0.52375 -1.795 0.26004
-0.52375 -1.71 0.37013
-0.52375 -1.625 0.512488
-0.52375 -1.54 0.794921
-0.52375 -1.455 1.08002
-0.52375 -1.37 1.33435
-0.52375 -1.285 1.55264
-0.52375 -1.2 2.07079
-0.52375 -1.115 2.25414
-0.52375 -1.03 2.39074
-0.52375 -0.945 2.51722
-0.52375 -0.86 2.55931
-0.52375 -0.775 2.29201
-0.52375 -0.69 2.16482
-0.52375 -0.605 1.86646
-0.52375 -0.52 1.31692
-0.52375 -0.435 0
-0.52375 -0.35 0
-0.52375 -0.265 0
-0.52375 -0.18 0
-0.52375 -0.095 0
-0.52375 -0.01 0
-0.52375 0.075 0
-0.52375 0.16 0
-0.52375 0.245 0
-0.52375 0.33 0
-0.52375 0.415 0
-0.52375 0.5 0
-0.4625 -2.9 0
-0.4625 -2.815 0.0018981
-0.4625 -2.73 0
-0.4625 -2.645 0.0113886
-0.4625 -2.56 0.0113886
-0.4625 -2.475 0.00759241
-0.4625 -2.39 0.0208791
-0.4625 -2.305 0.0170829
-0.4625 -2.22 0.0132867
-0.4625 -2.135 0.0474526
-0.4625 -2.05 0.0645355
-0.4625 -1.965 0.0854146
-0.4625 -1.88 0.134765
-0.4625 -1.795 0.239161
-0.4625 -1.71 0.356843
-0.4625 -1.625 0.540959
-0.4625 -1.54 0.773285
-0.4625 -1.455 0.983217
-0.4625 -1.37 1.39207
-0.4625 -1.285 1.59704
-0.4625 -1.2 1.90681
-0.4625 -1.115 2.24845
-0.4625 -1.03 2.41885
-0.4625 -0.945 2.7354
-0.4625 -0.86 2.57022
-0.4625 -0.775 2.6106
-0.4625 -0.69 2.41086
-0.4625 -0.605 1.95882
-0.4625 -0.52 1.63632
-0.4625 -0.435 0.504491
-0.4625 -0.35 0
-0.4625 -0.265 0
-0.4625 -0.18 0
-0.4625 -0.095 0
-0.4625 -0.01 0
-0.4625 0.075 0
-0.4625 0.16 0
-0.4625 0.245 0
-0.4625 0.33 0
-0.4625 0.415 0
-0.4625 0.5 0
-0.40125 -2.9 0.00379621
-0.40125 -2.815 0.00379621
-0.40125 -2.73 0.00379621
-0.40125 -2.645 0.00569431
-0.40125 -2.56 0.00569431
-0.40125 -2.475 0.0018981
-0.40125 -2.39 0.00759241
-0.40125 -2.305 0.0341659
-0.40125 -2.22 0.0208791
-0.40125 -2.135 0.0246753
-0.40125 -2.05 0.0816184
-0.40125 -1.965 0.09756
-0.40125 -1.88 0.129071
-0.40125 -1.795 0.216384
-0.40125 -1.71 0.309391
-0.40125 -1.625 0.461239
-0.40125 -1.54 0.602456
-0.40125 -1.455 0.952848
-0.40125 -1.37 1.25388
-0.40125 -1.285 1.5067
-0.40125 -1.2 1.97019
-0.40125 -1.115 2.28867
-0.40125 -1.03 2.70582
-0.40125 -0.945 2.73846
-0.40125 -0.86 2.79721
-0.40125 -0.775 2.77424
-0.40125 -0.69 2.52793
-0.40125 -0.605 2.05547
-0.40125 -0.52 1.69627
-0.40125 -0.435 1.21885
-0.40125 -0.35 0.0752753
-0.40125 -0.265 0
-0.40125 -0.18 0
-0.40125 -0.095 0
-0.40125 -0.01 0
-0.40125 0.075 0
-0.40125 0.16 0
-0.40125 0.245 0
-0.40125 0.33 0
-0.40125 0.415 0
-0.40125 0.5 0
-0.34 -2.9 0.0018981
-0.34 -2.815 0.0018981
-0.34 -2.73 0
-0.34 -2.645 0
-0.34 -2.56 0.0113886
-0.34 -2.475 0.00569431
-0.34 -2.39 0.00379621
-0.34 -2.305 0.00949052
-0.34 -2.22 0.018981
-0.34 -2.135 0.0436564
-0.34 -2.05 0.0569431
-0.34 -1.965 0.117682
-0.34 -1.88 0.163237
-0.34 -1.795 0.206893
-0.34 -1.71 0.345455
-0.34 -1.625 0.472628
-0.34 -1.54 0.701157
-0.34 -1.455 0.943357
-0.34 -1.37 1.19693
-0.34 -1.285 1.60197
-0.34 -1.2 1.97932
-0.34 -1.115 2.32892
-0.34 -1.03 2.58436
-0.34 -0.945 2.82342
-0.34 -0.86 2.88
-0.34 -0.775 2.82999
-0.34 -0.69 2.68517
-0.34 -0.605 2.21929
-0.34 -0.52 1.60344
-0.34 -0.435 1.10633
-0.34 -0.35 0.655458
-0.34 -0.265 0
-0.34 -0.18 0
-0.34 -0.095 0
-0.34 -0.01 0
-0.34 0.075 0
-0.34 0.16 0
-0.34 0.245 0
-0.34 0.33 0
-0.34 0.415 0
-0.34 0.5 0
-0.27875 -2.9 0
-0.27875 -2.815 0.0018981
-0.27875 -2.73 0
-0.27875 -2.645 0.00949052
-0.27875 -2.56 0.0113886
-0.27875 -2.475 0.00569431
-0.27875 -2.39 0.0113886
-0.27875 -2.305 0.0132867
-0.27875 -2.22 0.0246753
-0.27875 -2.135 0.0512488
-0.27875 -2.05 0.0588412
-0.27875 -1.965 0.0747828
-0.27875 -1.88 0.108949
-0.27875 -1.795 0.197403
-0.27875 -1.71 0.311289
-0.27875 -1.625 0.44036
-0.27875 -1.54 0.61346
-0.27875 -1.455 0.887171
-0.27875 -1.37 1.18934
-0.27875 -1.285 1.48506
-0.27875 -1.2 1.94704
-0.27875 -1.115 2.24616
-0.27875 -1.03 2.57865
-0.27875 -0.945 2.84963
-0.27875 -0.86 2.92204
-0.27875 -0.775 2.99617
-0.27875 -0.69 2.79761
-0.27875 -0.605 2.35901
-0.27875 -0.52 2.06963
-0.27875 -0.435 1.27013
-0.27875 -0.35 0.800856
-0.27875 -0.265 0.230682
-0.27875 -0.18 0
-0.27875 -0.095 0
-0.27875 -0.01 0
-0.27875 0.075 0
-0.27875 0.16 0
-0.27875 0.245 0
-0.27875 0.33 0
-0.27875 0.415 0
-0.27875 0.5 0
-0.2175 -2.9 0
-0.2175 -2.815 0.0018981
-0.2175 -2.73 0.00379621
-0.2175 -2.645 0.00379621
-0.2175 -2.56 0.0132867
-0.2175 -2.475 0.0113886
-0.2175 -2.39 0.0170829
-0.2175 -2.305 0.0170829
-0.2175 -2.22 0.0208791
-0.2175 -2.135 0.0432718
-0.2175 -2.05 0.0417583
-0.2175 -1.965 0.0823752
-0.2175 -1.88 0.119581
-0.2175 -1.795 0.186771
-0.2175 -1.71 0.328372
-0.2175 -1.625 0.38797
-0.2175 -1.54 0.649908
-0.2175 -1.455 0.875782
-0.2175 -1.37 1.11342
-0.2175 -1.285 1.46911
-0.2175 -1.2 1.92618
-0.2175 -1.115 2.37257
-0.2175 -1.03 2.67169
-0.2175 -0.945 2.94457
-0.2175 -0.86 3.14194
-0.2175 -0.775 3.21709
-0.2175 -0.69 2.97645
-0.2175 -0.605 2.64318
-0.2175 -0.52 2.04662
-0.2175 -0.435 1.51107
-0.2175 -0.35 0.943
-0.2175 -0.265 0.45222
-0.2175 -0.18 0.0424905
-0.2175 -0.095 0
-0.2175 -0.01 0
-0.2175 0.075 0
-0.2175 0.16 0
-0.2175 0.245 0
-0.2175 0.33 0
-0.2175 0.415 0
-0.2175 0.5 0
-0.15625 -2.9 0
-0.15625 -2.815 0
-0.15625 -2.73 0.00379621
-0.15625 -2.645 0.00569431
-0.15625 -2.56 0.00455299
-0.15625 -2.475 0.0113886
-0.15625 -2.39 0.00759241
-0.15625 -2.305 0.0151848
-0.15625 -2.22 0.0303697
-0.15625 -2.135 0.0379621
-0.15625 -2.05 0.0493507
-0.15625 -1.965 0.074026
-0.15625 -1.88 0.129071
-0.15625 -1.795 0.191708
-0.15625 -1.71 0.285472
-0.15625 -1.625 0.381519
-0.15625 -1.54 0.555003
-0.15625 -1.455 0.824534
-0.15625 -1.37 1.13164
-0.15625 -1.285 1.34005
-0.15625 -1.2 1.79518
-0.15625 -1.115 2.33384
-0.15625 -1.03 2.60641
-0.15625 -0.945 3.04514
-0.15625 -0.86 3.21063
-0.15625 -0.775 3.11978
-0.15625 -0.69 3.04268
-0.15625 -0.605 2.71671
-0.15625 -0.52 2.22982
-0.15625 -0.435 1.68025
-0.15625 -0.35 1.09271
-0.15625 -0.265 0.558426
-0.15625 -0.18 0.177711
-0.15625 -0.095 0
-0.15625 -0.01 0
-0.15625 0.075 0
-0.15625 0.16 0
-0.15625 0.245 0
-0.15625 0.33 0
-0.15625 0.415 0
-0.15625 0.5 0
-0.095 -2.9 0
-0.095 -2.815 0.0018981
-0.095 -2.73 0
-0.095 -2.645 0.00759241
-0.095 -2.56 0.00569431
-0.095 -2.475 0.00759241
-0.095 -2.39 0.00759241
-0.095 -2.305 0.0322678
-0.095 -2.22 0.018981
-0.095 -2.135 0.0349226
-0.095 -2.05 0.0474526
-0.095 -1.965 0.0588412
-0.095 -1.88 0.110847
-0.095 -1.795 0.151848
-0.095 -1.71 0.239918
-0.095 -1.625 0.362153
-0.095 -1.54 0.599416
-0.095 -1.455 0.697361
-0.095 -1.37 0.944474
-0.095 -1.285 1.38103
-0.095 -1.2 1.68131
-0.095 -1.115 2.20514
-0.095 -1.03 2.59349
-0.095 -0.945 2.97417
-0.095 -0.86 3.11194
-0.095 -0.775 3.18885
-0.095 -0.69 3.20583
-0.095 -0.605 2.9303
-0.095 -0.52 2.42478
-0.095 -0.435 1.92329
-0.095 -0.35 1.33909
-0.095 -0.265 0.717055
-0.095 -0.18 0.254021
-0.095 -0.095 0.0349103
-0.095 -0.01 0
-0.095 0.075 0
-0.095 0.16 0
-0.095 0.245 0
-0.095 0.33 0
-0.095 0.415 0
-0.095 0.5 0
-0.03375 -2.9 0
-0.03375 -2.815 0
-0.03375 -2.73 0.00379621
-0.03375 -2.645 0.00379621
-0.03375 -2.56 0
-0.03375 -2.475 0.00759241
-0.03375 -2.39 0.00949052
-0.03375 -2.305 0.018981
-0.03375 -2.22 0.00569431
-0.03375 -2.135 0.036064
-0.03375 -2.05 0.0417583
-0.03375 -1.965 0.0709866
-0.03375 -1.88 0.102498
-0.03375 -1.795 0.132867
-0.03375 -1.71 0.255103
-0.03375 -1.625 0.285472
-0.03375 -1.54 0.424791
-0.03375 -1.455 0.741005
-0.03375 -1.37 1.00072
-0.03375 -1.285 1.23945
-0.03375 -1.2 1.62096
-0.03375 -1.115 1.94855
-0.03375 -1.03 2.49404
-0.03375 -0.945 2.7851
-0.03375 -0.86 3.04426
-0.03375 -0.775 3.26521
-0.03375 -0.69 3.25944
-0.03375 -0.605 3.03022
-0.03375 -0.52 2.51378
-0.03375 -0.435 2.04187
-0.03375 -0.35 1.36607
-0.03375 -0.265 0.848335
-0.03375 -0.18 0.310751
-0.03375 -0.095 0.075623
-0.03375 -0.01 0.000756783
-0.03375 0.075 0
-0.03375 0.16 0
-0.03375 0.245 0
-0.03375 0.33 0
-0.03375 0.415 0
-0.03375 0.5 0
0.0275 -2.9 0
0.0275 -2.815 0
0.0275 -2.73 0
0.0275 -2.645 0.0018981
0.0275 -2.56 0.00379621
0.0275 -2.475 0.00759241
0.0275 -2.39 0.0113886
0.0275 -2.305 0.0170829
0.0275 -2.22 0.0170829
0.0275 -2.135 0.0140435
0.0275 -2.05 0.0474526
0.0275 -1.965 0.0588412
0.0275 -1.88 0.102498
0.0275 -1.795 0.135522
0.0275 -1.71 0.210305
0.0275 -1.625 0.310148
0.0275 -1.54 0.425932
0.0275 -1.455 0.630158
0.0275 -1.37 0.800603
0.0275 -1.285 1.12669
0.0275 -1.2 1.55073
0.0275 -1.115 1.91741
0.0275 -1.03 2.35201
0.0275 -0.945 2.81966
0.0275 -0.86 3.22996
0.0275 -0.775 3.16977
0.0275 -0.69 3.27896
0.0275 -0.605 3.13118
0.0275 -0.52 2.66962
0.0275 -0.435 2.21772
0.0275 -0.35 1.50735
0.0275 -0.265 0.911578
0.0275 -0.18 0.456351
0.0275 -0.095 0.16489
0.0275 -0.01 0.0193975
0.0275 0.075 0
0.0275 0.16 0
0.0275 0.245 0
0.0275 0.33 0
0.0275 0.415 0
0.0275 0.5 0
0.08875 -2.9 0.0018981
0.08875 -2.815 0.00569431
0.08875 -2.73 0
0.08875 -2.645 0.0018981
0.08875 -2.56 0
0.08875 -2.475 0.00949052
0.08875 -2.39 0.00949052
0.08875 -2.305 0.0132867
0.08875 -2.22 0.0140435
0.08875 -2.135 0.0303697
0.08875 -2.05 0.0633942
0.08875 -1.965 0.0436564
0.08875 -1.88 0.0702298
0.08875 -1.795 0.142358
0.08875 -1.71 0.165892
0.08875 -1.625 0.298002
0.08875 -1.54 0.468832
0.08875 -1.455 0.52766
0.08875 -1.37 0.879182
0.08875 -1.285 1.07089
0.08875 -1.2 1.4338
0.08875 -1.115 1.79858
0.08875 -1.03 2.28676
0.08875 -0.945 2.68873
0.08875 -0.86 3.06778
0.08875 -0.775 3.29372
0.08875 -0.69 3.30043
0.08875 -0.605 3.19575
0.08875 -0.52 2.67935
0.08875 -0.435 2.15901
0.08875 -0.35 1.53271
0.08875 -0.265 1.01128
0.08875 -0.18 0.471044
0.08875 -0.095 0.238987
0.08875 -0.01 0.0451895
0.08875 0.075 0.0018981
0.08875 0.16 0
0.08875 0.245 0
0.08875 0.33 0
0.08875 0.415 0
0.08875 0.5 0
0.15 -2.9 0
0.15 -2.815 0.0018981
0.15 -2.73 0.0018981
0.15 -2.645 0
0.15 -2.56 0
0.15 -2.475 0.0018981
0.15 -2.39 0.00949052
0.15 -2.305 0.00759241
0.15 -2.22 0.0151848
0.15 -2.135 0.0265734
0.15 -2.05 0.0455545
0.15 -1.965 0.0368207
0.15 -1.88 0.0759241
0.15 -1.795 0.135138
0.15 -1.71 0.145013
0.15 -1.625 0.257001
0.15 -1.54 0.327231
0.15 -1.455 0.484389
0.15 -1.37 0.772503
0.15 -1.285 1.04816
0.15 -1.2 1.41448
0.15 -1.115 1.80619
0.15 -1.03 2.17627
0.15 -0.945 2.58393
0.15 -0.86 2.91037
0.15 -0.775 3.08656
0.15 -0.69 3.24291
0.15 -0.605 3.19103
0.15 -0.52 2.76789
0.15 -0.435 2.3472
0.15 -0.35 1.77733
0.15 -0.265 1.20316
0.15 -0.18 0.635184
0.15 -0.095 0.283217
0.15 -0.01 0.0960857
0.15 0.075 0.0155571
0.15 0.16 0
0.15 0.245 0
0.15 0.33 0
0.15 0.415 0
0.15 0.5 0
0.21125 -2.9 0
0.21125 -2.815 0
0.21125 -2.73 0.0018981
0.21125 -2.645 0.0113886
0.21125 -2.56 0.00379621
0.21125 -2.475 0
0.21125 -2.39 0.0113886
0.21125 -2.305 0.0132867
0.21125 -2.22 0.0151848
0.21125 -2.135 0.023534
0.21125 -2.05 0.0284715
0.21125 -1.965 0.0588412
0.21125 -1.88 0.0417583
0.21125 -1.795 0.091109
0.21125 -1.71 0.136323
0.21125 -1.625 0.242573
0.21125 -1.54 0.317355
0.21125 -1.455 0.439635
0.21125 -1.37 0.701901
0.21125 -1.285 0.928123
0.21125 -1.2 1.25996
0.21125 -1.115 1.47027
0.21125 -1.03 1.91623
0.21125 -0.945 2.36068
0.21125 -0.86 2.73053
0.21125 -0.775 3.05116
0.21125 -0.69 3.1211
0.21125 -0.605 3.24897
0.21125 -0.52 2.85863
0.21125 -0.435 2.47212
0.21125 -0.35 1.87124
0.21125 -0.265 1.24507
0.21125 -0.18 0.701197
0.21125 -0.095 0.315309
0.21125 -0.01 0.100355
0.21125 0.075 0.0223927
0.21125 0.16 0
0.21125 0.245 0
0.21125 0.33 0
0.21125 0.415 0
0.21125 0.5 0
0.2725 -2.9 0
0.2725 -2.815 0
0.2725 -2.73 0.0018981
0.2725 -2.645 0.0018981
0.2725 -2.56 0.0018981
0.2725 -2.475 0.00379621
0.2725 -2.39 0.00949052
0.2725 -2.305 0.0113886
0.2725 -2.22 0.0102473
0.2725 -2.135 0.0208791
0.2725 -2.05 0.0246753
0.2725 -1.965 0.0322678
0.2725 -1.88 0.0622529
0.2725 -1.795 0.0918657
0.2725 -1.71 0.148809
0.2725 -1.625 0.188284
0.2725 -1.54 0.273699
0.2725 -1.455 0.388342
0.2725 -1.37 0.603572
0.2725 -1.285 0.819584
0.2725 -1.2 1.05915
0.2725 -1.115 1.38024
0.2725 -1.03 1.79297
0.2725 -0.945 2.2602
0.2725 -0.86 2.81376
0.2725 -0.775 2.97851
0.2725 -0.69 3.06719
0.2725 -0.605 2.9651
0.2725 -0.52 2.92765
0.2725 -0.435 2.41609
0.2725 -0.35 1.82754
0.2725 -0.265 1.29622
0.2725 -0.18 0.808676
0.2725 -0.095 0.368696
0.2725 -0.01 0.157462
0.2725 0.075 0.0261889
0.2725 0.16 0.00455299
0.2725 0.245 0
0.2725 0.33 0
0.2725 0.415 0
0.2725 0.5 0
0.33375 -2.9 0
0.33375 -2.815 0
0.33375 -2.73 0
0.33375 -2.645 0.0018981
0.33375 -2.56 0.0018981
0.33375 -2.475 0.0018981
0.33375 -2.39 0.00645109
0.33375 -2.305 0.00379621
0.33375 -2.22 0.0113886
0.33375 -2.135 0.0246753
0.33375 -2.05 0.0349226
0.33375 -1.965 0.0322678
0.33375 -1.88 0.0607393
0.33375 -1.795 0.0843175
0.33375 -1.71 0.110847
0.33375 -1.625 0.14995
0.33375 -1.54 0.272942
0.33375 -1.455 0.334867
0.33375 -1.37 0.491596
0.33375 -1.285 0.808612
0.33375 -1.2 0.951738
0.33375 -1.115 1.34494
0.33375 -1.03 1.60878
0.33375 -0.945 2.04273
0.33375 -0.86 2.45262
0.33375 -0.775 2.77712
0.33375 -0.69 3.09651
0.33375 -0.605 3.06644
0.33375 -0.52 2.77203
0.33375 -0.435 2.49459
0.33375 -0.35 1.97121
0.33375 -0.265 1.42983
0.33375 -0.18 0.844324
0.33375 -0.095 0.470098
0.33375 -0.01 0.162331
0.33375 0.075 0.0463309
0.33375 0.16 0.00649527
0.33375 0.245 0
0.33375 0.33 0
0.33375 0.415 0
0.33375 0.5 0
0.395 -2.9 0
0.395 -2.815 0
0.395 -2.73 0.0018981
0.395 -2.645 0
0.395 -2.56 0
0.395 -2.475 0.00569431
0.395 -2.39 0.0018981
0.395 -2.305 0.00949052
0.395 -2.22 0.0083492
0.395 -2.135 0.0102915
0.395 -2.05 0.0265734
0.395 -1.965 0.023534
0.395 -1.88 0.0512488
0.395 -1.795 0.0892109
0.395 -1.71 0.110462
0.395 -1.625 0.13742
0.395 -1.54 0.224348
0.395 -1.455 0.288884
0.395 -1.37 0.442278
0.395 -1.285 0.629049
0.395 -1.2 0.896985
0.395 -1.115 1.18739
0.395 -1.03 1.49143
0.395 -0.945 1.85736
0.395 -0.86 2.3984
0.395 -0.775 2.68781
0.395 -0.69 2.8147
0.395 -0.605 2.9531
0.395 -0.52 2.81355
0.395 -0.435 2.53577
0.395 -0.35 1.94458
0.395 -0.265 1.45309
0.395 -0.18 0.930844
0.395 -0.095 0.454137
0.395 -0.01 0.205679
0.395 0.075 0.0555252
0.395 0.16 0.0132867
0.395 0.245 0.0018981
0.395 0.33 0
0.395 0.415 0
0.395 0.5 0
0.45625 -2.9 0.0018981
0.45625 -2.815 0
0.45625 -2.73 0
0.45625 -2.645 0.0018981
0.45625 -2.56 0
0.45625 -2.475 0.0018981
0.45625 -2.39 0.0083492
0.45625 -2.305 0.00455299
0.45625 -2.22 0.00949052
0.45625 -2.135 0.00759241
0.45625 -2.05 0.0170829
0.45625 -1.965 0.0197378
0.45625 -1.88 0.0425151
0.45625 -1.795 0.0588412
0.45625 -1.71 0.0937638
0.45625 -1.625 0.139691
0.45625 -1.54 0.197775
0.45625 -1.455 0.282048
0.45625 -1.37 0.409581
0.45625 -1.285 0.540947
0.45625 -1.2 0.772876
0.45625 -1.115 1.0777
0.45625 -1.03 1.40874
0.45625 -0.945 1.63155
0.45625 -0.86 2.08254
0.45625 -0.775 2.32991
0.45625 -0.69 2.58081
0.45625 -0.605 2.81406
0.45625 -0.52 2.70267
0.45625 -0.435 2.46347
0.45625 -0.35 2.10288
0.45625 -0.265 1.47653
0.45625 -0.18 0.985727
0.45625 -0.095 0.482489
0.45625 -0.01 0.227051
0.45625 0.075 0.0771488
0.45625 0.16 0.0121454
0.45625 0.245 0.00569431
0.45625 0.33 0
0.45625 0.415 0
0.45625 0.5 0
0.5175 -2.9 0
0.5175 -2.815 0
0.5175 -2.73 0
0.5175 -2.645 0
0.5175 -2.56 0
0.5175 -2.475 0.00379621
0.5175 -2.39 0.00265489
0.5175 -2.305 0.00759241
0.5175 -2.22 0.00569431
0.5175 -2.135 0.0113886
0.5175 -2.05 0.0170829
0.5175 -1.965 0.0151848
0.5175 -1.88 0.0425151
0.5175 -1.795 0.040617
0.5175 -1.71 0.0747828
0.5175 -1.625 0.127173
0.5175 -1.54 0.135138
0.5175 -1.455 0.20992
0.5175 -1.37 0.335183
0.5175 -1.285 0.4878
0.5175 -1.2 0.65368
0.5175 -1.115 0.952483
0.5175 -1.03 1.23262
0.5175 -0.945 1.5557
0.5175 -0.86 1.87603
0.5175 -0.775 2.24575
0.5175 -0.69 2.54678
0.5175 -0.605 2.52611
0.5175 -0.52 2.64435
0.5175 -0.435 2.32052
0.5175 -0.35 1.92911
0.5175 -0.265 1.52104
0.5175 -0.18 0.963018
0.5175 -0.095 0.53326
0.5175 -0.01 0.228356
0.5175 0.075 0.0839084
0.5175 0.16 0.0144158
0.5175 0.245 0.00379621
0.5175 0.33 0
0.5175 0.415 0
0.5175 0.5 0
0.57875 -2.9 0
0.57875 -2.815 0
0.57875 -2.73 0
0.57875 -2.645 0.0018981
0.57875 -2.56 0.0018981
0.57875 -2.475 0.0018981
0.57875 -2.39 0.00265489
0.57875 -2.305 0
0.57875 -2.22 0.00569431
0.57875 -2.135 0.00379621
0.57875 -2.05 0.0113886
0.57875 -1.965 0.0387188
0.57875 -1.88 0.0261889
0.57875 -1.795 0.0444132
0.57875 -1.71 0.0554172
0.57875 -1.625 0.0949052
0.57875 -1.54 0.146526
0.57875 -1.455 0.189426
0.57875 -1.37 0.26344
0.57875 -1.285 0.370862
0.57875 -1.2 0.521942
0.57875 -1.115 0.736447
0.57875 -1.03 0.956955
0.57875 -0.945 1.34308
0.57875 -0.86 1.63686
0.57875 -0.775 2.00339
0.57875 -0.69 2.28212
0.57875 -0.605 2.30633
0.57875 -0.52 2.41163
0.57875 -0.435 2.236
0.57875 -0.35 1.91617
0.57875 -0.265 1.49343
0.57875 -0.18 0.969555
0.57875 -0.095 0.635689
0.57875 -0.01 0.256215
0.57875 0.075 0.0999383
0.57875 0.16 0.0262208
0.57875 0.245 0.00455299
0.57875 0.33 0
0.57875 0.415 0
0.57875 0.5 0
0.64 -2.9 0
0.64 -2.815 0
0.64 -2.73 0.0018981
0.64 -2.645 0.0018981
0.64 -2.56 0
0.64 -2.475 0.00379621
0.64 -2.39 0.0018981
0.64 -2.305 0.00949052
0.64 -2.22 0.00569431
0.64 -2.135 0.00759241
0.64 -2.05 0.0121454
0.64 -1.965 0.0208791
0.64 -1.88 0.0242908
0.64 -1.795 0.0227772
0.64 -1.71 0.0527624
0.64 -1.625 0.0649078
0.64 -1.54 0.121839
0.64 -1.455 0.147668
0.64 -1.37 0.251326
0.64 -1.285 0.345815
0.64 -1.2 0.494296
0.64 -1.115 0.60211
0.64 -1.03 0.867832
0.64 -0.945 1.17643
0.64 -0.86 1.45248
0.64 -0.775 1.79355
0.64 -0.69 2.1069
0.64 -0.605 2.18082
0.64 -0.52 2.31155
0.64 -0.435 2.04577
0.64 -0.35 1.775
0.64 -0.265 1.48986
0.64 -0.18 1.03952
0.64 -0.095 0.594825
0.64 -0.01 0.285608
0.64 0.075 0.0919491
0.64 0.16 0.0400246
0.64 0.245 0.00645109
0.64 0.33 0
0.64 0.415 0
0.64 0.5 0
0.70125 -2.9 0
0.70125 -2.815 0
0.70125 -2.73 0
0.70125 -2.645 0.0018981
0.70125 -2.56 0.0018981
0.70125 -2.475 0
0.70125 -2.39 0.00569431
0.70125 -2.305 0.00645109
0.70125 -2.22 0.00569431
0.70125 -2.135 0.00759241
0.70125 -2.05 0.0113886
0.70125 -1.965 0.0113886
0.70125 -1.88 0.0303697
0.70125 -1.795 0.0273302
0.70125 -1.71 0.0444132
0.70125 -1.625 0.0569431
0.70125 -1.54 0.107852
0.70125 -1.455 0.131341
0.70125 -1.37 0.194011
0.70125 -1.285 0.280194
0.70125 -1.2 0.426652
0.70125 -1.115 0.52838
0.70125 -1.03 0.697287
0.70125 -0.945 0.973673
0.70125 -0.86 1.25073
0.70125 -0.775 1.52748
0.70125 -0.69 1.79182
0.70125 -0.605 1.93614
0.70125 -0.52 2.00026
0.70125 -0.435 2.00646
0.70125 -0.35 1.73975
0.70125 -0.265 1.39862
0.70125 -0.18 0.961547
0.70125 -0.095 0.592574
0.70125 -0.01 0.357282
0.70125 0.075 0.162098
0.70125 0.16 0.0554491
0.70125 0.245 0.0129022
0.70125 0.33 0.0018981
0.70125 0.415 0
0.70125 0.5 0
0.7625 -2.9 0.0018981
0.7625 -2.815 0
0.7625 -2.73 0
0.7625 -2.645 0
0.7625 -2.56 0
0.7625 -2.475 0
0.7625 -2.39 0
0.7625 -2.305 0.0018981
0.7625 -2.22 0.0018981
0.7625 -2.135 0.00949052
0.7625 -2.05 0
0.7625 -1.965 0.0083492
0.7625 -1.88 0.018981
0.7625 -1.795 0.0356794
0.7625 -1.71 0.0246753
0.7625 -1.625 0.0379621
0.7625 -1.54 0.083132
0.7625 -1.455 0.102113
0.7625 -1.37 0.159044
0.7625 -1.285 0.203085
0.7625 -1.2 0.334811
0.7625 -1.115 0.426267
0.7625 -1.03 0.601669
0.7625 -0.945 0.829878
0.7625 -0.86 1.07245
0.7625 -0.775 1.31221
0.7625 -0.69 1.55379
0.7625 -0.605 1.75108
0.7625 -0.52 1.81382
0.7625 -0.435 1.79979
0.7625 -0.35 1.49656
0.7625 -0.265 1.24334
0.7625 -0.18 0.944622
0.7625 -0.095 0.590796
0.7625 -0.01 0.341713
0.7625 0.075 0.143974
0.7625 0.16 0.0597501
0.7625 0.245 0.00759241
0.7625 0.33 0
0.7625 0.415 0
0.7625 0.5 0
0.82375 -2.9 0
0.82375 -2.815 0
0.82375 -2.73 0.0018981
0.82375 -2.645 0
0.82375 -2.56 0.00379621
0.82375 -2.475 0.00379621
0.82375 -2.39 0
0.82375 -2.305 0.00569431
0.82375 -2.22 0.00569431
0.82375 -2.135 0.0018981
0.82375 -2.05 0.0018981
0.82375 -1.965 0.00949052
0.82375 -1.88 0.0113886
0.82375 -1.795 0.0208791
0.82375 -1.71 0.0345381
0.82375 -1.625 0.0493507
0.82375 -1.54 0.0626374
0.82375 -1.455 0.0850301
0.82375 -1.37 0.125647
0.82375 -1.285 0.188272
0.82375 -1.2 0.264581
0.82375 -1.115 0.354196
0.82375 -1.03 0.532265
0.82375 -0.945 0.618708
0.82375 -0.86 0.898046
0.82375 -0.775 1.22241
0.82375 -0.69 1.35096
0.82375 -0.605 1.57871
0.82375 -0.52 1.65107
0.82375 -0.435 1.65313
0.82375 -0.35 1.41724
0.82375 -0.265 1.18225
0.82375 -0.18 0.916012
0.82375 -0.095 0.575403
0.82375 -0.01 0.305573
0.82375 0.075 0.156485
0.82375 0.16 0.0539233
0.82375 0.245 0.0083492
0.82375 0.33 0.000756783
0.82375 0.415 0
0.82375 0.5 0
0.885 -2.9 0
0.885 -2.815 0.0018981
0.885 -2.73 0
0.885 -2.645 0
0.885 -2.56 0
0.885 -2.475 0.0018981
0.885 -2.39 0
0.885 -2.305 0
0.885 -2.22 0.00379621
0.885 -2.135 0.00379621
0.885 -2.05 0.0018981
0.885 -1.965 0.0018981
0.885 -1.88 0.00379621
0.885 -1.795 0.0102473
0.885 -1.71 0.0151848
0.885 -1.625 0.0265734
0.885 -1.54 0.0478248
0.885 -1.455 0.0766686
0.885 -1.37 0.106281
0.885 -1.285 0.155248
0.885 -1.2 0.219026
0.885 -1.115 0.346572
0.885 -1.03 0.42744
0.885 -0.945 0.623249
0.885 -0.86 0.725891
0.885 -0.775 0.953715
0.885 -0.69 1.18462
0.885 -0.605 1.34197
0.885 -0.52 1.4111
0.885 -0.435 1.41464
0.885 -0.35 1.34511
0.885 -0.265 1.06517
0.885 -0.18 0.844633
0.885 -0.095 0.51735
0.885 -0.01 0.323117
0.885 0.075 0.155716
0.885 0.16 0.0576753
0.885 0.245 0.0216359
0.885 0.33 0.00455299
0.885 0.415 0
0.885 0.5 0
0.94625 -2.9 0
0.94625 -2.815 0
0.94625 -2.73 0
0.94625 -2.645 0
0.94625 -2.56 0
0.94625 -2.475 0
0.94625 -2.39 0
0.94625 -2.305 0.0018981
0.94625 -2.22 0
0.94625 -2.135 0.00379621
0.94625 -2.05 0.00569431
0.94625 -1.965 0.0102473
0.94625 -1.88 0
0.94625 -1.795 0.0102473
0.94625 -1.71 0.0227772
0.94625 -1.625 0.0273302
0.94625 -1.54 0.0398602
0.94625 -1.455 0.0599702
0.94625 -1.37 0.0766809
0.94625 -1.285 0.111219
0.94625 -1.2 0.159088
0.94625 -1.115 0.201174
0.94625 -1.03 0.374678
0.94625 -0.945 0.466556
0.94625 -0.86 0.596795
0.94625 -0.775 0.76422
0.94625 -0.69 0.910766
0.94625 -0.605 1.18184
0.94625 -0.52 1.22408
0.94625 -0.435 1.3153
0.94625 -0.35 1.12301
0.94625 -0.265 0.975692
0.94625 -0.18 0.788435
0.94625 -0.095 0.550103
0.94625 -0.01 0.291246
0.94625 0.075 0.155476
0.94625 0.16 0.0433356
0.94625 0.245 0.0189687
0.94625 0.33 0.00379621
0.94625 0.415 0
0.94625 0.5 0
1.0075 -2.9 0
1.0075 -2.815 0
1.0075 -2.73 0
1.0075 -2.645 0
1.0075 -2.56 0
1.0075 -2.475 0
1.0075 -2.39 0
1.0075 -2.305 0
1.0075 -2.22 0.0018981
1.0075 -2.135 0.0018981
1.0075 -2.05 0.0018981
1.0075 -1.965 0.00265489
1.0075 -1.88 0.00265489
1.0075 -1.795 0.0113886
1.0075 -1.71 0.0170829
1.0075 -1.625 0.0265734
1.0075 -1.54 0.0364362
1.0075 -1.455 0.0527624
1.0075 -1.37 0.051621
1.0075 -1.285 0.0854465
1.0075 -1.2 0.101861
1.0075 -1.115 0.164738
1.0075 -1.03 0.215602
1.0075 -0.945 0.286281
1.0075 -0.86 0.493181
1.0075 -0.775 0.625355
1.0075 -0.69 0.765337
1.0075 -0.605 0.899027
1.0075 -0.52 1.07239
1.0075 -0.435 1.08908
1.0075 -0.35 0.977786
1.0075 -0.265 0.772658
1.0075 -0.18 0.681091
1.0075 -0.095 0.477994
1.0075 -0.01 0.232638
1.0075 0.075 0.125006
1.0075 0.16 0.0502596
1.0075 0.245 0.013659
1.0075 0.33 0
1.0075 0.415 0
1.0075 0.5 0
1.06875 -2.9 0
1.06875 -2.815 0
1.06875 -2.73 0
1.06875 -2.645 0
1.06875 -2.56 0.0018981
1.06875 -2.475 0
1.06875 -2.39 0
1.06875 -2.305 0
1.06875 -2.22 0
1.06875 -2.135 0.00265489
1.06875 -2.05 0.0018981
1.06875 -1.965 0.00379621
1.06875 -1.88 0.00569431
1.06875 -1.795 0.00379621
1.06875 -1.71 0.0121454
1.06875 -1.625 0.0159416
1.06875 -1.54 0.0220082
1.06875 -1.455 0.0349226
1.06875 -1.37 0.0444132
1.06875 -1.285 0.0835042
1.06875 -1.2 0.102529
1.06875 -1.115 0.153734
1.06875 -1.03 0.187535
1.06875 -0.945 0.307828
1.06875 -0.86 0.371658
1.06875 -0.775 0.448428
1.06875 -0.69 0.664365
1.06875 -0.605 0.719418
1.06875 -0.52 0.847796
1.06875 -0.435 0.821224
1.06875 -0.35 0.819996
1.06875 -0.265 0.747905
1.06875 -0.18 0.544757
1.06875 -0.095 0.400574
1.06875 -0.01 0.248497
1.06875 0.075 0.135637
1.06875 0.16 0.0595857
1.06875 0.245 0.0113886
1.06875 0.33 0.00151357
1.06875 0.415 0
1.06875 0.5 0
1.13 -2.9 0
1.13 -2.815 0
1.13 -2.73 0.0018981
1.13 -2.645 0.0018981
1.13 -2.56 0
1.13 -2.475 0.0018981
1.13 -2.39 0
1.13 -2.305 0.000756783
1.13 -2.22 0.0018981
1.13 -2.135 0
1.13 -2.05 0
1.13 -1.965 0.0018981
1.13 -1.88 0.00569431
1.13 -1.795 0.0018981
1.13 -1.71 0.00379621
1.13 -1.625 0.0178397
1.13 -1.54 0.0148003
1.13 -1.455 0.0284715
1.13 -1.37 0.0269457
1.13 -1.285 0.0573595
1.13 -1.2 0.0584444
1.13 -1.115 0.0918534
1.13 -1.03 0.156409
1.13 -0.945 0.161674
1.13 -0.86 0.298414
1.13 -0.775 0.378494
1.13 -0.69 0.489468
1.13 -0.605 0.561981
1.13 -0.52 0.677079
1.13 -0.435 0.715832
1.13 -0.35 0.692341
1.13 -0.265 0.626512
1.13 -0.18 0.51996
1.13 -0.095 0.33738
1.13 -0.01 0.19528
1.13 0.075 0.0957576
1.13 0.16 0.040693
1.13 0.245 0.0140435
1.13 0.33 0.0083492
1.13 0.415 0.0018981
1.13 0.5 0
1.19125 -2.9 0
1.19125 -2.815 0
1.19125 -2.73 0
1.19125 -2.645 0
1.19125 -2.56 0
1.19125 -2.475 0
1.19125 -2.39 0
1.19125 -2.305 0
1.19125 -2.22 0
1.19125 -2.135 0
1.19125 -2.05 0.0018981
1.19125 -1.965 0.00569431
1.19125 -1.88 0.00265489
1.19125 -1.795 0.00573849
1.19125 -1.71 0.00759241
1.19125 -1.625 0.0132867
1.19125 -1.54 0.0121454
1.19125 -1.455 0.0296006
1.19125 -1.37 0.0265734
1.19125 -1.285 0.0333968
1.19125 -1.2 0.0573153
1.19125 -1.115 0.0694485
1.19125 -1.03 0.109693
1.19125 -0.945 0.147643
1.19125 -0.86 0.202764
1.19125 -0.775 0.283557
1.19125 -0.69 0.357274
1.19125 -0.605 0.412699
1.19125 -0.52 0.543631
1.19125 -0.435 0.597575
1.19125 -0.35 0.54538
1.19125 -0.265 0.52397
1.19125 -0.18 0.383038
1.19125 -0.095 0.268657
1.19125 -0.01 0.167949
1.19125 0.075 0.107607
1.19125 0.16 0.0311583
1.19125 0.245 0.00990694
1.19125 0.33 0
1.19125 0.415 0
1.19125 0.5 0
1.2525 -2.9 0
1.2525 -2.815 0
1.2525 -2.73 0
1.2525 -2.645 0
1.2525 -2.56 0
1.2525 -2.475 0
1.2525 -2.39 0
1.2525 -2.305 0
1.2525 -2.22 0.0018981
1.2525 -2.135 0.0018981
1.2525 -2.05 0
1.2525 -1.965 0.0018981
1.2525 -1.88 0.0018981
1.2525 -1.795 0.00759241
1.2525 -1.71 0.00379621
1.2525 -1.625 0.0018981
1.2525 -1.54 0.00265489
1.2525 -1.455 0.0129022
1.2525 -1.37 0.0208791
1.2525 -1.285 0.0280747
1.2525 -1.2 0.0303574
1.2525 -1.115 0.0444009
1.2525 -1.03 0.0748589
1.2525 -0.945 0.112064
1.2525 -0.86 0.129046
1.2525 -0.775 0.228152
1.2525 -0.69 0.301397
1.2525 -0.605 0.356052
1.2525 -0.52 0.372706
1.2525 -0.435 0.486574
1.2525 -0.35 0.493076
1.2525 -0.265 0.331699
1.2525 -0.18 0.287796
1.2525 -0.095 0.209135
1.2525 -0.01 0.125686
1.2525 0.075 0.0696693
1.2525 0.16 0.0353832
1.2525 0.245 0.0269457
1.2525 0.33 0.00459717
1.2525 0.415 0.0018981
1.2525 0.5 0
1.31375 -2.9 0
1.31375 -2.815 0
1.31375 -2.73 0
1.31375 -2.645 0
1.31375 -2.56 0
1.31375 -2.475 0
1.31375 -2.39 0
1.31375 -2.305 0
1.31375 -2.22 0
1.31375 -2.135 0
1.31375 -2.05 0
1.31375 -1.965 0
1.31375 -1.88 0
1.31375 -1.795 0.00569431
1.31375 -1.71 0.00455299
1.31375 -1.625 0.00949052
1.31375 -1.54 0.00569431
1.31375 -1.455 0.00569431
1.31375 -1.37 0.0197378
1.31375 -1.285 0.0246753
1.31375 -1.2 0.028087
1.31375 -1.115 0.0307419
1.31375 -1.03 0.0570315
1.31375 -0.945 0.0743983
1.31375 -0.86 0.11011
1.31375 -0.775 0.134368
1.31375 -0.69 0.202379
1.31375 -0.605 0.210616
1.31375 -0.52 0.291068
1.31375 -0.435 0.372082
1.31375 -0.35 0.335022
1.31375 -0.265 0.300875
1.31375 -0.18 0.240658
1.31375 -0.095 0.151712
1.31375 -0.01 0.12044
1.31375 0.075 0.05311
1.31375 0.16 0.029216
1.31375 0.245 0.00569431
1.31375 0.33 0.00151357
1.31375 0.415 0
1.31375 0.5 0
1.375 -2.9 0
1.375 -2.815 0
1.375 -2.73 0
1.375 -2.645 0
1.375 -2.56 0
1.375 -2.475 0
1.375 -2.39 0
1.375 -2.305 0
1.375 -2.22 0
1.375 -2.135 0
1.375 -2.05 0.0018981
1.375 -1.965 0.0018981
1.375 -1.88 0.0018981
1.375 -1.795 0
1.375 -1.71 0.0018981
1.375 -1.625 0.00759241
1.375 -1.54 0.00569431
1.375 -1.455 0.00455299
1.375 -1.37 0.0148003
1.375 -1.285 0.0151848
1.375 -1.2 0.0231495
1.375 -1.115 0.0235782
1.375 -1.03 0.0430198
1.375 -0.945 0.0641387
1.375 -0.86 0.0983364
1.375 -0.775 0.110822
1.375 -0.69 0.115451
1.375 -0.605 0.149661
1.375 -0.52 0.213687
1.375 -0.435 0.241194
1.375 -0.35 0.229553
1.375 -0.265 0.200981
1.375 -0.18 0.166184
1.375 -0.095 0.122155
1.375 -0.01 0.073441
1.375 0.075 0.0345381
1.375 0.16 0.0258044
1.375 0.245 0.00530977
1.375 0.33 0.0018981
1.375 0.415 0
1.375 0.5 0
1.43625 -2.9 0
1.43625 -2.815 0
1.43625 -2.73 0
1.43625 -2.645 0
1.43625 -2.56 0
1.43625 -2.475 0
1.43625 -2.39 0
1.43625 -2.305 0
1.43625 -2.22 0.000756783
1.43625 -2.135 0
1.43625 -2.05 0
1.43625 -1.965 0
1.43625 -1.88 0.0018981
1.43625 -1.795 0
1.43625 -1.71 0
1.43625 -1.625 0.00265489
1.43625 -1.54 0.00379621
1.43625 -1.455 0.00569431
1.43625 -1.37 0.00645109
1.43625 -1.285 0.0113886
1.43625 -1.2 0.020911
1.43625 -1.115 0.0250476
1.43625 -1.03 0.0428873
1.43625 -0.945 0.0440286
1.43625 -0.86 0.0360517
1.43625 -0.775 0.0725762
1.43625 -0.69 0.0964825
1.43625 -0.605 0.145525
1.43625 -0.52 0.137264
1.43625 -0.435 0.163068
1.43625 -0.35 0.165471
1.43625 -0.265 0.154719
1.43625 -0.18 0.147531
1.43625 -0.095 0.0727529
1.43625 -0.01 0.0551848
1.43625 0.075 0.03457
1.43625 0.16 0.0110041
1.43625 0.245 0.00265489
1.43625 0.33 0.00910598
1.43625 0.415 0.000756783
1.43625 0.5 0
1.4975 -2.9 0
1.4975 -2.815 0
1.4975 -2.73 0
1.4975 -2.645 0
1.4975 -2.56 0
1.4975 -2.475 0
1.4975 -2.39 0
1.4975 -2.305 0
1.4975 -2.22 0
1.4975 -2.135 0
1.4975 -2.05 0
1.4975 -1.965 0
1.4975 -1.88 0
1.4975 -1.795 0
1.4975 -1.71 0
1.4975 -1.625 0
1.4975 -1.54 0.0018981
1.4975 -1.455 0
1.4975 -1.37 0.00645109
1.4975 -1.285 0.00379621
1.4975 -1.2 0.0170706
1.4975 -1.115 0.0190252
1.4975 -1.03 0.03264
1.4975 -0.945 0.0266053
1.4975 -0.86 0.0292283
1.4975 -0.775 0.0595734
1.4975 -0.69 0.075956
1.4975 -0.605 0.0718194
1.4975 -0.52 0.132061
1.4975 -0.435 0.106093
1.4975 -0.35 0.114694
1.4975 -0.265 0.101048
1.4975 -0.18 0.0756352
1.4975 -0.095 0.0632624
1.4975 -0.01 0.0296889
1.4975 0.075 0.0189687
1.4975 0.16 0.00953469
1.4975 0.245 0.00379621
1.4975 0.33 0.0018981
1.4975 0.415 0
1.4975 0.5 0
1.55875 -2.9 0
1.55875 -2.815 0
1.55875 -2.73 0
1.55875 -2.645 0
1.55875 -2.56 0
1.55875 -2.475 0
1.55875 -2.39 0
1.55875 -2.305 0
1.55875 -2.22 0
1.55875 -2.135 0
1.55875 -2.05 0
1.55875 -1.965 0
1.55875 -1.88 0
1.55875 -1.795 0
1.55875 -1.71 0
1.55875 -1.625 0.0018981
1.55875 -1.54 0.0018981
1.55875 -1.455 0.0018981
1.55875 -1.37 0.0018981
1.55875 -1.285 0.00530977
1.55875 -1.2 0.0018981
1.55875 -1.115 0.00265489
1.55875 -1.03 0.0102473
1.55875 -0.945 0.018981
1.55875 -0.86 0.018212
1.55875 -0.775 0.0394756
1.55875 -0.69 0.0463113
1.55875 -0.605 0.0520816
1.55875 -0.52 0.0557895
1.55875 -0.435 0.0778418
1.55875 -0.35 0.0577072
1.55875 -0.265 0.0684274
1.55875 -0.18 0.0478567
1.55875 -0.095 0.0444892
1.55875 -0.01 0.0144158
1.55875 0.075 0.00763659
1.55875 0.16 0.00645109
1.55875 0.245 0.0018981
1.55875 0.33 0
1.55875 0.415 0
1.55875 0.5 0
1.62 -2.9 0
1.62 -2.815 0
1.62 -2.73 0
1.62 -2.645 0
1.62 -2.56 0
1.62 -2.475 0
1.62 -2.39 0
1.62 -2.305 0
1.62 -2.22 0
1.62 -2.135 0
1.62 -2.05 0
1.62 -1.965 0
1.62 -1.88 0
1.62 -1.795 0
1.62 -1.71 0
1.62 -1.625 0
1.62 -1.54 0
1.62 -1.455 0.0018981
1.62 -1.37 0
1.62 -1.285 0.0018981
1.62 -1.2 0.00194228
1.62 -1.115 0.00455299
1.62 -1.03 0.0102473
1.62 -0.945 0.00645109
1.62 -0.86 0.0174552
1.62 -0.775 0.0216359
1.62 -0.69 0.0212956
1.62 -0.605 0.0231372
1.62 -0.52 0.0395517
1.62 -0.435 0.0425028
1.62 -0.35 0.0421305
1.62 -0.265 0.0406047
1.62 -0.18 0.0410334
1.62 -0.095 0.0239063
1.62 -0.01 0.0148003
1.62 0.075 0.00759241
1.62 0.16 0.000756783
1.62 0.245 0
1.62 0.33 0.00379621
1.62 0.415 0
1.62 0.5 0
1.68125 -2.9 0
1.68125 -2.815 0
1.68125 -2.73 0
1.68125 -2.645 0
1.68125 -2.56 0
1.68125 -2.475 0
1.68125 -2.39 0
1.68125 -2.305 0
1.68125 -2.22 0
1.68125 -2.135 0
1.68125 -2.05 0
1.68125 -1.965 0
1.68125 -1.88 0
1.68125 -1.795 0
1.68125 -1.71 0
1.68125 -1.625 0.0018981
1.68125 -1.54 0
1.68125 -1.455 0
1.68125 -1.37 0
1.68125 -1.285 4.41777e-05
1.68125 -1.2 0.0018981
1.68125 -1.115 0.0018981
1.68125 -1.03 0.00227035
1.68125 -0.945 0.00645109
1.68125 -0.86 0.0018981
1.68125 -0.775 0.0114328
1.68125 -0.69 0.0185965
1.68125 -0.605 0.0174552
1.68125 -0.52 0.013659
1.68125 -0.435 0.0247072
1.68125 -0.35 0.0132744
1.68125 -0.265 0.0197255
1.68125 -0.18 0.0140435
1.68125 -0.095 0.00530977
1.68125 -0.01 0.0018981
1.68125 0.075 0.00645109
1.68125 0.16 0
1.68125 0.245 0
1.68125 0.33 0
1.68125 0.415 0
1.68125 0.5 0
1.7425 -2.9 0
1.7425 -2.815 0
1.7425 -2.73 0
1.7425 -2.645 0
1.7425 -2.56 0
1.7425 -2.475 0
1.7425 -2.39 0
1.7425 -2.305 0
1.7425 -2.22 0
1.7425 -2.135 0
1.7425 -2.05 0
1.7425 -1.965 0
1.7425 -1.88 0
1.7425 -1.795 0
1.7425 -1.71 0
1.7425 -1.625 0
1.7425 -1.54 0
1.7425 -1.455 0
1.7425 -1.37 0
1.7425 -1.285 0
1.7425 -1.2 0
1.7425 -1.115 0
1.7425 -1.03 0
1.7425 -0.945 0.00379621
1.7425 -0.86 0.00606655
1.7425 -0.775 0.00416845
1.7425 -0.69 0.0018981
1.7425 -0.605 0.00455299
1.7425 -0.52 0.0083492
1.7425 -0.435 0.00269906
1.7425 -0.35 0.00194228
1.7425 -0.265 0.0018981
1.7425 -0.18 0.00569431
1.7425 -0.095 0.0018981
1.7425 -0.01 0
1.7425 0.075 0.00379621
1.7425 0.16 0
1.7425 0.245 0
1.7425 0.33 0
1.7425 0.415 0
1.7425 0.5 0
1.80375 -2.9 0
1.80375 -2.815 0
1.80375 -2.73 0
1.80375 -2.645 0
1.80375 -2.56 0
1.80375 -2.475 0
1.80375 -2.39 0
1.80375 -2.305 0
1.80375 -2.22 0
1.80375 -2.135 0
1.80375 -2.05 0
1.80375 -1.965 0
1.80375 -1.88 0
1.80375 -1.795 0
1.80375 -1.71 0
1.80375 -1.625 0
1.80375 -1.54 0
1.80375 -1.455 0
1.80375 -1.37 0
1.80375 -1.285 0
1.80375 -1.2 0
1.80375 -1.115 0
1.80375 -1.03 0
1.80375 -0.945 0
1.80375 -0.86 0
1.80375 -0.775 0
1.80375 -0.69 0
1.80375 -0.605 0
1.80375 -0.52 0.000756783
1.80375 -0.435 0
1.80375 -0.35 0
1.80375 -0.265 0.0018981
1.80375 -0.18 0
1.80375 -0.095 0
1.80375 -0.01 0
1.80375 0.075 0
1.80375 0.16 0
1.80375 0.245 0
1.80375 0.33 0
1.80375 0.415 0
1.80375 0.5 0
1.865 -2.9 0
1.865 -2.815 0
1.865 -2.73 0
1.865 -2.645 0
1.865 -2.56 0
1.865 -2.475 0
1.865 -2.39 0
1.865 -2.305 0
1.865 -2.22 0
1.865 -2.135 0
1.865 -2.05 0
1.865 -1.965 0
1.865 -1.88 0
1.865 -1.795 0
1.865 -1.71 0
1.865 -1.625 0
1.865 -1.54 0
1.865 -1.455 0
1.865 -1.37 0
1.865 -1.285 0
1.865 -1.2 0
1.865 -1.115 0
1.865 -1.03 0
1.865 -0.945 0
1.865 -0.86 0
1.865 -0.775 0
1.865 -0.69 0
1.865 -0.605 0
1.865 -0.52 0
1.865 -0.435 0
1.865 -0.35 0
1.865 -0.265 0
1.865 -0.18 0
1.865 -0.095 0
1.865 -0.01 0
1.865 0.075 0
1.865 0.16 0
1.865 0.245 0
1.865 0.33 0
1.865 0.415 0
1.865 0.5 0
1.92625 -2.9 0
1.92625 -2.815 0
1.92625 -2.73 0
1.92625 -2.645 0
1.92625 -2.56 0
1.92625 -2.475 0
1.92625 -2.39 0
1.92625 -2.305 0
1.92625 -2.22 0
1.92625 -2.135 0
1.92625 -2.05 0
1.92625 -1.965 0
1.92625 -1.88 0
1.92625 -1.795 0
1.92625 -1.71 0
1.92625 -1.625 0
1.92625 -1.54 0
1.92625 -1.455 0
1.92625 -1.37 0
1.92625 -1.285 0
1.92625 -1.2 0
1.92625 -1.115 0
1.92625 -1.03 0
1.92625 -0.945 0
1.92625 -0.86 0
1.92625 -0.775 0
1.92625 -0.69 0
1.92625 -0.605 0
1.92625 -0.52 0
1.92625 -0.435 0
1.92625 -0.35 0
1.92625 -0.265 0
1.92625 -0.18 0
1.92625 -0.095 0
1.92625 -0.01 0
1.92625 0.075 0
1.92625 0.16 0
1.92625 0.245 0
1.92625 0.33 0
1.92625 0.415 0
1.92625 0.5 0
1.9875 -2.9 0
1.9875 -2.815 0
1.9875 -2.73 0
1.9875 -2.645 0
1.9875 -2.56 0
1.9875 -2.475 0
1.9875 -2.39 0
1.9875 -2.305 0
1.9875 -2.22 0
1.9875 -2.135 0
1.9875 -2.05 0
1.9875 -1.965 0
1.9875 -1.88 0
1.9875 -1.795 0
1.9875 -1.71 0
1.9875 -1.625 0
1.9875 -1.54 0
1.9875 -1.455 0
1.9875 -1.37 0
1.9875 -1.285 0
1.9875 -1.2 0
1.9875 -1.115 0
1.9875 -1.03 0
1.9875 -0.945 0
1.9875 -0.86 0
1.9875 -0.775 0
1.9875 -0.69 0
1.9875 -0.605 0
1.9875 -0.52 0
1.9875 -0.435 0
1.9875 -0.35 0
1.9875 -0.265 0
1.9875 -0.18 0
1.9875 -0.095 0
1.9875 -0.01 0
1.9875 0.075 0
1.9875 0.16 0
1.9875 0.245 0
1.9875 0.33 0
1.9875 0.415 0
1.9875 0.5 0
2.04875 -2.9 0
2.04875 -2.815 0
2.04875 -2.73 0
2.04875 -2.645 0
2.04875 -2.56 0
2.04875 -2.475 0
2.04875 -2.39 0
2.04875 -2.305 0
2.04875 -2.22 0
2.04875 -2.135 0
2.04875 -2.05 0
2.04875 -1.965 0
2.04875 -1.88 0
2.04875 -1.795 0
2.04875 -1.71 0
2.04875 -1.625 0
2.04875 -1.54 0
2.04875 -1.455 0
2.04875 -1.37 0
2.04875 -1.285 0
2.04875 -1.2 0
2.04875 -1.115 0
2.04875 -1.03 0
2.04875 -0.945 0
2.04875 -0.86 0
2.04875 -0.775 0
2.04875 -0.69 0
2.04875 -0.605 0
2.04875 -0.52 0
2.04875 -0.435 0
2.04875 -0.35 0
2.04875 -0.265 0
2.04875 -0.18 0
2.04875 -0.095 0
2.04875 -0.01 0
2.04875 0.075 0
2.04875 0.16 0
2.04875 0.245 0
2.04875 0.33 0
2.04875 0.415 0
2.04875 0.5 0
2.11 -2.9 0
2.11 -2.815 0
2.11 -2.73 0
2.11 -2.645 0
2.11 -2.56 0
2.11 -2.475 0
2.11 -2.39 0
2.11 -2.305 0
2.11 -2.22 0
2.11 -2.135 0
2.11 -2.05 0
2.11 -1.965 0
2.11 -1.88 0
2.11 -1.795 0
2.11 -1.71 0
2.11 -1.625 0
2.11 -1.54 0
2.11 -1.455 0
2.11 -1.37 0
2.11 -1.285 0
2.11 -1.2 0
2.11 -1.115 0
2.11 -1.03 0
2.11 -0.945 0
2.11 -0.86 0
2.11 -0.775 0
2.11 -0.69 0
2.11 -0.605 0
2.11 -0.52 0
2.11 -0.435 0
2.11 -0.35 0
2.11 -0.265 0
2.11 -0.18 0
2.11 -0.095 0
2.11 -0.01 0
2.11 0.075 0
2.11 0.16 0
2.11 0.245 0
2.11 0.33 0
2.11 0.415 0
2.11 0.5 0
2.17125 -2.9 0
2.17125 -2.815 0
2.17125 -2.73 0
2.17125 -2.645 0
2.17125 -2.56 0
2.17125 -2.475 0
2.17125 -2.39 0
2.17125 -2.305 0
2.17125 -2.22 0
2.17125 -2.135 0
2.17125 -2.05 0
2.17125 -1.965 0
2.17125 -1.88 0
2.17125 -1.795 0
2.17125 -1.71 0
2.17125 -1.625 0
2.17125 -1.54 0
2.17125 -1.455 0
2.17125 -1.37 0
2.17125 -1.285 0
2.17125 -1.2 0
2.17125 -1.115 0
2.17125 -1.03 0
2.17125 -0.945 0
2.17125 -0.86 0
2.17125 -0.775 0
2.17125 -0.69 0
2.17125 -0.605 0
2.17125 -0.52 0
2.17125 -0.435 0
2.17125 -0.35 0
2.17125 -0.265 0
2.17125 -0.18 0
2.17125 -0.095 0
2.17125 -0.01 0
2.17125 0.075 0
2.17125 0.16 0
2.17125 0.245 0
2.17125 0.33 0
2.17125 0.415 0
2.17125 0.5 0
2.2325 -2.9 0
2.2325 -2.815 0
2.2325 -2.73 0
2.2325 -2.645 0
2.2325 -2.56 0
2.2325 -2.475 0
2.2325 -2.39 0
2.2325 -2.305 0
2.2325 -2.22 0
2.2325 -2.135 0
2.2325 -2.05 0
2.2325 -1.965 0
2.2325 -1.88 0
2.2325 -1.795 0
2.2325 -1.71 0
2.2325 -1.625 0
2.2325 -1.54 0
2.2325 -1.455 0
2.2325 -1.37 0
2.2325 -1.285 0
2.2325 -1.2 0
2.2325 -1.115 0
2.2325 -1.03 0
2.2325 -0.945 0
2.2325 -0.86 0
2.2325 -0.775 0
2.2325 -0.69 0
2.2325 -0.605 0
2.2325 -0.52 0
2.2325 -0.435 0
2.2325 -0.35 0
2.2325 -0.265 0
2.2325 -0.18 0
2.2325 -0.095 0
2.2325 -0.01 0
2.2325 0.075 0
2.2325 0.16 0
2.2325 0.245 0
2.2325 0.33 0
2.2325 0.415 0
2.2325 0.5 0
2.29375 -2.9 0
2.29375 -2.815 0
2.29375 -2.73 0
2.29375 -2.645 0
2.29375 -2.56 0
2.29375 -2.475 0
2.29375 -2.39 0
2.29375 -2.305 0
2.29375 -2.22 0
2.29375 -2.135 0
2.29375 -2.05 0
2.29375 -1.965 0
2.29375 -1.88 0
2.29375 -1.795 0
2.29375 -1.71 0
2.29375 -1.625 0
2.29375 -1.54 0
2.29375 -1.455 0
2.29375 -1.37 0
2.29375 -1.285 0
2.29375 -1.2 0
2.29375 -1.115 0
2.29375 -1.03 0
2.29375 -0.945 0
2.29375 -0.86 0
2.29375 -0.775 0
2.29375 -0.69 0
2.29375 -0.605 0
2.29375 -0.52 0
2.29375 -0.435 0
2.29375 -0.35 0
2.29375 -0.265 0
2.29375 -0.18 0
2.29375 -0.095 0
2.29375 -0.01 0
2.29375 0.075 0
2.29375 0.16 0
2.29375 0.245 0
2.29375 0.33 0
2.29375 0.415 0
2.29375 0.5 0
2.355 -2.9 0
2.355 -2.815 0
2.355 -2.73 0
2.355 -2.645 0
2.355 -2.56 0
2.355 -2.475 0
2.355 -2.39 0
2.355 -2.305 0
2.355 -2.22 0
2.355 -2.135 0
2.355 -2.05 0
2.355 -1.965 0
2.355 -1.88 0
2.355 -1.795 0
2.355 -1.71 0
2.355 -1.625 0
2.355 -1.54 0
2.355 -1.455 0
2.355 -1.37 0
2.355 -1.285 0
2.355 -1.2 0
2.355 -1.115 0
2.355 -1.03 0
2.355 -0.945 0
2.355 -0.86 0
2.355 -0.775 0
2.355 -0.69 0
2.355 -0.605 0
2.355 -0.52 0
2.355 -0.435 0
2.355 -0.35 0
2.355 -0.265 0
2.355 -0.18 0
2.355 -0.095 0
2.355 -0.01 0
2.355 0.075 0
2.355 0.16 0
2.355 0.245 0
2.355 0.33 0
2.355 0.415 0
2.355 0.5 0
2.41625 -2.9 0
2.41625 -2.815 0
2.41625 -2.73 0
2.41625 -2.645 0
2.41625 -2.56 0
2.41625 -2.475 0
2.41625 -2.39 0
2.41625 -2.305 0
2.41625 -2.22 0
2.41625 -2.135 0
2.41625 -2.05 0
2.41625 -1.965 0
2.41625 -1.88 0
2.41625 -1.795 0
2.41625 -1.71 0
2.41625 -1.625 0
2.41625 -1.54 0
2.41625 -1.455 0
2.41625 -1.37 0
2.41625 -1.285 0
2.41625 -1.2 0
2.41625 -1.115 0
2.41625 -1.03 0
2.41625 -0.945 0
2.41625 -0.86 0
2.41625 -0.775 0
2.41625 -0.69 0
2.41625 -0.605 0
2.41625 -0.52 0
2.41625 -0.435 0
2.41625 -0.35 0
2.41625 -0.265 0
2.41625 -0.18 0
2.41625 -0.095 0
2.41625 -0.01 0
2.41625 0.075 0
2.41625 0.16 0
2.41625 0.245 0
2.41625 0.33 0
2.41625 0.415 0
2.41625 0.5 0
2.4775 -2.9 0
2.4775 -2.815 0
2.4775 -2.73 0
2.4775 -2.645 0
2.4775 -2.56 0
2.4775 -2.475 0
2.4775 -2.39 0
2.4775 -2.305 0
2.4775 -2.22 0
2.4775 -2.135 0
2.4775 -2.05 0
2.4775 -1.965 0
2.4775 -1.88 0
2.4775 -1.795 0
2.4775 -1.71 0
2.4775 -1.625 0
2.4775 -1.54 0
2.4775 -1.455 0
2.4775 -1.37 0
2.4775 -1.285 0
2.4775 -1.2 0
2.4775 -1.115 0
2.4775 -1.03 0
2.4775 -0.945 0
2.4775 -0.86 0
2.4775 -0.775 0
2.4775 -0.69 0
2.4775 -0.605 0
2.4775 -0.52 0
2.4775 -0.435 0
2.4775 -0.35 0
2.4775 -0.265 0
2.4775 -0.18 0
2.4775 -0.095 0
2.4775 -0.01 0
2.4775 0.075 0
2.4775 0.16 0
2.4775 0.245 0
2.4775 0.33 0
2.4775 0.415 0
2.4775 0.5 0
2.53875 -2.9 0
2.53875 -2.815 0
2.53875 -2.73 0
2.53875 -2.645 0
2.53875 -2.56 0
2.53875 -2.475 0
2.53875 -2.39 0
2.53875 -2.305 0
2.53875 -2.22 0
2.53875 -2.135 0
2.53875 -2.05 0
2.53875 -1.965 0
2.53875 -1.88 0
2.53875 -1.795 0
2.53875 -1.71 0
2.53875 -1.625 0
2.53875 -1.54 0
2.53875 -1.455 0
2.53875 -1.37 0
2.53875 -1.285 0
2.53875 -1.2 0
2.53875 -1.115 0
2.53875 -1.03 0
2.53875 -0.945 0
2.53875 -0.86 0
2.53875 -0.775 0
2.53875 -0.69 0
2.53875 -0.605 0
2.53875 -0.52 0
2.53875 -0.435 0
2.53875 -0.35 0
2.53875 -0.265 0
2.53875 -0.18 0
2.53875 -0.095 0
2.53875 -0.01 0
2.53875 0.075 0
2.53875 0.16 0
2.53875 0.245 0
2.53875 0.33 0
2.53875 0.415 0
2.53875 0.5 0
2.6 -2.9 0
2.6 -2.815 0
2.6 -2.73 0
2.6 -2.645 0
2.6 -2.56 0
2.6 -2.475 0
2.6 -2.39 0
2.6 -2.305 0
2.6 -2.22 0
2.6 -2.135 0
2.6 -2.05 0
2.6 -1.965 0
2.6 -1.88 0
2.6 -1.795 0
2.6 -1.71 0
2.6 -1.625 0
2.6 -1.54 0
2.6 -1.455 0
2.6 -1.37 0
2.6 -1.285 0
2.6 -1.2 0
2.6 -1.115 0
2.6 -1.03 0
2.6 -0.945 0
2.6 -0.86 0
2.6 -0.775 0
2.6 -0.69 0
2.6 -0.605 0
2.6 -0.52 0
2.6 -0.435 0
2.6 -0.35 0
2.6 -0.265 0
2.6 -0.18 0
2.6 -0.095 0
2.6 -0.01 0
2.6 0.075 0
2.6 0.16 0
2.6 0.245 0
2.6 0.33 0
2.6 0.415 0
2.6 0.5 0
