-2 -2.5 0.0910044
-2 -2.4125 0.146495
-2 -2.325 0.241882
-2 -2.2375 0.406252
-2 -2.15 0.734289
-2 -2.0625 1.83334
-2 -1.975 1.30373
-2 -1.8875 0
-2 -1.8 0
-2 -1.7125 0
-2 -1.625 0
-2 -1.5375 0
-2 -1.45 0
-2 -1.3625 0
-2 -1.275 0
-2 -1.1875 0
-2 -1.1 0
-2 -1.0125 0
-2 -0.925 0
-2 -0.8375 0
-2 -0.75 0
-2 -0.6625 0
-2 -0.575 0
-2 -0.4875 0
-2 -0.4 0
-2 -0.3125 0
-2 -0.225 0
-2 -0.1375 0
-2 -0.05 0
-2 0.0375 0
-2 0.125 0
-2 0.2125 0
-2 0.3 0
-2 0.3875 0
-2 0.475 0
-2 0.5625 0
-2 0.65 0
-2 0.7375 0
-2 0.825 0
-2 0.9125 0
-2 1 0
-1.935 -2.5 0.0883263
-1.935 -2.4125 0.141157
-1.935 -2.325 0.229867
-1.935 -2.2375 0.377733
-1.935 -2.15 0.641232
-1.935 -2.0625 1.17588
-1.935 -1.975 3.00745
-1.935 -1.8875 0.757265
-1.935 -1.8 0
-1.935 -1.7125 0
-1.935 -1.625 0
-1.935 -1.5375 0
-1.935 -1.45 0
-1.935 -1.3625 0
-1.935 -1.275 0
-1.935 -1.1875 0
-1.935 -1.1 0
-1.935 -1.0125 0
-1.935 -0.925 0
-1.935 -0.8375 0
-1.935 -0.75 0
-1.935 -0.6625 0
-1.935 -0.575 0
-1.935 -0.4875 0
-1.935 -0.4 0
-1.935 -0.3125 0
-1.935 -0.225 0
-1.935 -0.1375 0
-1.935 -0.05 0
-1.935 0.0375 0
-1.935 0.125 0
-1.935 0.2125 0
-1.935 0.3 0
-1.935 0.3875 0
-1.935 0.475 0
-1.935 0.5625 0
-1.935 0.65 0
-1.935 0.7375 0
-1.935 0.825 0
-1.935 0.9125 0
-1.935 1 0
-1.87 -2.5 0.0856692
-1.87 -2.4125 0.138427
-1.87 -2.325 0.221523
-1.87 -2.2375 0.35871
-1.87 -2.15 0.587691
-1.87 -2.0625 0.993684
-1.87 -1.975 1.88584
-1.87 -1.8875 4.16381
-1.87 -1.8 0.104493
-1.87 -1.7125 0
-1.87 -1.625 0
-1.87 -1.5375 0
-1.87 -1.45 0
-1.87 -1.3625 0
-1.87 -1.275 0
-1.87 -1.1875 0
-1.87 -1.1 0
-1.87 -1.0125 0
-1.87 -0.925 0
-1.87 -0.8375 0
-1.87 -0.75 0
-1.87 -0.6625 0
-1.87 -0.575 0
-1.87 -0.4875 0
-1.87 -0.4 0
-1.87 -0.3125 0
-1.87 -0.225 0
-1.87 -0.1375 0
-1.87 -0.05 0
-1.87 0.0375 0
-1.87 0.125 0
-1.87 0.2125 0
-1.87 0.3 0
-1.87 0.3875 0
-1.87 0.475 0
-1.87 0.5625 0
-1.87 0.65 0
-1.87 0.7375 0
-1.87 0.825 0
-1.87 0.9125 0
-1.87 1 0
-1.805 -2.5 0.0844587
-1.805 -2.4125 0.134324
-1.805 -2.325 0.213888
-1.805 -2.2375 0.344424
-1.805 -2.15 0.55552
-1.805 -2.0625 0.902413
-1.805 -1.975 1.52746
-1.805 -1.8875 3.09251
-1.805 -1.8 4.367
-1.805 -1.7125 0
-1.805 -1.625 0
-1.805 -1.5375 0
-1.805 -1.45 0
-1.805 -1.3625 0
-1.805 -1.275 0
-1.805 -1.1875 0
-1.805 -1.1 0
-1.805 -1.0125 0
-1.805 -0.925 0
-1.805 -0.8375 0
-1.805 -0.75 0
-1.805 -0.6625 0
-1.805 -0.575 0
-1.805 -0.4875 0
-1.805 -0.4 0
-1.805 -0.3125 0
-1.805 -0.225 0
-1.805 -0.1375 0
-1.805 -0.05 0
-1.805 0.0375 0
-1.805 0.125 0
-1.805 0.2125 0
-1.805 0.3 0
-1.805 0.3875 0
-1.805 0.475 0
-1.805 0.5625 0
-1.805 0.65 0
-1.805 0.7375 0
-1.805 0.825 0
-1.805 0.9125 0
-1.805 1 0
-1.74 -2.5 0.0824188
-1.74 -2.4125 0.132008
-1.74 -2.325 0.209874
-1.74 -2.2375 0.334558
-1.74 -2.15 0.532993
-1.74 -2.0625 0.847268
-1.74 -1.975 1.36316
-1.74 -1.8875 2.31339
-1.74 -1.8 5.42507
-1.74 -1.7125 3.33606
-1.74 -1.625 0
-1.74 -1.5375 0
-1.74 -1.45 0
-1.74 -1.3625 0
-1.74 -1.275 0
-1.74 -1.1875 0
-1.74 -1.1 0
-1.74 -1.0125 0
-1.74 -0.925 0
-1.74 -0.8375 0
-1.74 -0.75 0
-1.74 -0.6625 0
-1.74 -0.575 0
-1.74 -0.4875 0
-1.74 -0.4 0
-1.74 -0.3125 0
-1.74 -0.225 0
-1.74 -0.1375 0
-1.74 -0.05 0
-1.74 0.0375 0
-1.74 0.125 0
-1.74 0.2125 0
-1.74 0.3 0
-1.74 0.3875 0
-1.74 0.475 0
-1.74 0.5625 0
-1.74 0.65 0
-1.74 0.7375 0
-1.74 0.825 0
-1.74 0.9125 0
-1.74 1 0
-1.675 -2.5 0.0808254
-1.675 -2.4125 0.12847
-1.675 -2.325 0.205151
-1.675 -2.2375 0.325318
-1.675 -2.15 0.513242
-1.675 -2.0625 0.80785
-1.675 -1.975 1.26544
-1.675 -1.8875 2.01868
-1.675 -1.8 3.46346
-1.675 -1.7125 8.16957
-1.675 -1.625 1.70519
-1.675 -1.5375 0
-1.675 -1.45 0
-1.675 -1.3625 0
-1.675 -1.275 0
-1.675 -1.1875 0
-1.675 -1.1 0
-1.675 -1.0125 0
-1.675 -0.925 0
-1.675 -0.8375 0
-1.675 -0.75 0
-1.675 -0.6625 0
-1.675 -0.575 0
-1.675 -0.4875 0
-1.675 -0.4 0
-1.675 -0.3125 0
-1.675 -0.225 0
-1.675 -0.1375 0
-1.675 -0.05 0
-1.675 0.0375 0
-1.675 0.125 0
-1.675 0.2125 0
-1.675 0.3 0
-1.675 0.3875 0
-1.675 0.475 0
-1.675 0.5625 0
-1.675 0.65 0
-1.675 0.7375 0
-1.675 0.825 0
-1.675 0.9125 0
-1.675 1 0
-1.61 -2.5 0.0786617
-1.61 -2.4125 0.125019
-1.61 -2.325 0.200294
-1.61 -2.2375 0.3184
-1.61 -2.15 0.502535
-1.61 -2.0625 0.780925
-1.61 -1.975 1.20311
-1.61 -1.8875 1.85618
-1.61 -1.8 2.93204
-1.61 -1.7125 5.17934
-1.61 -1.625 10.3712
-1.61 -1.5375 0.116998
-1.61 -1.45 0
-1.61 -1.3625 0
-1.61 -1.275 0
-1.61 -1.1875 0
-1.61 -1.1 0
-1.61 -1.0125 0
-1.61 -0.925 0
-1.61 -0.8375 0
-1.61 -0.75 0
-1.61 -0.6625 0
-1.61 -0.575 0
-1.61 -0.4875 0
-1.61 -0.4 0
-1.61 -0.3125 0
-1.61 -0.225 0
-1.61 -0.1375 0
-1.61 -0.05 0
-1.61 0.0375 0
-1.61 0.125 0
-1.61 0.2125 0
-1.61 0.3 0
-1.61 0.3875 0
-1.61 0.475 0
-1.61 0.5625 0
-1.61 0.65 0
-1.61 0.7375 0
-1.61 0.825 0
-1.61 0.9125 0
-1.61 1 0
-1.545 -2.5 0.0778913
-1.545 -2.4125 0.12328
-1.545 -2.325 0.196935
-1.545 -2.2375 0.309704
-1.545 -2.15 0.488934
-1.545 -2.0625 0.758087
-1.545 -1.975 1.15666
-1.545 -1.8875 1.7534
-1.545 -1.8 2.65914
-1.545 -1.7125 4.17569
-1.545 -1.625 7.96162
-1.545 -1.5375 9.94451
-1.545 -1.45 0
-1.545 -1.3625 0
-1.545 -1.275 0
-1.545 -1.1875 0
-1.545 -1.1 0
-1.545 -1.0125 0
-1.545 -0.925 0
-1.545 -0.8375 0
-1.545 -0.75 0
-1.545 -0.6625 0
-1.545 -0.575 0
-1.545 -0.4875 0
-1.545 -0.4 0
-1.545 -0.3125 0
-1.545 -0.225 0
-1.545 -0.1375 0
-1.545 -0.05 0
-1.545 0.0375 0
-1.545 0.125 0
-1.545 0.2125 0
-1.545 0.3 0
-1.545 0.3875 0
-1.545 0.475 0
-1.545 0.5625 0
-1.545 0.65 0
-1.545 0.7375 0
-1.545 0.825 0
-1.545 0.9125 0
-1.545 1 0
-1.48 -2.5 0.0751325
-1.48 -2.4125 0.121135
-1.48 -2.325 0.193012
-1.48 -2.2375 0.306185
-1.48 -2.15 0.479289
-1.48 -2.0625 0.739059
-1.48 -1.975 1.1235
-1.48 -1.8875 1.67328
-1.48 -1.8 2.48617
-1.48 -1.7125 3.72086
-1.48 -1.625 5.87567
-1.48 -1.5375 12.9087
-1.48 -1.45 6.85105
-1.48 -1.3625 0
-1.48 -1.275 0
-1.48 -1.1875 0
-1.48 -1.1 0
-1.48 -1.0125 0
-1.48 -0.925 0
-1.48 -0.8375 0
-1.48 -0.75 0
-1.48 -0.6625 0
-1.48 -0.575 0
-1.48 -0.4875 0
-1.48 -0.4 0
-1.48 -0.3125 0
-1.48 -0.225 0
-1.48 -0.1375 0
-1.48 -0.05 0
-1.48 0.0375 0
-1.48 0.125 0
-1.48 0.2125 0
-1.48 0.3 0
-1.48 0.3875 0
-1.48 0.475 0
-1.48 0.5625 0
-1.48 0.65 0
-1.48 0.7375 0
-1.48 0.825 0
-1.48 0.9125 0
-1.48 1 0
-1.415 -2.5 0.0741568
-1.415 -2.4125 0.117856
-1.415 -2.325 0.188144
-1.415 -2.2375 0.299355
-1.415 -2.15 0.468076
-1.415 -2.0625 0.72175
-1.415 -1.975 1.09516
-1.415 -1.8875 1.62246
-1.415 -1.8 2.37361
-1.415 -1.7125 3.45393
-1.415 -1.625 5.11787
-1.415 -1.5375 8.18968
-1.415 -1.45 17.8227
-1.415 -1.3625 3.05738
-1.415 -1.275 0
-1.415 -1.1875 0
-1.415 -1.1 0
-1.415 -1.0125 0
-1.415 -0.925 0
-1.415 -0.8375 0
-1.415 -0.75 0
-1.415 -0.6625 0
-1.415 -0.575 0
-1.415 -0.4875 0
-1.415 -0.4 0
-1.415 -0.3125 0
-1.415 -0.225 0
-1.415 -0.1375 0
-1.415 -0.05 0
-1.415 0.0375 0
-1.415 0.125 0
-1.415 0.2125 0
-1.415 0.3 0
-1.415 0.3875 0
-1.415 0.475 0
-1.415 0.5625 0
-1.415 0.65 0
-1.415 0.7375 0
-1.415 0.825 0
-1.415 0.9125 0
-1.415 1 0
-1.35 -2.5 0.0727988
-1.35 -2.4125 0.115419
-1.35 -2.325 0.185261
-1.35 -2.2375 0.292864
-1.35 -2.15 0.459129
-1.35 -2.0625 0.707673
-1.35 -1.975 1.06815
-1.35 -1.8875 1.57918
-1.35 -1.8 2.29662
-1.35 -1.7125 3.27605
-1.35 -1.625 4.70516
-1.35 -1.5375 6.90015
-1.35 -1.45 11.4275
-1.35 -1.3625 20.7328
-1.35 -1.275 0.0441802
-1.35 -1.1875 0
-1.35 -1.1 0
-1.35 -1.0125 0
-1.35 -0.925 0
-1.35 -0.8375 0
-1.35 -0.75 0
-1.35 -0.6625 0
-1.35 -0.575 0
-1.35 -0.4875 0
-1.35 -0.4 0
-1.35 -0.3125 0
-1.35 -0.225 0
-1.35 -0.1375 0
-1.35 -0.05 0
-1.35 0.0375 0
-1.35 0.125 0
-1.35 0.2125 0
-1.35 0.3 0
-1.35 0.3875 0
-1.35 0.475 0
-1.35 0.5625 0
-1.35 0.65 0
-1.35 0.7375 0
-1.35 0.825 0
-1.35 0.9125 0
-1.35 1 0
-1.285 -2.5 0.0709641
-1.285 -2.4125 0.112507
-1.285 -2.325 0.181508
-1.285 -2.2375 0.287625
-1.285 -2.15 0.449104
-1.285 -2.0625 0.694466
-1.285 -1.975 1.04716
-1.285 -1.8875 1.54268
-1.285 -1.8 2.22589
-1.285 -1.7125 3.15232
-1.285 -1.625 4.4398
-1.285 -1.5375 6.25699
-1.285 -1.45 9.16579
-1.285 -1.3625 16.5137
-1.285 -1.275 18.1314
-1.285 -1.1875 0
-1.285 -1.1 0
-1.285 -1.0125 0
-1.285 -0.925 0
-1.285 -0.8375 0
-1.285 -0.75 0
-1.285 -0.6625 0
-1.285 -0.575 0
-1.285 -0.4875 0
-1.285 -0.4 0
-1.285 -0.3125 0
-1.285 -0.225 0
-1.285 -0.1375 0
-1.285 -0.05 0
-1.285 0.0375 0
-1.285 0.125 0
-1.285 0.2125 0
-1.285 0.3 0
-1.285 0.3875 0
-1.285 0.475 0
-1.285 0.5625 0
-1.285 0.65 0
-1.285 0.7375 0
-1.285 0.825 0
-1.285 0.9125 0
-1.285 1 0
-1.22 -2.5 0.0694636
-1.22 -2.4125 0.10977
-1.22 -2.325 0.177926
-1.22 -2.2375 0.282064
-1.22 -2.15 0.443005
-1.22 -2.0625 0.679243
-1.22 -1.975 1.02534
-1.22 -1.8875 1.51294
-1.22 -1.8 2.17287
-1.22 -1.7125 3.05945
-1.22 -1.625 4.25133
-1.22 -1.5375 5.86048
-1.22 -1.45 8.15669
-1.22 -1.3625 12.0258
-1.22 -1.275 24.6855
-1.22 -1.1875 11.3187
-1.22 -1.1 0
-1.22 -1.0125 0
-1.22 -0.925 0
-1.22 -0.8375 0
-1.22 -0.75 0
-1.22 -0.6625 0
-1.22 -0.575 0
-1.22 -0.4875 0
-1.22 -0.4 0
-1.22 -0.3125 0
-1.22 -0.225 0
-1.22 -0.1375 0
-1.22 -0.05 0
-1.22 0.0375 0
-1.22 0.125 0
-1.22 0.2125 0
-1.22 0.3 0
-1.22 0.3875 0
-1.22 0.475 0
-1.22 0.5625 0
-1.22 0.65 0
-1.22 0.7375 0
-1.22 0.825 0
-1.22 0.9125 0
-1.22 1 0
-1.155 -2.5 0.0671896
-1.155 -2.4125 0.108414
-1.155 -2.325 0.172569
-1.155 -2.2375 0.274256
-1.155 -2.15 0.433094
-1.155 -2.0625 0.668075
-1.155 -1.975 1.00913
-1.155 -1.8875 1.47981
-1.155 -1.8 2.12647
-1.155 -1.7125 2.98648
-1.155 -1.625 4.10576
-1.155 -1.5375 5.59137
-1.155 -1.45 7.57439
-1.155 -1.3625 10.4472
-1.155 -1.275 15.6171
-1.155 -1.1875 31.4003
-1.155 -1.1 4.35542
-1.155 -1.0125 0
-1.155 -0.925 0
-1.155 -0.8375 0
-1.155 -0.75 0
-1.155 -0.6625 0
-1.155 -0.575 0
-1.155 -0.4875 0
-1.155 -0.4 0
-1.155 -0.3125 0
-1.155 -0.225 0
-1.155 -0.1375 0
-1.155 -0.05 0
-1.155 0.0375 0
-1.155 0.125 0
-1.155 0.2125 0
-1.155 0.3 0
-1.155 0.3875 0
-1.155 0.475 0
-1.155 0.5625 0
-1.155 0.65 0
-1.155 0.7375 0
-1.155 0.825 0
-1.155 0.9125 0
-1.155 1 0
-1.09 -2.5 0.0655473
-1.09 -2.4125 0.105299
-1.09 -2.325 0.169051
-1.09 -2.2375 0.269629
-1.09 -2.15 0.424749
-1.09 -2.0625 0.653214
-1.09 -1.975 0.989113
-1.09 -1.8875 1.45694
-1.09 -1.8 2.09095
-1.09 -1.7125 2.9275
-1.09 -1.625 4.01166
-1.09 -1.5375 5.40601
-1.09 -1.45 7.21329
-1.09 -1.3625 9.6021
-1.09 -1.275 13.1302
-1.09 -1.1875 20.3226
-1.09 -1.1 33.1931
-1.09 -1.0125 0
-1.09 -0.925 0
-1.09 -0.8375 0
-1.09 -0.75 0
-1.09 -0.6625 0
-1.09 -0.575 0
-1.09 -0.4875 0
-1.09 -0.4 0
-1.09 -0.3125 0
-1.09 -0.225 0
-1.09 -0.1375 0
-1.09 -0.05 0
-1.09 0.0375 0
-1.09 0.125 0
-1.09 0.2125 0
-1.09 0.3 0
-1.09 0.3875 0
-1.09 0.475 0
-1.09 0.5625 0
-1.09 0.65 0
-1.09 0.7375 0
-1.09 0.825 0
-1.09 0.9125 0
-1.09 1 0
-1.025 -2.5 0.0649282
-1.025 -2.4125 0.103317
-1.025 -2.325 0.166022
-1.025 -2.2375 0.263535
-1.025 -2.15 0.415895
-1.025 -2.0625 0.642801
-1.025 -1.975 0.972603
-1.025 -1.8875 1.4306
-1.025 -1.8 2.05259
-1.025 -1.7125 2.86949
-1.025 -1.625 3.91917
-1.025 -1.5375 5.25388
-1.025 -1.45 6.93351
-1.025 -1.3625 9.057
-1.025 -1.275 11.8804
-1.025 -1.1875 16.2297
-1.025 -1.1 27.6936
-1.025 -1.0125 26.3976
-1.025 -0.925 0
-1.025 -0.8375 0
-1.025 -0.75 0
-1.025 -0.6625 0
-1.025 -0.575 0
-1.025 -0.4875 0
-1.025 -0.4 0
-1.025 -0.3125 0
-1.025 -0.225 0
-1.025 -0.1375 0
-1.025 -0.05 0
-1.025 0.0375 0
-1.025 0.125 0
-1.025 0.2125 0
-1.025 0.3 0
-1.025 0.3875 0
-1.025 0.475 0
-1.025 0.5625 0
-1.025 0.65 0
-1.025 0.7375 0
-1.025 0.825 0
-1.025 0.9125 0
-1.025 1 0
-0.96 -2.5 0.0631699
-0.96 -2.4125 0.100692
-0.96 -2.325 0.160679
-0.96 -2.2375 0.258146
-0.96 -2.15 0.406006
-0.96 -2.0625 0.630675
-0.96 -1.975 0.951713
-0.96 -1.8875 1.40611
-0.96 -1.8 2.01524
-0.96 -1.7125 2.81929
-0.96 -1.625 3.84148
-0.96 -1.5375 5.13632
-0.96 -1.45 6.72974
-0.96 -1.3625 8.68985
-0.96 -1.275 11.1248
-0.96 -1.1875 14.4213
-0.96 -1.1 19.7956
-0.96 -1.0125 37.8249
-0.96 -0.925 14.8532
-0.96 -0.8375 0
-0.96 -0.75 0
-0.96 -0.6625 0
-0.96 -0.575 0
-0.96 -0.4875 0
-0.96 -0.4 0
-0.96 -0.3125 0
-0.96 -0.225 0
-0.96 -0.1375 0
-0.96 -0.05 0
-0.96 0.0375 0
-0.96 0.125 0
-0.96 0.2125 0
-0.96 0.3 0
-0.96 0.3875 0
-0.96 0.475 0
-0.96 0.5625 0
-0.96 0.65 0
-0.96 0.7375 0
-0.96 0.825 0
-0.96 0.9125 0
-0.96 1 0
-0.895 -2.5 0.0613355
-0.895 -2.4125 0.0969103
-0.895 -2.325 0.157355
-0.895 -2.2375 0.250537
-0.895 -2.15 0.396907
-0.895 -2.0625 0.616949
-0.895 -1.975 0.9345
-0.895 -1.8875 1.3761
-0.895 -1.8 1.97762
-0.895 -1.7125 2.76705
-0.895 -1.625 3.77276
-0.895 -1.5375 5.02945
-0.895 -1.45 6.54838
-0.895 -1.3625 8.40906
-0.895 -1.275 10.613
-0.895 -1.1875 13.3895
-0.895 -1.1 17.1812
-0.895 -1.0125 23.922
-0.895 -0.925 44.0485
-0.895 -0.8375 4.83486
-0.895 -0.75 0
-0.895 -0.6625 0
-0.895 -0.575 0
-0.895 -0.4875 0
-0.895 -0.4 0
-0.895 -0.3125 0
-0.895 -0.225 0
-0.895 -0.1375 0
-0.895 -0.05 0
-0.895 0.0375 0
-0.895 0.125 0
-0.895 0.2125 0
-0.895 0.3 0
-0.895 0.3875 0
-0.895 0.475 0
-0.895 0.5625 0
-0.895 0.65 0
-0.895 0.7375 0
-0.895 0.825 0
-0.895 0.9125 0
-0.895 1 0
-0.83 -2.5 0.059765
-0.83 -2.4125 0.0951936
-0.83 -2.325 0.153177
-0.83 -2.2375 0.244017
-0.83 -2.15 0.388306
-0.83 -2.0625 0.600704
-0.83 -1.975 0.911245
-0.83 -1.8875 1.35053
-0.83 -1.8 1.93963
-0.83 -1.7125 2.71368
-0.83 -1.625 3.70067
-0.83 -1.5375 4.92333
-0.83 -1.45 6.41155
-0.83 -1.3625 8.19067
-0.83 -1.275 10.2581
-0.83 -1.1875 12.7089
-0.83 -1.1 15.751
-0.83 -1.0125 20.0675
-0.83 -0.925 28.9465
-0.83 -0.8375 42.104
-0.83 -0.75 0
-0.83 -0.6625 0
-0.83 -0.575 0
-0.83 -0.4875 0
-0.83 -0.4 0
-0.83 -0.3125 0
-0.83 -0.225 0
-0.83 -0.1375 0
-0.83 -0.05 0
-0.83 0.0375 0
-0.83 0.125 0
-0.83 0.2125 0
-0.83 0.3 0
-0.83 0.3875 0
-0.83 0.475 0
-0.83 0.5625 0
-0.83 0.65 0
-0.83 0.7375 0
-0.83 0.825 0
-0.83 0.9125 0
-0.83 1 0
-0.765 -2.5 0.0574842
-0.765 -2.4125 0.0921321
-0.765 -2.325 0.14926
-0.765 -2.2375 0.238523
-0.765 -2.15 0.378306
-0.765 -2.0625 0.588097
-0.765 -1.975 0.894363
-0.765 -1.8875 1.32426
-0.765 -1.8 1.90279
-0.765 -1.7125 2.66457
-0.765 -1.625 3.63046
-0.765 -1.5375 4.83454
-0.765 -1.45 6.2796
-0.765 -1.3625 8.00021
-0.765 -1.275 9.97449
-0.765 -1.1875 12.2394
-0.765 -1.1 14.8841
-0.765 -1.0125 18.1493
-0.765 -0.925 22.975
-0.765 -0.8375 36.9006
-0.765 -0.75 30.1114
-0.765 -0.6625 0
-0.765 -0.575 0
-0.765 -0.4875 0
-0.765 -0.4 0
-0.765 -0.3125 0
-0.765 -0.225 0
-0.765 -0.1375 0
-0.765 -0.05 0
-0.765 0.0375 0
-0.765 0.125 0
-0.765 0.2125 0
-0.765 0.3 0
-0.765 0.3875 0
-0.765 0.475 0
-0.765 0.5625 0
-0.765 0.65 0
-0.765 0.7375 0
-0.765 0.825 0
-0.765 0.9125 0
-0.765 1 0
-0.7 -2.5 0.0557209
-0.7 -2.4125 0.0893742
-0.7 -2.325 0.144016
-0.7 -2.2375 0.231642
-0.7 -2.15 0.368592
-0.7 -2.0625 0.574139
-0.7 -1.975 0.875559
-0.7 -1.8875 1.29411
-0.7 -1.8 1.86357
-0.7 -1.7125 2.61508
-0.7 -1.625 3.56897
-0.7 -1.5375 4.75745
-0.7 -1.45 6.17545
-0.7 -1.3625 7.84173
-0.7 -1.275 9.74247
-0.7 -1.1875 11.8526
-0.7 -1.1 14.2599
-0.7 -1.0125 16.9847
-0.7 -0.925 20.4205
-0.7 -0.8375 25.8513
-0.7 -0.75 45.3052
-0.7 -0.6625 15.0781
-0.7 -0.575 0
-0.7 -0.4875 0
-0.7 -0.4 0
-0.7 -0.3125 0
-0.7 -0.225 0
-0.7 -0.1375 0
-0.7 -0.05 0
-0.7 0.0375 0
-0.7 0.125 0
-0.7 0.2125 0
-0.7 0.3 0
-0.7 0.3875 0
-0.7 0.475 0
-0.7 0.5625 0
-0.7 0.65 0
-0.7 0.7375 0
-0.7 0.825 0
-0.7 0.9125 0
-0.7 1 0
-0.635 -2.5 0.0547528
-0.635 -2.4125 0.0868913
-0.635 -2.325 0.139114
-0.635 -2.2375 0.223364
-0.635 -2.15 0.357689
-0.635 -2.0625 0.558681
-0.635 -1.975 0.853255
-0.635 -1.8875 1.26442
-0.635 -1.8 1.82529
-0.635 -1.7125 2.56026
-0.635 -1.625 3.50193
-0.635 -1.5375 4.67685
-0.635 -1.45 6.07069
-0.635 -1.3625 7.69796
-0.635 -1.275 9.54167
-0.635 -1.1875 11.5592
-0.635 -1.1 13.7681
-0.635 -1.0125 16.1929
-0.635 -0.925 18.9215
-0.635 -0.8375 22.4001
-0.635 -0.75 28.6322
-0.635 -0.6625 47.4499
-0.635 -0.575 3.95202
-0.635 -0.4875 0
-0.635 -0.4 0
-0.635 -0.3125 0
-0.635 -0.225 0
-0.635 -0.1375 0
-0.635 -0.05 0
-0.635 0.0375 0
-0.635 0.125 0
-0.635 0.2125 0
-0.635 0.3 0
-0.635 0.3875 0
-0.635 0.475 0
-0.635 0.5625 0
-0.635 0.65 0
-0.635 0.7375 0
-0.635 0.825 0
-0.635 0.9125 0
-0.635 1 0
-0.57 -2.5 0.0531574
-0.57 -2.4125 0.084675
-0.57 -2.325 0.135092
-0.57 -2.2375 0.216736
-0.57 -2.15 0.346758
-0.57 -2.0625 0.543534
-0.57 -1.975 0.830812
-0.57 -1.8875 1.23699
-0.57 -1.8 1.78725
-0.57 -1.7125 2.51108
-0.57 -1.625 3.43688
-0.57 -1.5375 4.58609
-0.57 -1.45 5.96489
-0.57 -1.3625 7.56679
-0.57 -1.275 9.34985
-0.57 -1.1875 11.3148
-0.57 -1.1 13.4166
-0.57 -1.0125 15.5985
-0.57 -0.925 17.8972
-0.57 -0.8375 20.5219
-0.57 -0.75 23.8871
-0.57 -0.6625 31.5653
-0.57 -0.575 40.0238
-0.57 -0.4875 0
-0.57 -0.4 0
-0.57 -0.3125 0
-0.57 -0.225 0
-0.57 -0.1375 0
-0.57 -0.05 0
-0.57 0.0375 0
-0.57 0.125 0
-0.57 0.2125 0
-0.57 0.3 0
-0.57 0.3875 0
-0.57 0.475 0
-0.57 0.5625 0
-0.57 0.65 0
-0.57 0.7375 0
-0.57 0.825 0
-0.57 0.9125 0
-0.57 1 0
-0.505 -2.5 0.0516244
-0.505 -2.4125 0.0825138
-0.505 -2.325 0.131842
-0.505 -2.2375 0.211205
-0.505 -2.15 0.336486
-0.505 -2.0625 0.52711
-0.505 -1.975 0.80659
-0.505 -1.8875 1.20149
-0.505 -1.8 1.74554
-0.505 -1.7125 2.4606
-0.505 -1.625 3.3668
-0.505 -1.5375 4.50709
-0.505 -1.45 5.85564
-0.505 -1.3625 7.42947
-0.505 -1.275 9.18467
-0.505 -1.1875 11.0934
-0.505 -1.1 13.1127
-0.505 -1.0125 15.1656
-0.505 -0.925 17.2084
-0.505 -0.8375 19.3147
-0.505 -0.75 21.5903
-0.505 -0.6625 24.8545
-0.505 -0.575 36.3436
-0.505 -0.4875 24.8636
-0.505 -0.4 0
-0.505 -0.3125 0
-0.505 -0.225 0
-0.505 -0.1375 0
-0.505 -0.05 0
-0.505 0.0375 0
-0.505 0.125 0
-0.505 0.2125 0
-0.505 0.3 0
-0.505 0.3875 0
-0.505 0.475 0
-0.505 0.5625 0
-0.505 0.65 0
-0.505 0.7375 0
-0.505 0.825 0
-0.505 0.9125 0
-0.505 1 0
-0.44 -2.5 0.0498665
-0.44 -2.4125 0.0787683
-0.44 -2.325 0.127638
-0.44 -2.2375 0.204264
-0.44 -2.15 0.324177
-0.44 -2.0625 0.512669
-0.44 -1.975 0.786728
-0.44 -1.8875 1.16943
-0.44 -1.8 1.70053
-0.44 -1.7125 2.40124
-0.44 -1.625 3.30138
-0.44 -1.5375 4.41132
-0.44 -1.45 5.75138
-0.44 -1.3625 7.29837
-0.44 -1.275 9.02298
-0.44 -1.1875 10.8962
-0.44 -1.1 12.8459
-0.44 -1.0125 14.814
-0.44 -0.925 16.6974
-0.44 -0.8375 18.4802
-0.44 -0.75 20.1915
-0.44 -0.6625 22.0344
-0.44 -0.575 25.1671
-0.44 -0.4875 38.8354
-0.44 -0.4 10.5988
-0.44 -0.3125 0
-0.44 -0.225 0
-0.44 -0.1375 0
-0.44 -0.05 0
-0.44 0.0375 0
-0.44 0.125 0
-0.44 0.2125 0
-0.44 0.3 0
-0.44 0.3875 0
-0.44 0.475 0
-0.44 0.5625 0
-0.44 0.65 0
-0.44 0.7375 0
-0.44 0.825 0
-0.44 0.9125 0
-0.44 1 0
-0.375 -2.5 0.0479942
-0.375 -2.4125 0.0765012
-0.375 -2.325 0.122722
-0.375 -2.2375 0.195611
-0.375 -2.15 0.315184
-0.375 -2.0625 0.495682
-0.375 -1.975 0.76097
-0.375 -1.8875 1.13992
-0.375 -1.8 1.66301
-0.375 -1.7125 2.34979
-0.375 -1.625 3.22949
-0.375 -1.5375 4.31782
-0.375 -1.45 5.63097
-0.375 -1.3625 7.15842
-0.375 -1.275 8.86518
-0.375 -1.1875 10.7111
-0.375 -1.1 12.6154
-0.375 -1.0125 14.5413
-0.375 -0.925 16.2913
-0.375 -0.8375 17.8828
-0.375 -0.75 19.3083
-0.375 -0.6625 20.4226
-0.375 -0.575 21.7508
-0.375 -0.4875 24.6555
-0.375 -0.4 35.0002
-0.375 -0.3125 2.06537
-0.375 -0.225 0
-0.375 -0.1375 0
-0.375 -0.05 0
-0.375 0.0375 0
-0.375 0.125 0
-0.375 0.2125 0
-0.375 0.3 0
-0.375 0.3875 0
-0.375 0.475 0
-0.375 0.5625 0
-0.375 0.65 0
-0.375 0.7375 0
-0.375 0.825 0
-0.375 0.9125 0
-0.375 1 0
-0.31 -2.5 0.0470588
-0.31 -2.4125 0.0748215
-0.31 -2.325 0.11776
-0.31 -2.2375 0.189525
-0.31 -2.15 0.303854
-0.31 -2.0625 0.478525
-0.31 -1.975 0.73723
-0.31 -1.8875 1.10789
-0.31 -1.8 1.61477
-0.31 -1.7125 2.29206
-0.31 -1.625 3.1596
-0.31 -1.5375 4.22688
-0.31 -1.45 5.51839
-0.31 -1.3625 7.02506
-0.31 -1.275 8.70757
-0.31 -1.1875 10.5249
-0.31 -1.1 12.3917
-0.31 -1.0125 14.2558
-0.31 -0.925 15.9548
-0.31 -0.8375 17.4162
-0.31 -0.75 18.5902
-0.31 -0.6625 19.3741
-0.31 -0.575 19.8912
-0.31 -0.4875 20.5316
-0.31 -0.4 23.5153
-0.31 -0.3125 24.8493
-0.31 -0.225 0
-0.31 -0.1375 0
-0.31 -0.05 0
-0.31 0.0375 0
-0.31 0.125 0
-0.31 0.2125 0
-0.31 0.3 0
-0.31 0.3875 0
-0.31 0.475 0
-0.31 0.5625 0
-0.31 0.65 0
-0.31 0.7375 0
-0.31 0.825 0
-0.31 0.9125 0
-0.31 1 0
-0.245 -2.5 0.0457208
-0.245 -2.4125 0.0718212
-0.245 -2.325 0.114862
-0.245 -2.2375 0.182519
-0.245 -2.15 0.292449
-0.245 -2.0625 0.46231
-0.245 -1.975 0.714925
-0.245 -1.8875 1.07723
-0.245 -1.8 1.57339
-0.245 -1.7125 2.22785
-0.245 -1.625 3.07775
-0.245 -1.5375 4.13421
-0.245 -1.45 5.41152
-0.245 -1.3625 6.89965
-0.245 -1.275 8.5609
-0.245 -1.1875 10.3295
-0.245 -1.1 12.174
-0.245 -1.0125 13.9973
-0.245 -0.925 15.6274
-0.245 -0.8375 17.0089
-0.245 -0.75 18.0151
-0.245 -0.6625 18.6382
-0.245 -0.575 18.7186
-0.245 -0.4875 18.5
-0.245 -0.4 18.5096
-0.245 -0.3125 22.9635
-0.245 -0.225 12.6453
-0.245 -0.1375 0
-0.245 -0.05 0
-0.245 0.0375 0
-0.245 0.125 0
-0.245 0.2125 0
-0.245 0.3 0
-0.245 0.3875 0
-0.245 0.475 0
-0.245 0.5625 0
-0.245 0.65 0
-0.245 0.7375 0
-0.245 0.825 0
-0.245 0.9125 0
-0.245 1 0
-0.18 -2.5 0.0440398
-0.18 -2.4125 0.0700336
-0.18 -2.325 0.111151
-0.18 -2.2375 0.177391
-0.18 -2.15 0.282557
-0.18 -2.0625 0.444235
-0.18 -1.975 0.690518
-0.18 -1.8875 1.03927
-0.18 -1.8 1.52122
-0.18 -1.7125 2.17095
-0.18 -1.625 2.99573
-0.18 -1.5375 4.03584
-0.18 -1.45 5.29057
-0.18 -1.3625 6.73844
-0.18 -1.275 8.39993
-0.18 -1.1875 10.1541
-0.18 -1.1 11.961
-0.18 -1.0125 13.7293
-0.18 -0.925 15.3248
-0.18 -0.8375 16.6349
-0.18 -0.75 17.5453
-0.18 -0.6625 18.0032
-0.18 -0.575 17.877
-0.18 -0.4875 17.3113
-0.18 -0.4 16.3622
-0.18 -0.3125 15.7829
-0.18 -0.225 20.0492
-0.18 -0.1375 4.31949
-0.18 -0.05 0
-0.18 0.0375 0
-0.18 0.125 0
-0.18 0.2125 0
-0.18 0.3 0
-0.18 0.3875 0
-0.18 0.475 0
-0.18 0.5625 0
-0.18 0.65 0
-0.18 0.7375 0
-0.18 0.825 0
-0.18 0.9125 0
-0.18 1 0
-0.115 -2.5 0.0426249
-0.115 -2.4125 0.0671844
-0.115 -2.325 0.106285
-0.115 -2.2375 0.171376
-0.115 -2.15 0.272042
-0.115 -2.0625 0.429181
-0.115 -1.975 0.667824
-0.115 -1.8875 1.00728
-0.115 -1.8 1.47752
-0.115 -1.7125 2.10498
-0.115 -1.625 2.91195
-0.115 -1.5375 3.93647
-0.115 -1.45 5.16021
-0.115 -1.3625 6.5861
-0.115 -1.275 8.20671
-0.115 -1.1875 9.9497
-0.115 -1.1 11.7411
-0.115 -1.0125 13.4669
-0.115 -0.925 15.0383
-0.115 -0.8375 16.3133
-0.115 -0.75 17.1681
-0.115 -0.6625 17.536
-0.115 -0.575 17.2679
-0.115 -0.4875 16.4445
-0.115 -0.4 15.1247
-0.115 -0.3125 13.579
-0.115 -0.225 12.7353
-0.115 -0.1375 14.8152
-0.115 -0.05 0.580845
-0.115 0.0375 0
-0.115 0.125 0
-0.115 0.2125 0
-0.115 0.3 0
-0.115 0.3875 0
-0.115 0.475 0
-0.115 0.5625 0
-0.115 0.65 0
-0.115 0.7375 0
-0.115 0.825 0
-0.115 0.9125 0
-0.115 1 0
-0.05 -2.5 0.0409401
-0.05 -2.4125 0.0643561
-0.05 -2.325 0.103031
-0.05 -2.2375 0.16334
-0.05 -2.15 0.261396
-0.05 -2.0625 0.411628
-0.05 -1.975 0.640695
-0.05 -1.8875 0.969423
-0.05 -1.8 1.42656
-0.05 -1.7125 2.03849
-0.05 -1.625 2.83306
-0.05 -1.5375 3.82835
-0.05 -1.45 5.03766
-0.05 -1.3625 6.43596
-0.05 -1.275 8.02753
-0.05 -1.1875 9.74819
-0.05 -1.1 11.5277
-0.05 -1.0125 13.2524
-0.05 -0.925 14.7878
-0.05 -0.8375 16.0282
-0.05 -0.75 16.8432
-0.05 -0.6625 17.1299
-0.05 -0.575 16.8038
-0.05 -0.4875 15.8267
-0.05 -0.4 14.2896
-0.05 -0.3125 12.427
-0.05 -0.225 10.5994
-0.05 -0.1375 9.97357
-0.05 -0.05 8.66615
-0.05 0.0375 0
-0.05 0.125 0
-0.05 0.2125 0
-0.05 0.3 0
-0.05 0.3875 0
-0.05 0.475 0
-0.05 0.5625 0
-0.05 0.65 0
-0.05 0.7375 0
-0.05 0.825 0
-0.05 0.9125 0
-0.05 1 0
0.015 -2.5 0.0396164
0.015 -2.4125 0.0628273
0.015 -2.325 0.0988274
0.015 -2.2375 0.1577
0.015 -2.15 0.250559
0.015 -2.0625 0.394871
0.015 -1.975 0.614012
0.015 -1.8875 0.932785
0.015 -1.8 1.3765
0.015 -1.7125 1.97085
0.015 -1.625 2.74831
0.015 -1.5375 3.72324
0.015 -1.45 4.91284
0.015 -1.3625 6.29082
0.015 -1.275 7.8569
0.015 -1.1875 9.55072
0.015 -1.1 11.3121
0.015 -1.0125 13.0034
0.015 -0.925 14.539
0.015 -0.8375 15.7877
0.015 -0.75 16.509
0.015 -0.6625 16.7977
0.015 -0.575 16.3946
0.015 -0.4875 15.3518
0.015 -0.4 13.6813
0.015 -0.3125 11.6243
0.015 -0.225 9.54167
0.015 -0.1375 7.76221
0.015 -0.05 8.08451
0.015 0.0375 3.64145
0.015 0.125 0
0.015 0.2125 0
0.015 0.3 0
0.015 0.3875 0
0.015 0.475 0
0.015 0.5625 0
0.015 0.65 0
0.015 0.7375 0
0.015 0.825 0
0.015 0.9125 0
0.015 1 0
0.08 -2.5 0.038544
0.08 -2.4125 0.0593266
0.08 -2.325 0.0938594
0.08 -2.2375 0.150647
0.08 -2.15 0.241056
0.08 -2.0625 0.379273
0.08 -1.975 0.590237
0.08 -1.8875 0.894588
0.08 -1.8 1.32746
0.08 -1.7125 1.90628
0.08 -1.625 2.66214
0.08 -1.5375 3.61225
0.08 -1.45 4.77014
0.08 -1.3625 6.12732
0.08 -1.275 7.66965
0.08 -1.1875 9.33396
0.08 -1.1 11.0884
0.08 -1.0125 12.7599
0.08 -0.925 14.2626
0.08 -0.8375 15.5089
0.08 -0.75 16.2678
0.08 -0.6625 16.502
0.08 -0.575 16.0533
0.08 -0.4875 14.9448
0.08 -0.4 13.2117
0.08 -0.3125 11.1041
0.08 -0.225 8.83277
0.08 -0.1375 6.88251
0.08 -0.05 5.45421
0.08 0.0375 5.93882
0.08 0.125 1.03728
0.08 0.2125 0
0.08 0.3 0
0.08 0.3875 0
0.08 0.475 0
0.08 0.5625 0
0.08 0.65 0
0.08 0.7375 0
0.08 0.825 0
0.08 0.9125 0
0.08 1 0
0.145 -2.5 0.0368356
0.145 -2.4125 0.0572482
0.145 -2.325 0.0903303
0.145 -2.2375 0.143773
0.145 -2.15 0.228957
0.145 -2.0625 0.362137
0.145 -1.975 0.564062
0.145 -1.8875 0.858811
0.145 -1.8 1.27415
0.145 -1.7125 1.83738
0.145 -1.625 2.57128
0.145 -1.5375 3.50081
0.145 -1.45 4.63857
0.145 -1.3625 5.96714
0.145 -1.275 7.45588
0.145 -1.1875 9.11406
0.145 -1.1 10.8302
0.145 -1.0125 12.5005
0.145 -0.925 14.0068
0.145 -0.8375 15.2402
0.145 -0.75 15.9885
0.145 -0.6625 16.2061
0.145 -0.575 15.7964
0.145 -0.4875 14.615
0.145 -0.4 12.8489
0.145 -0.3125 10.6601
0.145 -0.225 8.41427
0.145 -0.1375 6.31824
0.145 -0.05 4.67573
0.145 0.0375 3.71258
0.145 0.125 3.7345
0.145 0.2125 0.0945677
0.145 0.3 0
0.145 0.3875 0
0.145 0.475 0
0.145 0.5625 0
0.145 0.65 0
0.145 0.7375 0
0.145 0.825 0
0.145 0.9125 0
0.145 1 0
0.21 -2.5 0.0355882
0.21 -2.4125 0.0551782
0.21 -2.325 0.086748
0.21 -2.2375 0.137788
0.21 -2.15 0.219319
0.21 -2.0625 0.346184
0.21 -1.975 0.53902
0.21 -1.8875 0.82411
0.21 -1.8 1.2206
0.21 -1.7125 1.76544
0.21 -1.625 2.47645
0.21 -1.5375 3.37732
0.21 -1.45 4.4866
0.21 -1.3625 5.79311
0.21 -1.275 7.26194
0.21 -1.1875 8.88133
0.21 -1.1 10.5743
0.21 -1.0125 12.2434
0.21 -0.925 13.7357
0.21 -0.8375 14.9209
0.21 -0.75 15.7234
0.21 -0.6625 15.8884
0.21 -0.575 15.509
0.21 -0.4875 14.3643
0.21 -0.4 12.611
0.21 -0.3125 10.4105
0.21 -0.225 8.06641
0.21 -0.1375 5.95939
0.21 -0.05 4.31226
0.21 0.0375 3.05159
0.21 0.125 2.54145
0.21 0.2125 1.89554
0.21 0.3 0
0.21 0.3875 0
0.21 0.475 0
0.21 0.5625 0
0.21 0.65 0
0.21 0.7375 0
0.21 0.825 0
0.21 0.9125 0
0.21 1 0
0.275 -2.5 0.0344957
0.275 -2.4125 0.0525797
0.275 -2.325 0.0831021
0.275 -2.2375 0.13191
0.275 -2.15 0.209518
0.275 -2.0625 0.331509
0.275 -1.975 0.517647
0.275 -1.8875 0.786083
0.275 -1.8 1.16956
0.275 -1.7125 1.69237
0.275 -1.625 2.38648
0.275 -1.5375 3.26265
0.275 -1.45 4.33817
0.275 -1.3625 5.61163
0.275 -1.275 7.0546
0.275 -1.1875 8.62956
0.275 -1.1 10.292
0.275 -1.0125 11.9313
0.275 -0.925 13.4452
0.275 -0.8375 14.6127
0.275 -0.75 15.4132
0.275 -0.6625 15.5906
0.275 -0.575 15.1997
0.275 -0.4875 14.1038
0.275 -0.4 12.3149
0.275 -0.3125 10.1481
0.275 -0.225 7.81897
0.275 -0.1375 5.6949
0.275 -0.05 4.0224
0.275 0.0375 2.80123
0.275 0.125 1.97401
0.275 0.2125 1.79528
0.275 0.3 0.669958
0.275 0.3875 0
0.275 0.475 0
0.275 0.5625 0
0.275 0.65 0
0.275 0.7375 0
0.275 0.825 0
0.275 0.9125 0
0.275 1 0
0.34 -2.5 0.0330161
0.34 -2.4125 0.0510603
0.34 -2.325 0.0791772
0.34 -2.2375 0.125361
0.34 -2.15 0.199934
0.34 -2.0625 0.314277
0.34 -1.975 0.492182
0.34 -1.8875 0.751044
0.34 -1.8 1.11745
0.34 -1.7125 1.61653
0.34 -1.625 2.29298
0.34 -1.5375 3.14473
0.34 -1.45 4.18866
0.34 -1.3625 5.43216
0.34 -1.275 6.85139
0.34 -1.1875 8.40413
0.34 -1.1 10.0451
0.34 -1.0125 11.6508
0.34 -0.925 13.1398
0.34 -0.8375 14.3041
0.34 -0.75 15.0836
0.34 -0.6625 15.3073
0.34 -0.575 14.9129
0.34 -0.4875 13.8133
0.34 -0.4 12.0615
0.34 -0.3125 9.89152
0.34 -0.225 7.61833
0.34 -0.1375 5.51726
0.34 -0.05 3.80533
0.34 0.0375 2.59262
0.34 0.125 1.75888
0.34 0.2125 1.21266
0.34 0.3 1.12571
0.34 0.3875 0.154116
0.34 0.475 0
0.34 0.5625 0
0.34 0.65 0
0.34 0.7375 0
0.34 0.825 0
0.34 0.9125 0
0.34 1 0
0.405 -2.5 0.0316139
0.405 -2.4125 0.0479418
0.405 -2.325 0.0760016
0.405 -2.2375 0.118819
0.405 -2.15 0.190002
0.405 -2.0625 0.298784
0.405 -1.975 0.467186
0.405 -1.8875 0.713287
0.405 -1.8 1.06742
0.405 -1.7125 1.55383
0.405 -1.625 2.19972
0.405 -1.5375 3.02727
0.405 -1.45 4.04423
0.405 -1.3625 5.25044
0.405 -1.275 6.64006
0.405 -1.1875 8.14855
0.405 -1.1 9.76368
0.405 -1.0125 11.3724
0.405 -0.925 12.8454
0.405 -0.8375 14.0116
0.405 -0.75 14.7831
0.405 -0.6625 15.0483
0.405 -0.575 14.5781
0.405 -0.4875 13.5367
0.405 -0.4 11.8591
0.405 -0.3125 9.6761
0.405 -0.225 7.44863
0.405 -0.1375 5.32198
0.405 -0.05 3.65779
0.405 0.0375 2.46121
0.405 0.125 1.59768
0.405 0.2125 1.05517
0.405 0.3 0.714434
0.405 0.3875 0.598752
0.405 0.475 0.00747552
0.405 0.5625 0
0.405 0.65 0
0.405 0.7375 0
0.405 0.825 0
0.405 0.9125 0
0.405 1 0
0.47 -2.5 0.0303814
0.47 -2.4125 0.0461405
0.47 -2.325 0.0715035
0.47 -2.2375 0.113308
0.47 -2.15 0.179819
0.47 -2.0625 0.284997
0.47 -1.975 0.442246
0.47 -1.8875 0.675692
0.47 -1.8 1.01235
0.47 -1.7125 1.4759
0.47 -1.625 2.09742
0.47 -1.5375 2.90099
0.47 -1.45 3.88301
0.47 -1.3625 5.06441
0.47 -1.275 6.41993
0.47 -1.1875 7.90325
0.47 -1.1 9.46175
0.47 -1.0125 11.06
0.47 -0.925 12.5051
0.47 -0.8375 13.7164
0.47 -0.75 14.4925
0.47 -0.6625 14.7826
0.47 -0.575 14.3198
0.47 -0.4875 13.256
0.47 -0.4 11.6108
0.47 -0.3125 9.48497
0.47 -0.225 7.26266
0.47 -0.1375 5.22192
0.47 -0.05 3.54928
0.47 0.0375 2.34849
0.47 0.125 1.50859
0.47 0.2125 0.964734
0.47 0.3 0.584723
0.47 0.3875 0.407086
0.47 0.475 0.242956
0.47 0.5625 0
0.47 0.65 0
0.47 0.7375 0
0.47 0.825 0
0.47 0.9125 0
0.47 1 0
0.535 -2.5 0.0290379
0.535 -2.4125 0.0441898
0.535 -2.325 0.0688068
0.535 -2.2375 0.10641
0.535 -2.15 0.170918
0.535 -2.0625 0.268573
0.535 -1.975 0.418503
0.535 -1.8875 0.641999
0.535 -1.8 0.961611
0.535 -1.7125 1.40712
0.535 -1.625 2.00196
0.535 -1.5375 2.77016
0.535 -1.45 3.72608
0.535 -1.3625 4.86486
0.535 -1.275 6.1853
0.535 -1.1875 7.6451
0.535 -1.1 9.18102
0.535 -1.0125 10.7376
0.535 -0.925 12.1529
0.535 -0.8375 13.3721
0.535 -0.75 14.1642
0.535 -0.6625 14.4521
0.535 -0.575 14.1022
0.535 -0.4875 13.054
0.535 -0.4 11.3966
0.535 -0.3125 9.32413
0.535 -0.225 7.11553
0.535 -0.1375 5.07794
0.535 -0.05 3.48053
0.535 0.0375 2.2485
0.535 0.125 1.44802
0.535 0.2125 0.871726
0.535 0.3 0.526263
0.535 0.3875 0.315302
0.535 0.475 0.246552
0.535 0.5625 0.0723583
0.535 0.65 0
0.535 0.7375 0
0.535 0.825 0
0.535 0.9125 0
0.535 1 0
0.6 -2.5 0.0276466
0.6 -2.4125 0.0419592
0.6 -2.325 0.0649234
0.6 -2.2375 0.100963
0.6 -2.15 0.161308
0.6 -2.0625 0.253912
0.6 -1.975 0.397317
0.6 -1.8875 0.610684
0.6 -1.8 0.911902
0.6 -1.7125 1.33553
0.6 -1.625 1.90201
0.6 -1.5375 2.63374
0.6 -1.45 3.56078
0.6 -1.3625 4.67106
0.6 -1.275 5.95815
0.6 -1.1875 7.38433
0.6 -1.1 8.87953
0.6 -1.0125 10.3911
0.6 -0.925 11.8197
0.6 -0.8375 12.9797
0.6 -0.75 13.8168
0.6 -0.6625 14.1302
0.6 -0.575 13.8016
0.6 -0.4875 12.7809
0.6 -0.4 11.1745
0.6 -0.3125 9.11734
0.6 -0.225 6.97305
0.6 -0.1375 4.96325
0.6 -0.05 3.3495
0.6 0.0375 2.2179
0.6 0.125 1.39324
0.6 0.2125 0.85
0.6 0.3 0.481175
0.6 0.3875 0.280906
0.6 0.475 0.173908
0.6 0.5625 0.124232
0.6 0.65 0.0154215
0.6 0.7375 0
0.6 0.825 0
0.6 0.9125 0
0.6 1 0
0.665 -2.5 0.0267128
0.665 -2.4125 0.0400949
0.665 -2.325 0.0619526
0.665 -2.2375 0.0966149
0.665 -2.15 0.152846
0.665 -2.0625 0.239525
0.665 -1.975 0.376439
0.665 -1.8875 0.574957
0.665 -1.8 0.860859
0.665 -1.7125 1.26396
0.665 -1.625 1.80679
0.665 -1.5375 2.50602
0.665 -1.45 3.40049
0.665 -1.3625 4.47118
0.665 -1.275 5.71566
0.665 -1.1875 7.10526
0.665 -1.1 8.57979
0.665 -1.0125 10.0621
0.665 -0.925 11.4823
0.665 -0.8375 12.5755
0.665 -0.75 13.4502
0.665 -0.6625 13.7836
0.665 -0.575 13.4699
0.665 -0.4875 12.4944
0.665 -0.4 10.9195
0.665 -0.3125 8.94577
0.665 -0.225 6.79209
0.665 -0.1375 4.85168
0.665 -0.05 3.22595
0.665 0.0375 2.13323
0.665 0.125 1.34203
0.665 0.2125 0.826734
0.665 0.3 0.458359
0.665 0.3875 0.254221
0.665 0.475 0.141348
0.665 0.5625 0.0849701
0.665 0.65 0.057903
0.665 0.7375 0.000401649
0.665 0.825 0
0.665 0.9125 0
0.665 1 0
0.73 -2.5 0.0262621
0.73 -2.4125 0.0388774
0.73 -2.325 0.0597359
0.73 -2.2375 0.0916353
0.73 -2.15 0.143809
0.73 -2.0625 0.226597
0.73 -1.975 0.354267
0.73 -1.8875 0.540127
0.73 -1.8 0.813385
0.73 -1.7125 1.19787
0.73 -1.625 1.71109
0.73 -1.5375 2.38618
0.73 -1.45 3.23605
0.73 -1.3625 4.26869
0.73 -1.275 5.46491
0.73 -1.1875 6.82854
0.73 -1.1 8.27867
0.73 -1.0125 9.73038
0.73 -0.925 11.1191
0.73 -0.8375 12.2369
0.73 -0.75 13.0796
0.73 -0.6625 13.4183
0.73 -0.575 13.1331
0.73 -0.4875 12.2124
0.73 -0.4 10.69
0.73 -0.3125 8.75347
0.73 -0.225 6.64069
0.73 -0.1375 4.74719
0.73 -0.05 3.17764
0.73 0.0375 2.03794
0.73 0.125 1.2955
0.73 0.2125 0.766002
0.73 0.3 0.44377
0.73 0.3875 0.230779
0.73 0.475 0.131881
0.73 0.5625 0.0629447
0.73 0.65 0.0406493
0.73 0.7375 0.0230662
0.73 0.825 0
0.73 0.9125 0
0.73 1 0
0.795 -2.5 0.0244894
0.795 -2.4125 0.0363853
0.795 -2.325 0.056266
0.795 -2.2375 0.0859777
0.795 -2.15 0.134641
0.795 -2.0625 0.212219
0.795 -1.975 0.331378
0.795 -1.8875 0.50862
0.795 -1.8 0.76622
0.795 -1.7125 1.12737
0.795 -1.625 1.6154
0.795 -1.5375 2.26217
0.795 -1.45 3.08024
0.795 -1.3625 4.0714
0.795 -1.275 5.23176
0.795 -1.1875 6.54259
0.795 -1.1 7.95608
0.795 -1.0125 9.36501
0.795 -0.925 10.6916
0.795 -0.8375 11.8527
0.795 -0.75 12.6707
0.795 -0.6625 13.065
0.795 -0.575 12.8156
0.795 -0.4875 11.9052
0.795 -0.4 10.493
0.795 -0.3125 8.5427
0.795 -0.225 6.48607
0.795 -0.1375 4.59983
0.795 -0.05 3.09643
0.795 0.0375 2.00115
0.795 0.125 1.23743
0.795 0.2125 0.751765
0.795 0.3 0.413161
0.795 0.3875 0.224316
0.795 0.475 0.109836
0.795 0.5625 0.0597429
0.795 0.65 0.0298107
0.795 0.7375 0.0229369
0.795 0.825 0.00732776
0.795 0.9125 0
0.795 1 0
0.86 -2.5 0.0229124
0.86 -2.4125 0.0343184
0.86 -2.325 0.0531598
0.86 -2.2375 0.0809868
0.86 -2.15 0.126765
0.86 -2.0625 0.198633
0.86 -1.975 0.309922
0.86 -1.8875 0.47613
0.86 -1.8 0.717432
0.86 -1.7125 1.0571
0.86 -1.625 1.52379
0.86 -1.5375 2.1373
0.86 -1.45 2.91907
0.86 -1.3625 3.87978
0.86 -1.275 5.0171
0.86 -1.1875 6.27419
0.86 -1.1 7.6374
0.86 -1.0125 9.00411
0.86 -0.925 10.3116
0.86 -0.8375 11.4434
0.86 -0.75 12.2088
0.86 -0.6625 12.6313
0.86 -0.575 12.4501
0.86 -0.4875 11.5959
0.86 -0.4 10.218
0.86 -0.3125 8.34101
0.86 -0.225 6.32718
0.86 -0.1375 4.47099
0.86 -0.05 2.99728
0.86 0.0375 1.93133
0.86 0.125 1.2071
0.86 0.2125 0.718714
0.86 0.3 0.407247
0.86 0.3875 0.209915
0.86 0.475 0.106381
0.86 0.5625 0.0516283
0.86 0.65 0.0280428
0.86 0.7375 0.0132121
0.86 0.825 0.0135121
0.86 0.9125 0.0014981
0.86 1 0
0.925 -2.5 0.0220109
0.925 -2.4125 0.0326855
0.925 -2.325 0.0496219
0.925 -2.2375 0.0763914
0.925 -2.15 0.118075
0.925 -2.0625 0.186065
0.925 -1.975 0.288735
0.925 -1.8875 0.447456
0.925 -1.8 0.676119
0.925 -1.7125 0.997438
0.925 -1.625 1.43612
0.925 -1.5375 2.0118
0.925 -1.45 2.76354
0.925 -1.3625 3.67126
0.925 -1.275 4.75474
0.925 -1.1875 5.99366
0.925 -1.1 7.33077
0.925 -1.0125 8.66156
0.925 -0.925 9.93687
0.925 -0.8375 11.0317
0.925 -0.75 11.8106
0.925 -0.6625 12.1828
0.925 -0.575 12.0589
0.925 -0.4875 11.2167
0.925 -0.4 9.87913
0.925 -0.3125 8.12493
0.925 -0.225 6.18385
0.925 -0.1375 4.37745
0.925 -0.05 2.88484
0.925 0.0375 1.90719
0.925 0.125 1.17515
0.925 0.2125 0.676587
0.925 0.3 0.394757
0.925 0.3875 0.205016
0.925 0.475 0.111215
0.925 0.5625 0.0485973
0.925 0.65 0.0217487
0.925 0.7375 0.0115299
0.925 0.825 0.00810627
0.925 0.9125 0.00602166
0.925 1 6.94998e-06
0.99 -2.5 0.0207688
0.99 -2.4125 0.0315006
0.99 -2.325 0.0472293
0.99 -2.2375 0.0714388
0.99 -2.15 0.110045
0.99 -2.0625 0.17344
0.99 -1.975 0.269969
0.99 -1.8875 0.417992
0.99 -1.8 0.630585
0.99 -1.7125 0.933231
0.99 -1.625 1.34968
0.99 -1.5375 1.89652
0.99 -1.45 2.59935
0.99 -1.3625 3.46661
0.99 -1.275 4.50093
0.99 -1.1875 5.69798
0.99 -1.1 6.99147
0.99 -1.0125 8.31927
0.99 -0.925 9.55153
0.99 -0.8375 10.616
0.99 -0.75 11.4027
0.99 -0.6625 11.7592
0.99 -0.575 11.6548
0.99 -0.4875 10.8739
0.99 -0.4 9.57401
0.99 -0.3125 7.88212
0.99 -0.225 6.01825
0.99 -0.1375 4.26531
0.99 -0.05 2.82888
0.99 0.0375 1.82133
0.99 0.125 1.14963
0.99 0.2125 0.680869
0.99 0.3 0.372215
0.99 0.3875 0.198258
0.99 0.475 0.100473
0.99 0.5625 0.0468296
0.99 0.65 0.020258
0.99 0.7375 0.010832
0.99 0.825 0.00622202
0.99 0.9125 0.00373626
0.99 1 0.00240133
1.055 -2.5 0.0194076
1.055 -2.4125 0.0291476
1.055 -2.325 0.0434772
1.055 -2.2375 0.0671812
1.055 -2.15 0.10375
1.055 -2.0625 0.160143
1.055 -1.975 0.250769
1.055 -1.8875 0.387667
1.055 -1.8 0.589847
1.055 -1.7125 0.871751
1.055 -1.625 1.26186
1.055 -1.5375 1.77699
1.055 -1.45 2.44531
1.055 -1.3625 3.27831
1.055 -1.275 4.26995
1.055 -1.1875 5.40982
1.055 -1.1 6.64538
1.055 -1.0125 7.95535
1.055 -0.925 9.17357
1.055 -0.8375 10.2017
1.055 -0.75 10.9952
1.055 -0.6625 11.3629
1.055 -0.575 11.196
1.055 -0.4875 10.5536
1.055 -0.4 9.2837
1.055 -0.3125 7.66477
1.055 -0.225 5.84949
1.055 -0.1375 4.13354
1.055 -0.05 2.77622
1.055 0.0375 1.764
1.055 0.125 1.09755
1.055 0.2125 0.660886
1.055 0.3 0.377236
1.055 0.3875 0.190277
1.055 0.475 0.0962835
1.055 0.5625 0.0427642
1.055 0.65 0.0207293
1.055 0.7375 0.00884115
1.055 0.825 0.00348873
1.055 0.9125 0.00336738
1.055 1 0.00243923
1.12 -2.5 0.018041
1.12 -2.4125 0.0279058
1.12 -2.325 0.0409847
1.12 -2.2375 0.0630638
1.12 -2.15 0.0963674
1.12 -2.0625 0.15033
1.12 -1.975 0.231809
1.12 -1.8875 0.357681
1.12 -1.8 0.546786
1.12 -1.7125 0.809153
1.12 -1.625 1.1768
1.12 -1.5375 1.66435
1.12 -1.45 2.2937
1.12 -1.3625 3.07569
1.12 -1.275 4.03209
1.12 -1.1875 5.12153
1.12 -1.1 6.31297
1.12 -1.0125 7.56775
1.12 -0.925 8.77841
1.12 -0.8375 9.81067
1.12 -0.75 10.56
1.12 -0.6625 10.9434
1.12 -0.575 10.8301
1.12 -0.4875 10.1943
1.12 -0.4 8.98513
1.12 -0.3125 7.40255
1.12 -0.225 5.6191
1.12 -0.1375 3.96722
1.12 -0.05 2.66757
1.12 0.0375 1.72851
1.12 0.125 1.04947
1.12 0.2125 0.628464
1.12 0.3 0.362642
1.12 0.3875 0.189621
1.12 0.475 0.0897045
1.12 0.5625 0.0449483
1.12 0.65 0.0172824
1.12 0.7375 0.00852017
1.12 0.825 0.00437014
1.12 0.9125 0.00220185
1.12 1 0.00185274
1.185 -2.5 0.016862
1.185 -2.4125 0.0254029
1.185 -2.325 0.0386036
1.185 -2.2375 0.0576497
1.185 -2.15 0.0890314
1.185 -2.0625 0.137969
1.185 -1.975 0.213673
1.185 -1.8875 0.330404
1.185 -1.8 0.503588
1.185 -1.7125 0.750577
1.185 -1.625 1.09125
1.185 -1.5375 1.5465
1.185 -1.45 2.13399
1.185 -1.3625 2.87587
1.185 -1.275 3.78368
1.185 -1.1875 4.82619
1.185 -1.1 5.97576
1.185 -1.0125 7.18957
1.185 -0.925 8.37841
1.185 -0.8375 9.39446
1.185 -0.75 10.1713
1.185 -0.6625 10.5145
1.185 -0.575 10.447
1.185 -0.4875 9.79644
1.185 -0.4 8.71783
1.185 -0.3125 7.13167
1.185 -0.225 5.42493
1.185 -0.1375 3.8229
1.185 -0.05 2.5508
1.185 0.0375 1.64346
1.185 0.125 0.995952
1.185 0.2125 0.603607
1.185 0.3 0.34566
1.185 0.3875 0.183656
1.185 0.475 0.0808981
1.185 0.5625 0.0410488
1.185 0.65 0.0173426
1.185 0.7375 0.00810825
1.185 0.825 0.00372966
1.185 0.9125 0.00247528
1.185 1 0.00127055
1.25 -2.5 0.0158772
1.25 -2.4125 0.0235433
1.25 -2.325 0.0359071
1.25 -2.2375 0.0537577
1.25 -2.15 0.0819969
1.25 -2.0625 0.127345
1.25 -1.975 0.197539
1.25 -1.8875 0.30342
1.25 -1.8 0.46318
1.25 -1.7125 0.689055
1.25 -1.625 1.00779
1.25 -1.5375 1.43222
1.25 -1.45 1.98791
1.25 -1.3625 2.68824
1.25 -1.275 3.53345
1.25 -1.1875 4.53554
1.25 -1.1 5.64181
1.25 -1.0125 6.81174
1.25 -0.925 7.97582
1.25 -0.8375 8.98178
1.25 -0.75 9.73622
1.25 -0.6625 10.1109
1.25 -0.575 10.0073
1.25 -0.4875 9.42221
1.25 -0.4 8.36221
1.25 -0.3125 6.89348
1.25 -0.225 5.25743
1.25 -0.1375 3.68843
1.25 -0.05 2.44561
1.25 0.0375 1.57234
1.25 0.125 0.974112
1.25 0.2125 0.573444
1.25 0.3 0.325209
1.25 0.3875 0.180151
1.25 0.475 0.0901694
1.25 0.5625 0.0393831
1.25 0.65 0.0182027
1.25 0.7375 0.00719795
1.25 0.825 0.00430866
1.25 0.9125 0.000956799
1.25 1 0.00150399
1.315 -2.5 0.0145212
1.315 -2.4125 0.021904
1.315 -2.325 0.0330941
1.315 -2.2375 0.0505624
1.315 -2.15 0.0760341
1.315 -2.0625 0.117121
1.315 -1.975 0.180745
1.315 -1.8875 0.277534
1.315 -1.8 0.423757
1.315 -1.7125 0.633835
1.315 -1.625 0.928589
1.315 -1.5375 1.32252
1.315 -1.45 1.83943
1.315 -1.3625 2.49695
1.315 -1.275 3.29315
1.315 -1.1875 4.23721
1.315 -1.1 5.30837
1.315 -1.0125 6.43848
1.315 -0.925 7.55797
1.315 -0.8375 8.54678
1.315 -0.75 9.29552
1.315 -0.6625 9.66802
1.315 -0.575 9.60641
1.315 -0.4875 9.06082
1.315 -0.4 8.00051
1.315 -0.3125 6.66179
1.315 -0.225 5.06884
1.315 -0.1375 3.58215
1.315 -0.05 2.34743
1.315 0.0375 1.50171
1.315 0.125 0.948841
1.315 0.2125 0.566692
1.315 0.3 0.314102
1.315 0.3875 0.171312
1.315 0.475 0.0961658
1.315 0.5625 0.0390929
1.315 0.65 0.0191275
1.315 0.7375 0.0093134
1.315 0.825 0.0030612
1.315 0.9125 0.00119842
1.315 1 0.000451671
1.38 -2.5 0.0137376
1.38 -2.4125 0.0205829
1.38 -2.325 0.0311546
1.38 -2.2375 0.0466047
1.38 -2.15 0.0708379
1.38 -2.0625 0.107758
1.38 -1.975 0.165369
1.38 -1.8875 0.254261
1.38 -1.8 0.386199
1.38 -1.7125 0.580524
1.38 -1.625 0.854144
1.38 -1.5375 1.21714
1.38 -1.45 1.69723
1.38 -1.3625 2.31656
1.38 -1.275 3.07022
1.38 -1.1875 3.95634
1.38 -1.1 4.96564
1.38 -1.0125 6.0456
1.38 -0.925 7.12933
1.38 -0.8375 8.08884
1.38 -0.75 8.85079
1.38 -0.6625 9.23654
1.38 -0.575 9.16724
1.38 -0.4875 8.70498
1.38 -0.4 7.66509
1.38 -0.3125 6.35205
1.38 -0.225 4.8573
1.38 -0.1375 3.42037
1.38 -0.05 2.28992
1.38 0.0375 1.45024
1.38 0.125 0.873791
1.38 0.2125 0.540735
1.38 0.3 0.299518
1.38 0.3875 0.166329
1.38 0.475 0.0874885
1.38 0.5625 0.0434113
1.38 0.65 0.0173865
1.38 0.7375 0.00961223
1.38 0.825 0.00328878
1.38 0.9125 0.00199991
1.38 1 0.000188112
1.445 -2.5 0.0125999
1.445 -2.4125 0.0189394
1.445 -2.325 0.0285359
1.445 -2.2375 0.0429293
1.445 -2.15 0.0651404
1.445 -2.0625 0.0992811
1.445 -1.975 0.150451
1.445 -1.8875 0.230384
1.445 -1.8 0.350538
1.445 -1.7125 0.52489
1.445 -1.625 0.774895
1.445 -1.5375 1.11956
1.445 -1.45 1.55918
1.445 -1.3625 2.14144
1.445 -1.275 2.84344
1.445 -1.1875 3.67568
1.445 -1.1 4.63662
1.445 -1.0125 5.65832
1.445 -0.925 6.72501
1.445 -0.8375 7.65882
1.445 -0.75 8.38954
1.445 -0.6625 8.79193
1.445 -0.575 8.77832
1.445 -0.4875 8.31185
1.445 -0.4 7.38689
1.445 -0.3125 6.05284
1.445 -0.225 4.68336
1.445 -0.1375 3.25682
1.445 -0.05 2.17792
1.445 0.0375 1.39675
1.445 0.125 0.8499
1.445 0.2125 0.493836
1.445 0.3 0.283724
1.445 0.3875 0.151419
1.445 0.475 0.0812321
1.445 0.5625 0.0345182
1.445 0.65 0.0192045
1.445 0.7375 0.00820845
1.445 0.825 0.00453646
1.445 0.9125 0.00100387
1.445 1 0.00108236
1.51 -2.5 0.0115755
1.51 -2.4125 0.0175425
1.51 -2.325 0.0258139
1.51 -2.2375 0.0392761
1.51 -2.15 0.0595466
1.51 -2.0625 0.0898947
1.51 -1.975 0.137498
1.51 -1.8875 0.208912
1.51 -1.8 0.317513
1.51 -1.7125 0.476429
1.51 -1.625 0.705015
1.51 -1.5375 1.02224
1.51 -1.45 1.43491
1.51 -1.3625 1.97145
1.51 -1.275 2.6232
1.51 -1.1875 3.40134
1.51 -1.1 4.30309
1.51 -1.0125 5.28158
1.51 -0.925 6.28118
1.51 -0.8375 7.22458
1.51 -0.75 7.95305
1.51 -0.6625 8.39139
1.51 -0.575 8.34917
1.51 -0.4875 7.90259
1.51 -0.4 7.00752
1.51 -0.3125 5.76919
1.51 -0.225 4.38388
1.51 -0.1375 3.15746
1.51 -0.05 2.03465
1.51 0.0375 1.34252
1.51 0.125 0.812507
1.51 0.2125 0.478537
1.51 0.3 0.264413
1.51 0.3875 0.134991
1.51 0.475 0.0726018
1.51 0.5625 0.0332411
1.51 0.65 0.0143061
1.51 0.7375 0.00844024
1.51 0.825 0.00423384
1.51 0.9125 0.00202126
1.51 1 0.000277345
1.575 -2.5 0.010492
1.575 -2.4125 0.0159203
1.575 -2.325 0.0236469
1.575 -2.2375 0.0359311
1.575 -2.15 0.0547009
1.575 -2.0625 0.081658
1.575 -1.975 0.124093
1.575 -1.8875 0.189756
1.575 -1.8 0.285909
1.575 -1.7125 0.431207
1.575 -1.625 0.6398
1.575 -1.5375 0.932053
1.575 -1.45 1.31295
1.575 -1.3625 1.80192
1.575 -1.275 2.41058
1.575 -1.1875 3.14023
1.575 -1.1 3.97837
1.575 -1.0125 4.89268
1.575 -0.925 5.8468
1.575 -0.8375 6.75517
1.575 -0.75 7.48404
1.575 -0.6625 7.9266
1.575 -0.575 7.96177
1.575 -0.4875 7.50849
1.575 -0.4 6.64352
1.575 -0.3125 5.53209
1.575 -0.225 4.14512
1.575 -0.1375 2.91984
1.575 -0.05 1.9677
1.575 0.0375 1.23307
1.575 0.125 0.791845
1.575 0.2125 0.451936
1.575 0.3 0.258657
1.575 0.3875 0.132208
1.575 0.475 0.0690141
1.575 0.5625 0.0378354
1.575 0.65 0.0139782
1.575 0.7375 0.0072294
1.575 0.825 0.00299224
1.575 0.9125 0.00315904
1.575 1 0.00067886
1.64 -2.5 0.00960484
1.64 -2.4125 0.0144216
1.64 -2.325 0.0219254
1.64 -2.2375 0.0327907
1.64 -2.15 0.049374
1.64 -2.0625 0.0741099
1.64 -1.975 0.11267
1.64 -1.8875 0.171205
1.64 -1.8 0.257944
1.64 -1.7125 0.389869
1.64 -1.625 0.577525
1.64 -1.5375 0.843164
1.64 -1.45 1.20178
1.64 -1.3625 1.65179
1.64 -1.275 2.21591
1.64 -1.1875 2.89272
1.64 -1.1 3.66647
1.64 -1.0125 4.53628
1.64 -0.925 5.42432
1.64 -0.8375 6.30687
1.64 -0.75 6.98313
1.64 -0.6625 7.45235
1.64 -0.575 7.53545
1.64 -0.4875 7.18843
1.64 -0.4 6.30948
1.64 -0.3125 5.21736
1.64 -0.225 4.00448
1.64 -0.1375 2.7507
1.64 -0.05 1.82811
1.64 0.0375 1.18048
1.64 0.125 0.733953
1.64 0.2125 0.44057
1.64 0.3 0.244679
1.64 0.3875 0.13212
1.64 0.475 0.0633062
1.64 0.5625 0.034375
1.64 0.65 0.0155997
1.64 0.7375 0.00530277
1.64 0.825 0.00400776
1.64 0.9125 0.00138899
1.64 1 0.00204003
1.705 -2.5 0.008447
1.705 -2.4125 0.0128142
1.705 -2.325 0.0192305
1.705 -2.2375 0.0295951
1.705 -2.15 0.0440877
1.705 -2.0625 0.0662777
1.705 -1.975 0.1017
1.705 -1.8875 0.153275
1.705 -1.8 0.232559
1.705 -1.7125 0.349182
1.705 -1.625 0.522548
1.705 -1.5375 0.764202
1.705 -1.45 1.08899
1.705 -1.3625 1.50029
1.705 -1.275 2.02538
1.705 -1.1875 2.65581
1.705 -1.1 3.38421
1.705 -1.0125 4.18584
1.705 -0.925 5.00879
1.705 -0.8375 5.83466
1.705 -0.75 6.53992
1.705 -0.6625 6.96414
1.705 -0.575 7.11293
1.705 -0.4875 6.82525
1.705 -0.4 6.06841
1.705 -0.3125 4.93657
1.705 -0.225 3.76543
1.705 -0.1375 2.60873
1.705 -0.05 1.69921
1.705 0.0375 1.12318
1.705 0.125 0.691144
1.705 0.2125 0.415058
1.705 0.3 0.227376
1.705 0.3875 0.122149
1.705 0.475 0.0586455
1.705 0.5625 0.0293449
1.705 0.65 0.0163089
1.705 0.7375 0.00588532
1.705 0.825 0.00161166
1.705 0.9125 0.00178069
1.705 1 0.00125093
1.77 -2.5 0.00810334
1.77 -2.4125 0.0120885
1.77 -2.325 0.0181448
1.77 -2.2375 0.0273596
1.77 -2.15 0.0404545
1.77 -2.0625 0.0609168
1.77 -1.975 0.0918603
1.77 -1.8875 0.138521
1.77 -1.8 0.20941
1.77 -1.7125 0.315342
1.77 -1.625 0.463774
1.77 -1.5375 0.682544
1.77 -1.45 0.975617
1.77 -1.3625 1.35668
1.77 -1.275 1.83251
1.77 -1.1875 2.41993
1.77 -1.1 3.09882
1.77 -1.0125 3.84423
1.77 -0.925 4.63461
1.77 -0.8375 5.39133
1.77 -0.75 6.0765
1.77 -0.6625 6.52029
1.77 -0.575 6.67227
1.77 -0.4875 6.41988
1.77 -0.4 5.75075
1.77 -0.3125 4.65913
1.77 -0.225 3.518
1.77 -0.1375 2.46404
1.77 -0.05 1.60786
1.77 0.0375 1.00992
1.77 0.125 0.649152
1.77 0.2125 0.379459
1.77 0.3 0.216419
1.77 0.3875 0.118024
1.77 0.475 0.0588371
1.77 0.5625 0.0271962
1.77 0.65 0.016058
1.77 0.7375 0.00745567
1.77 0.825 0.00117719
1.77 0.9125 0.000537159
1.77 1 0.0017058
1.835 -2.5 0.00708883
1.835 -2.4125 0.010705
1.835 -2.325 0.0160257
1.835 -2.2375 0.0239342
1.835 -2.15 0.0358502
1.835 -2.0625 0.0546608
1.835 -1.975 0.0819137
1.835 -1.8875 0.123936
1.835 -1.8 0.185218
1.835 -1.7125 0.278229
1.835 -1.625 0.414526
1.835 -1.5375 0.606096
1.835 -1.45 0.873267
1.835 -1.3625 1.22132
1.835 -1.275 1.65599
1.835 -1.1875 2.1919
1.835 -1.1 2.81907
1.835 -1.0125 3.51631
1.835 -0.925 4.24328
1.835 -0.8375 4.96193
1.835 -0.75 5.60936
1.835 -0.6625 6.05125
1.835 -0.575 6.18705
1.835 -0.4875 6.01084
1.835 -0.4 5.40133
1.835 -0.3125 4.43366
1.835 -0.225 3.31673
1.835 -0.1375 2.31732
1.835 -0.05 1.49679
1.835 0.0375 0.95104
1.835 0.125 0.581203
1.835 0.2125 0.364401
1.835 0.3 0.192318
1.835 0.3875 0.108492
1.835 0.475 0.0600737
1.835 0.5625 0.0270572
1.835 0.65 0.0133892
1.835 0.7375 0.0070298
1.835 0.825 0.00335357
1.835 0.9125 0.000285124
1.835 1 0.000899898
1.9 -2.5 0.00666559
1.9 -2.4125 0.009839
1.9 -2.325 0.0146817
1.9 -2.2375 0.0217889
1.9 -2.15 0.033028
1.9 -2.0625 0.0487415
1.9 -1.975 0.0735012
1.9 -1.8875 0.11179
1.9 -1.8 0.166851
1.9 -1.7125 0.248208
1.9 -1.625 0.368037
1.9 -1.5375 0.539778
1.9 -1.45 0.782667
1.9 -1.3625 1.09738
1.9 -1.275 1.49236
1.9 -1.1875 1.98494
1.9 -1.1 2.55653
1.9 -1.0125 3.21371
1.9 -0.925 3.87849
1.9 -0.8375 4.54591
1.9 -0.75 5.16771
1.9 -0.6625 5.62051
1.9 -0.575 5.72638
1.9 -0.4875 5.58611
1.9 -0.4 5.05996
1.9 -0.3125 4.2124
1.9 -0.225 3.15222
1.9 -0.1375 2.15417
1.9 -0.05 1.39613
1.9 0.0375 0.881802
1.9 0.125 0.551268
1.9 0.2125 0.326941
1.9 0.3 0.185292
1.9 0.3875 0.0945957
1.9 0.475 0.051213
1.9 0.5625 0.0255412
1.9 0.65 0.00944977
1.9 0.7375 0.00489943
1.9 0.825 0.00274108
1.9 0.9125 0.00134467
1.9 1 0.000293273
1.965 -2.5 0.00600569
1.965 -2.4125 0.0086857
1.965 -2.325 0.0130993
1.965 -2.2375 0.0192516
1.965 -2.15 0.029506
1.965 -2.0625 0.0440683
1.965 -1.975 0.0653436
1.965 -1.8875 0.0986951
1.965 -1.8 0.147692
1.965 -1.7125 0.220351
1.965 -1.625 0.32545
1.965 -1.5375 0.477853
1.965 -1.45 0.693506
1.965 -1.3625 0.982622
1.965 -1.275 1.34625
1.965 -1.1875 1.79365
1.965 -1.1 2.3306
1.965 -1.0125 2.92141
1.965 -0.925 3.54476
1.965 -0.8375 4.15606
1.965 -0.75 4.73033
1.965 -0.6625 5.15509
1.965 -0.575 5.30677
1.965 -0.4875 5.16172
1.965 -0.4 4.70021
1.965 -0.3125 3.94313
1.965 -0.225 2.98682
1.965 -0.1375 2.03144
1.965 -0.05 1.29557
1.965 0.0375 0.817961
1.965 0.125 0.503784
1.965 0.2125 0.304456
1.965 0.3 0.178516
1.965 0.3875 0.0923954
1.965 0.475 0.0469571
1.965 0.5625 0.0215952
1.965 0.65 0.0101498
1.965 0.7375 0.00310203
1.965 0.825 0.00201951
1.965 0.9125 0.00121791
1.965 1 0.000160717
2.03 -2.5 0.00511083
2.03 -2.4125 0.00781256
2.03 -2.325 0.0115054
2.03 -2.2375 0.0173733
2.03 -2.15 0.0256487
2.03 -2.0625 0.0392068
2.03 -1.975 0.0577258
2.03 -1.8875 0.0866172
2.03 -1.8 0.128952
2.03 -1.7125 0.193888
2.03 -1.625 0.28653
2.03 -1.5375 0.422308
2.03 -1.45 0.610583
2.03 -1.3625 0.870675
2.03 -1.275 1.20212
2.03 -1.1875 1.60678
2.03 -1.1 2.10379
2.03 -1.0125 2.6563
2.03 -0.925 3.22906
2.03 -0.8375 3.78869
2.03 -0.75 4.30601
2.03 -0.6625 4.70518
2.03 -0.575 4.86559
2.03 -0.4875 4.75691
2.03 -0.4 4.35509
2.03 -0.3125 3.66175
2.03 -0.225 2.79808
2.03 -0.1375 1.91394
2.03 -0.05 1.21492
2.03 0.0375 0.756943
2.03 0.125 0.461007
2.03 0.2125 0.280519
2.03 0.3 0.161888
2.03 0.3875 0.0907833
2.03 0.475 0.0428781
2.03 0.5625 0.0224967
2.03 0.65 0.0102438
2.03 0.7375 0.00429859
2.03 0.825 0.00113287
2.03 0.9125 0.0011811
2.03 1 0.000133007
2.095 -2.5 0.00432637
2.095 -2.4125 0.00686728
2.095 -2.325 0.0101855
2.095 -2.2375 0.0149041
2.095 -2.15 0.0225856
2.095 -2.0625 0.0342223
2.095 -1.975 0.0504724
2.095 -1.8875 0.0764703
2.095 -1.8 0.114142
2.095 -1.7125 0.170792
2.095 -1.625 0.250982
2.095 -1.5375 0.369352
2.095 -1.45 0.538456
2.095 -1.3625 0.767986
2.095 -1.275 1.06472
2.095 -1.1875 1.43618
2.095 -1.1 1.88489
2.095 -1.0125 2.39273
2.095 -0.925 2.92034
2.095 -0.8375 3.45112
2.095 -0.75 3.90962
2.095 -0.6625 4.27703
2.095 -0.575 4.45373
2.095 -0.4875 4.32912
2.095 -0.4 3.99054
2.095 -0.3125 3.38439
2.095 -0.225 2.58009
2.095 -0.1375 1.80235
2.095 -0.05 1.1301
2.095 0.0375 0.711969
2.095 0.125 0.425729
2.095 0.2125 0.256064
2.095 0.3 0.146502
2.095 0.3875 0.0808317
2.095 0.475 0.0397162
2.095 0.5625 0.0185795
2.095 0.65 0.00831124
2.095 0.7375 0.00260106
2.095 0.825 0.0016121
2.095 0.9125 0.000681318
2.095 1 0.000133007
2.16 -2.5 0.00389492
2.16 -2.4125 0.00585501
2.16 -2.325 0.00871174
2.16 -2.2375 0.0131134
2.16 -2.15 0.0194294
2.16 -2.0625 0.0295678
2.16 -1.975 0.0441762
2.16 -1.8875 0.0658711
2.16 -1.8 0.0986307
2.16 -1.7125 0.147853
2.16 -1.625 0.219185
2.16 -1.5375 0.323003
2.16 -1.45 0.472025
2.16 -1.3625 0.671916
2.16 -1.275 0.93856
2.16 -1.1875 1.27292
2.16 -1.1 1.68044
2.16 -1.0125 2.15347
2.16 -0.925 2.63748
2.16 -0.8375 3.12997
2.16 -0.75 3.53962
2.16 -0.6625 3.8791
2.16 -0.575 4.06198
2.16 -0.4875 3.98021
2.16 -0.4 3.63409
2.16 -0.3125 3.09609
2.16 -0.225 2.37748
2.16 -0.1375 1.66624
2.16 -0.05 1.06925
2.16 0.0375 0.633738
2.16 0.125 0.397327
2.16 0.2125 0.230836
2.16 0.3 0.13342
2.16 0.3875 0.0747604
2.16 0.475 0.0389293
2.16 0.5625 0.0175544
2.16 0.65 0.00783599
2.16 0.7375 0.00289652
2.16 0.825 0.000879092
2.16 0.9125 0.000315583
2.16 1 0.000164339
2.225 -2.5 0.00349166
2.225 -2.4125 0.00513423
2.225 -2.325 0.00758209
2.225 -2.2375 0.0113828
2.225 -2.15 0.0173872
2.225 -2.0625 0.0257021
2.225 -1.975 0.0384318
2.225 -1.8875 0.0575528
2.225 -1.8 0.0864308
2.225 -1.7125 0.127614
2.225 -1.625 0.189543
2.225 -1.5375 0.278748
2.225 -1.45 0.405905
2.225 -1.3625 0.584193
2.225 -1.275 0.821734
2.225 -1.1875 1.12283
2.225 -1.1 1.49116
2.225 -1.0125 1.92245
2.225 -0.925 2.3737
2.225 -0.8375 2.82896
2.225 -0.75 3.21785
2.225 -0.6625 3.518
2.225 -0.575 3.69587
2.225 -0.4875 3.62083
2.225 -0.4 3.33626
2.225 -0.3125 2.84156
2.225 -0.225 2.19297
2.225 -0.1375 1.5268
2.225 -0.05 0.980512
2.225 0.0375 0.600588
2.225 0.125 0.347484
2.225 0.2125 0.214924
2.225 0.3 0.11928
2.225 0.3875 0.0653615
2.225 0.475 0.0337349
2.225 0.5625 0.0172212
2.225 0.65 0.00812397
2.225 0.7375 0.00399012
2.225 0.825 0.00116114
2.225 0.9125 4.64141e-05
2.225 1 8.31297e-05
2.29 -2.5 0.00291945
2.29 -2.4125 0.00439158
2.29 -2.325 0.0068409
2.29 -2.2375 0.00992752
2.29 -2.15 0.014899
2.29 -2.0625 0.0221358
2.29 -1.975 0.0334921
2.29 -1.8875 0.0496747
2.29 -1.8 0.074523
2.29 -1.7125 0.110432
2.29 -1.625 0.164671
2.29 -1.5375 0.24037
2.29 -1.45 0.3509
2.29 -1.3625 0.504522
2.29 -1.275 0.713002
2.29 -1.1875 0.984111
2.29 -1.1 1.32488
2.29 -1.0125 1.71274
2.29 -0.925 2.13642
2.29 -0.8375 2.55097
2.29 -0.75 2.92489
2.29 -0.6625 3.18455
2.29 -0.575 3.34628
2.29 -0.4875 3.28442
2.29 -0.4 3.02233
2.29 -0.3125 2.6011
2.29 -0.225 2.01802
2.29 -0.1375 1.40436
2.29 -0.05 0.913074
2.29 0.0375 0.565144
2.29 0.125 0.323796
2.29 0.2125 0.189879
2.29 0.3 0.118872
2.29 0.3875 0.0600136
2.29 0.475 0.0314902
2.29 0.5625 0.0136136
2.29 0.65 0.00755609
2.29 0.7375 0.00469945
2.29 0.825 0.00100116
2.29 0.9125 3.94866e-05
2.29 1 0
2.355 -2.5 0.002491
2.355 -2.4125 0.00371244
2.355 -2.325 0.00585021
2.355 -2.2375 0.00860499
2.355 -2.15 0.01252
2.355 -2.0625 0.0191958
2.355 -1.975 0.0281468
2.355 -1.8875 0.0418835
2.355 -1.8 0.0626604
2.355 -1.7125 0.0937214
2.355 -1.625 0.139305
2.355 -1.5375 0.204801
2.355 -1.45 0.299123
2.355 -1.3625 0.430524
2.355 -1.275 0.610977
2.355 -1.1875 0.848639
2.355 -1.1 1.15825
2.355 -1.0125 1.50569
2.355 -0.925 1.91569
2.355 -0.8375 2.29499
2.355 -0.75 2.64668
2.355 -0.6625 2.87964
2.355 -0.575 3.0077
2.355 -0.4875 2.94787
2.355 -0.4 2.70527
2.355 -0.3125 2.32353
2.355 -0.225 1.81097
2.355 -0.1375 1.27781
2.355 -0.05 0.842106
2.355 0.0375 0.501432
2.355 0.125 0.314
2.355 0.2125 0.176158
2.355 0.3 0.106336
2.355 0.3875 0.0588916
2.355 0.475 0.0302577
2.355 0.5625 0.0135816
2.355 0.65 0.00721612
2.355 0.7375 0.00258656
2.355 0.825 0.000907162
2.355 0.9125 6.08123e-05
2.355 1 0
2.42 -2.5 0.00212537
2.42 -2.4125 0.00316578
2.42 -2.325 0.00463835
2.42 -2.2375 0.00666517
2.42 -2.15 0.0105017
2.42 -2.0625 0.0154805
2.42 -1.975 0.0234382
2.42 -1.8875 0.0351866
2.42 -1.8 0.0527351
2.42 -1.7125 0.0781153
2.42 -1.625 0.115686
2.42 -1.5375 0.170768
2.42 -1.45 0.249653
2.42 -1.3625 0.36469
2.42 -1.275 0.522235
2.42 -1.1875 0.727474
2.42 -1.1 0.999005
2.42 -1.0125 1.32356
2.42 -0.925 1.69827
2.42 -0.8375 2.04578
2.42 -0.75 2.35981
2.42 -0.6625 2.60037
2.42 -0.575 2.70105
2.42 -0.4875 2.65738
2.42 -0.4 2.41655
2.42 -0.3125 2.0247
2.42 -0.225 1.59539
2.42 -0.1375 1.12985
2.42 -0.05 0.757122
2.42 0.0375 0.461324
2.42 0.125 0.274016
2.42 0.2125 0.171794
2.42 0.3 0.0969473
2.42 0.3875 0.0498395
2.42 0.475 0.0259763
2.42 0.5625 0.0134807
2.42 0.65 0.00642612
2.42 0.7375 0.00238417
2.42 0.825 0.000475927
2.42 0.9125 0
2.42 1 0
2.485 -2.5 0.00174381
2.485 -2.4125 0.00261731
2.485 -2.325 0.00380229
2.485 -2.2375 0.00591105
2.485 -2.15 0.00875497
2.485 -2.0625 0.0131412
2.485 -1.975 0.0198141
2.485 -1.8875 0.0292038
2.485 -1.8 0.0428846
2.485 -1.7125 0.063982
2.485 -1.625 0.0962875
2.485 -1.5375 0.141563
2.485 -1.45 0.207074
2.485 -1.3625 0.304537
2.485 -1.275 0.434971
2.485 -1.1875 0.614609
2.485 -1.1 0.856281
2.485 -1.0125 1.14839
2.485 -0.925 1.47034
2.485 -0.8375 1.80167
2.485 -0.75 2.11292
2.485 -0.6625 2.33904
2.485 -0.575 2.43908
2.485 -0.4875 2.38995
2.485 -0.4 2.17054
2.485 -0.3125 1.7999
2.485 -0.225 1.41202
2.485 -0.1375 0.995746
2.485 -0.05 0.651154
2.485 0.0375 0.417602
2.485 0.125 0.238188
2.485 0.2125 0.139351
2.485 0.3 0.0839877
2.485 0.3875 0.0392109
2.485 0.475 0.0234214
2.485 0.5625 0.0126679
2.485 0.65 0.00490071
2.485 0.7375 0.00358244
2.485 0.825 0.00125344
2.485 0.9125 0.000215041
2.485 1 0
2.55 -2.5 0.00151862
2.55 -2.4125 0.00215163
2.55 -2.325 0.00323036
2.55 -2.2375 0.00483101
2.55 -2.15 0.00731868
2.55 -2.0625 0.0105371
2.55 -1.975 0.0159979
2.55 -1.8875 0.0240234
2.55 -1.8 0.0352351
2.55 -1.7125 0.0529694
2.55 -1.625 0.0789899
2.55 -1.5375 0.117136
2.55 -1.45 0.172803
2.55 -1.3625 0.251386
2.55 -1.275 0.364863
2.55 -1.1875 0.521352
2.55 -1.1 0.728821
2.55 -1.0125 0.975816
2.55 -0.925 1.26161
2.55 -0.8375 1.5693
2.55 -0.75 1.86796
2.55 -0.6625 2.08698
2.55 -0.575 2.19784
2.55 -0.4875 2.1509
2.55 -0.4 1.96084
2.55 -0.3125 1.60747
2.55 -0.225 1.23552
2.55 -0.1375 0.895225
2.55 -0.05 0.571642
2.55 0.0375 0.364448
2.55 0.125 0.223226
2.55 0.2125 0.121226
2.55 0.3 0.0722992
2.55 0.3875 0.0411742
2.55 0.475 0.0220516
2.55 0.5625 0.00967803
2.55 0.65 0.00574972
2.55 0.7375 0.00237023
2.55 0.825 0.00145635
2.55 0.9125 0.000478065
2.55 1 7.47123e-05
2.615 -2.5 0.00117453
2.615 -2.4125 0.00169113
2.615 -2.325 0.00266078
2.615 -2.2375 0.00385906
2.615 -2.15 0.00606076
2.615 -2.0625 0.00864501
2.615 -1.975 0.0135869
2.615 -1.8875 0.019782
2.615 -1.8 0.029874
2.615 -1.7125 0.0438336
2.615 -1.625 0.0657785
2.615 -1.5375 0.0976907
2.615 -1.45 0.143113
2.615 -1.3625 0.208137
2.615 -1.275 0.302671
2.615 -1.1875 0.430445
2.615 -1.1 0.606638
2.615 -1.0125 0.830796
2.615 -0.925 1.07445
2.615 -0.8375 1.34944
2.615 -0.75 1.62457
2.615 -0.6625 1.84699
2.615 -0.575 1.96449
2.615 -0.4875 1.9288
2.615 -0.4 1.77113
2.615 -0.3125 1.45846
2.615 -0.225 1.09487
2.615 -0.1375 0.770759
2.615 -0.05 0.506142
2.615 0.0375 0.299542
2.615 0.125 0.191021
2.615 0.2125 0.115574
2.615 0.3 0.0647858
2.615 0.3875 0.0369665
2.615 0.475 0.0189556
2.615 0.5625 0.011265
2.615 0.65 0.00486523
2.615 0.7375 0.00181281
2.615 0.825 0.00123644
2.615 0.9125 0.000250075
2.615 1 0.000585812
2.68 -2.5 0.00103861
2.68 -2.4125 0.00145885
2.68 -2.325 0.00208568
2.68 -2.2375 0.0032762
2.68 -2.15 0.00480651
2.68 -2.0625 0.00701679
2.68 -1.975 0.0105905
2.68 -1.8875 0.0157805
2.68 -1.8 0.024369
2.68 -1.7125 0.0356751
2.68 -1.625 0.0538327
2.68 -1.5375 0.0786266
2.68 -1.45 0.116663
2.68 -1.3625 0.168179
2.68 -1.275 0.245658
2.68 -1.1875 0.353273
2.68 -1.1 0.495569
2.68 -1.0125 0.682951
2.68 -0.925 0.913512
2.68 -0.8375 1.15522
2.68 -0.75 1.39955
2.68 -0.6625 1.619
2.68 -0.575 1.73279
2.68 -0.4875 1.75122
2.68 -0.4 1.57088
2.68 -0.3125 1.29683
2.68 -0.225 0.978061
2.68 -0.1375 0.662267
2.68 -0.05 0.42029
2.68 0.0375 0.263379
2.68 0.125 0.157686
2.68 0.2125 0.108231
2.68 0.3 0.0548672
2.68 0.3875 0.0306321
2.68 0.475 0.0198337
2.68 0.5625 0.00942816
2.68 0.65 0.00474875
2.68 0.7375 0.0024805
2.68 0.825 0.000335666
2.68 0.9125 0.000603401
2.68 1 0.000118868
2.745 -2.5 0.000762773
2.745 -2.4125 0.00117659
2.745 -2.325 0.00170838
2.745 -2.2375 0.00259611
2.745 -2.15 0.00385682
2.745 -2.0625 0.00566709
2.745 -1.975 0.00848048
2.745 -1.8875 0.0131437
2.745 -1.8 0.0193849
2.745 -1.7125 0.0289337
2.745 -1.625 0.0429267
2.745 -1.5375 0.0626639
2.745 -1.45 0.0914714
2.745 -1.3625 0.13472
2.745 -1.275 0.197272
2.745 -1.1875 0.287088
2.745 -1.1 0.403626
2.745 -1.0125 0.563663
2.745 -0.925 0.750299
2.745 -0.8375 0.970974
2.745 -0.75 1.20012
2.745 -0.6625 1.39687
2.745 -0.575 1.51762
2.745 -0.4875 1.52678
2.745 -0.4 1.40885
2.745 -0.3125 1.16432
2.745 -0.225 0.840443
2.745 -0.1375 0.576627
2.745 -0.05 0.357098
2.745 0.0375 0.223023
2.745 0.125 0.137625
2.745 0.2125 0.0875574
2.745 0.3 0.0504656
2.745 0.3875 0.0276516
2.745 0.475 0.0161591
2.745 0.5625 0.00932111
2.745 0.65 0.00502829
2.745 0.7375 0.00244396
2.745 0.825 0.000768148
2.745 0.9125 0.000476702
2.745 1 0.000435328
2.81 -2.5 0.000618503
2.81 -2.4125 0.000960525
2.81 -2.325 0.0013275
2.81 -2.2375 0.00192236
2.81 -2.15 0.00303227
2.81 -2.0625 0.00469328
2.81 -1.975 0.00683911
2.81 -1.8875 0.0101755
2.81 -1.8 0.0150901
2.81 -1.7125 0.0223498
2.81 -1.625 0.033097
2.81 -1.5375 0.049306
2.81 -1.45 0.0724174
2.81 -1.3625 0.106985
2.81 -1.275 0.158094
2.81 -1.1875 0.228349
2.81 -1.1 0.321078
2.81 -1.0125 0.448648
2.81 -0.925 0.614023
2.81 -0.8375 0.801555
2.81 -0.75 1.00727
2.81 -0.6625 1.19533
2.81 -0.575 1.31717
2.81 -0.4875 1.33261
2.81 -0.4 1.23159
2.81 -0.3125 1.03326
2.81 -0.225 0.763155
2.81 -0.1375 0.484493
2.81 -0.05 0.299762
2.81 0.0375 0.176989
2.81 0.125 0.117817
2.81 0.2125 0.0709437
2.81 0.3 0.0445285
2.81 0.3875 0.0229604
2.81 0.475 0.015286
2.81 0.5625 0.00812546
2.81 0.65 0.00341259
2.81 0.7375 0.00224361
2.81 0.825 0.00145631
2.81 0.9125 3.30124e-05
2.81 1 0.000685384
2.875 -2.5 0.000455952
2.875 -2.4125 0.000681434
2.875 -2.325 0.000997925
2.875 -2.2375 0.00160167
2.875 -2.15 0.00227743
2.875 -2.0625 0.00350403
2.875 -1.975 0.00518037
2.875 -1.8875 0.00744386
2.875 -1.8 0.0111571
2.875 -1.7125 0.0168988
2.875 -1.625 0.0252969
2.875 -1.5375 0.0376268
2.875 -1.45 0.0555731
2.875 -1.3625 0.0824791
2.875 -1.275 0.119067
2.875 -1.1875 0.176669
2.875 -1.1 0.249372
2.875 -1.0125 0.349305
2.875 -0.925 0.48591
2.875 -0.8375 0.644418
2.875 -0.75 0.827004
2.875 -0.6625 0.993075
2.875 -0.575 1.13176
2.875 -0.4875 1.16416
2.875 -0.4 1.0795
2.875 -0.3125 0.89587
2.875 -0.225 0.677288
2.875 -0.1375 0.428471
2.875 -0.05 0.252916
2.875 0.0375 0.142569
2.875 0.125 0.0877623
2.875 0.2125 0.059286
2.875 0.3 0.0364994
2.875 0.3875 0.0196516
2.875 0.475 0.0108407
2.875 0.5625 0.0074254
2.875 0.65 0.00279853
2.875 0.7375 0.0016352
2.875 0.825 0.000591478
2.875 0.9125 0.000160579
2.875 1 0.00012568
2.94 -2.5 0.000386764
2.94 -2.4125 0.000522369
2.94 -2.325 0.000784657
2.94 -2.2375 0.00113449
2.94 -2.15 0.00181457
2.94 -2.0625 0.00244774
2.94 -1.975 0.00378317
2.94 -1.8875 0.00561226
2.94 -1.8 0.00822184
2.94 -1.7125 0.0124397
2.94 -1.625 0.0182664
2.94 -1.5375 0.0270382
2.94 -1.45 0.0404327
2.94 -1.3625 0.0601296
2.94 -1.275 0.0897434
2.94 -1.1875 0.132095
2.94 -1.1 0.189739
2.94 -1.0125 0.269144
2.94 -0.925 0.375403
2.94 -0.8375 0.503523
2.94 -0.75 0.651279
2.94 -0.6625 0.806097
2.94 -0.575 0.936953
2.94 -0.4875 0.998835
2.94 -0.4 0.952365
2.94 -0.3125 0.801442
2.94 -0.225 0.584794
2.94 -0.1375 0.378676
2.94 -0.05 0.218157
2.94 0.0375 0.113364
2.94 0.125 0.0645714
2.94 0.2125 0.0423888
2.94 0.3 0.0289094
2.94 0.3875 0.0180367
2.94 0.475 0.00828501
2.94 0.5625 0.00515417
2.94 0.65 0.0024389
2.94 0.7375 0.000714105
2.94 0.825 0.000365522
2.94 0.9125 0.000417852
2.94 1 0
3.005 -2.5 0.000236947
3.005 -2.4125 0.000392046
3.005 -2.325 0.000514682
3.005 -2.2375 0.000745423
3.005 -2.15 0.00116531
3.005 -2.0625 0.00173949
3.005 -1.975 0.002574
3.005 -1.8875 0.00395922
3.005 -1.8 0.00595023
3.005 -1.7125 0.0089812
3.005 -1.625 0.0135265
3.005 -1.5375 0.019817
3.005 -1.45 0.0297725
3.005 -1.3625 0.0443613
3.005 -1.275 0.0659152
3.005 -1.1875 0.0981547
3.005 -1.1 0.140067
3.005 -1.0125 0.202254
3.005 -0.925 0.281459
3.005 -0.8375 0.387732
3.005 -0.75 0.507764
3.005 -0.6625 0.644315
3.005 -0.575 0.757648
3.005 -0.4875 0.821603
3.005 -0.4 0.815793
3.005 -0.3125 0.698808
3.005 -0.225 0.533938
3.005 -0.1375 0.340594
3.005 -0.05 0.191356
3.005 0.0375 0.103183
3.005 0.125 0.0561836
3.005 0.2125 0.0285178
3.005 0.3 0.019397
3.005 0.3875 0.0134348
3.005 0.475 0.0078467
3.005 0.5625 0.00374802
3.005 0.65 0.00157943
3.005 0.7375 0.000908203
3.005 0.825 0.000147555
3.005 0.9125 0.000246724
3.005 1 0.000170274
3.07 -2.5 0.00013515
3.07 -2.4125 0.000254091
3.07 -2.325 0.000342912
3.07 -2.2375 0.00060053
3.07 -2.15 0.000734994
3.07 -2.0625 0.00121059
3.07 -1.975 0.00177797
3.07 -1.8875 0.00257185
3.07 -1.8 0.00416233
3.07 -1.7125 0.0062651
3.07 -1.625 0.00932581
3.07 -1.5375 0.0142259
3.07 -1.45 0.0217844
3.07 -1.3625 0.0328004
3.07 -1.275 0.0483639
3.07 -1.1875 0.0709744
3.07 -1.1 0.101533
3.07 -1.0125 0.145645
3.07 -0.925 0.206739
3.07 -0.8375 0.291847
3.07 -0.75 0.389645
3.07 -0.6625 0.497289
3.07 -0.575 0.588686
3.07 -0.4875 0.650198
3.07 -0.4 0.669983
3.07 -0.3125 0.601934
3.07 -0.225 0.473776
3.07 -0.1375 0.308368
3.07 -0.05 0.167853
3.07 0.0375 0.0828461
3.07 0.125 0.0468436
3.07 0.2125 0.0245382
3.07 0.3 0.0124208
3.07 0.3875 0.00945297
3.07 0.475 0.00656701
3.07 0.5625 0.003827
3.07 0.65 0.000806906
3.07 0.7375 0.000307463
3.07 0.825 0.000184964
3.07 0.9125 0.000124695
3.07 1 0
3.135 -2.5 0.000115045
3.135 -2.4125 0.000210336
3.135 -2.325 0.000262317
3.135 -2.2375 0.000451047
3.135 -2.15 0.000664113
3.135 -2.0625 0.000960424
3.135 -1.975 0.00141087
3.135 -1.8875 0.00210635
3.135 -1.8 0.00317065
3.135 -1.7125 0.00469914
3.135 -1.625 0.0069822
3.135 -1.5375 0.0106786
3.135 -1.45 0.0150987
3.135 -1.3625 0.0222276
3.135 -1.275 0.0338302
3.135 -1.1875 0.0497909
3.135 -1.1 0.0723207
3.135 -1.0125 0.104849
3.135 -0.925 0.147486
3.135 -0.8375 0.209969
3.135 -0.75 0.285922
3.135 -0.6625 0.375893
3.135 -0.575 0.456227
3.135 -0.4875 0.510759
3.135 -0.4 0.528823
3.135 -0.3125 0.499187
3.135 -0.225 0.395095
3.135 -0.1375 0.263363
3.135 -0.05 0.146352
3.135 0.0375 0.0665357
3.135 0.125 0.033656
3.135 0.2125 0.0216493
3.135 0.3 0.012027
3.135 0.3875 0.00619331
3.135 0.475 0.00561563
3.135 0.5625 0.00345088
3.135 0.65 0.00190921
3.135 0.7375 0.00056736
3.135 0.825 0.000294876
3.135 0.9125 0.000231378
3.135 1 0
3.2 -2.5 0.000106097
3.2 -2.4125 0.000146638
3.2 -2.325 0.000197677
3.2 -2.2375 0.000277909
3.2 -2.15 0.00044057
3.2 -2.0625 0.000692543
3.2 -1.975 0.00105853
3.2 -1.8875 0.00138803
3.2 -1.8 0.00223063
3.2 -1.7125 0.00319908
3.2 -1.625 0.00451512
3.2 -1.5375 0.00714335
3.2 -1.45 0.0107947
3.2 -1.3625 0.0157194
3.2 -1.275 0.0233427
3.2 -1.1875 0.0344188
3.2 -1.1 0.0504373
3.2 -1.0125 0.0719996
3.2 -0.925 0.104981
3.2 -0.8375 0.147886
3.2 -0.75 0.207133
3.2 -0.6625 0.275798
3.2 -0.575 0.339666
3.2 -0.4875 0.391812
3.2 -0.4 0.407448
3.2 -0.3125 0.396116
3.2 -0.225 0.323883
3.2 -0.1375 0.21141
3.2 -0.05 0.122685
3.2 0.0375 0.0552829
3.2 0.125 0.024933
3.2 0.2125 0.0143408
3.2 0.3 0.00793793
3.2 0.3875 0.00509551
3.2 0.475 0.00205532
3.2 0.5625 0.00216217
3.2 0.65 0.000883272
3.2 0.7375 0.00105995
3.2 0.825 0.000392674
3.2 0.9125 0.000180669
3.2 1 6.5811e-05
