5.5352e-01 1.0000e-11
5.5353e-01 1.1220e-11
5.5353e-01 1.2590e-11
5.5353e-01 1.4126e-11
5.5354e-01 1.5850e-11
5.5354e-01 1.7784e-11
5.5354e-01 1.9954e-11
5.5354e-01 2.2389e-11
5.5354e-01 2.5121e-11
5.5354e-01 2.8187e-11
5.5354e-01 3.1626e-11
5.5354e-01 3.5486e-11
5.5354e-01 3.9816e-11
5.5354e-01 4.4675e-11
5.5354e-01 5.0127e-11
5.5354e-01 5.6244e-11
5.5354e-01 6.3107e-11
5.5354e-01 7.0808e-11
5.5354e-01 7.9449e-11
5.5354e-01 8.9145e-11
5.5354e-01 1.0002e-10
5.5354e-01 1.1223e-10
5.5354e-01 1.2592e-10
5.5354e-01 1.4129e-10
5.5353e-01 1.5853e-10
5.5354e-01 1.7400e-10
5.5397e-01 1.7788e-10
5.5594e-01 1.9959e-10
5.5718e-01 2.2394e-10
5.5797e-01 2.5127e-10
5.5847e-01 2.8193e-10
5.5879e-01 3.1634e-10
5.5884e-01 3.2343e-10
5.6092e-01 3.5494e-10
5.6269e-01 3.9825e-10
5.6382e-01 4.4685e-10
5.6420e-01 4.6924e-10
5.6601e-01 5.0138e-10
5.6841e-01 5.6257e-10
5.6960e-01 6.1042e-10
5.7072e-01 6.3122e-10
5.7402e-01 7.0825e-10
5.7506e-01 7.4180e-10
5.7772e-01 7.9468e-10
5.8057e-01 8.7046e-10
5.8171e-01 8.9165e-10
5.8613e-01 9.8816e-10
5.8681e-01 1.0005e-09
5.9174e-01 1.0966e-09
5.9325e-01 1.1225e-09
5.9741e-01 1.1937e-09
6.0122e-01 1.2595e-09
6.0314e-01 1.2915e-09
6.0891e-01 1.3766e-09
6.1152e-01 1.4132e-09
6.1475e-01 1.4529e-09
6.2064e-01 1.5236e-09
6.2627e-01 1.5857e-09
6.2658e-01 1.5885e-09
6.3258e-01 1.6360e-09
6.3864e-01 1.6789e-09
6.4476e-01 1.7177e-09
6.5094e-01 1.7530e-09
6.5663e-01 1.7792e-09
6.5717e-01 1.7811e-09
6.6347e-01 1.7986e-09
6.6982e-01 1.8122e-09
6.7624e-01 1.8230e-09
6.8272e-01 1.8303e-09
6.8926e-01 1.8351e-09
6.9586e-01 1.8367e-09
7.0253e-01 1.8331e-09
7.0926e-01 1.8277e-09
7.1605e-01 1.8236e-09
7.2291e-01 1.8179e-09
7.2984e-01 1.8122e-09
7.3683e-01 1.8051e-09
7.4389e-01 1.8010e-09
7.5101e-01 1.7974e-09
7.5821e-01 1.7956e-09
7.6547e-01 1.7946e-09
7.7280e-01 1.7957e-09
7.8020e-01 1.7989e-09
7.8768e-01 1.8040e-09
7.9522e-01 1.8116e-09
8.0284e-01 1.8235e-09
8.1053e-01 1.8384e-09
8.1830e-01 1.8405e-09
8.2614e-01 1.8279e-09
8.3405e-01 1.7880e-09
8.3497e-01 1.7792e-09
8.4204e-01 1.6997e-09
8.4776e-01 1.5857e-09
8.5011e-01 1.5411e-09
8.5663e-01 1.4132e-09
8.5825e-01 1.3840e-09
8.6377e-01 1.2595e-09
8.6647e-01 1.2090e-09
8.6979e-01 1.1225e-09
8.7477e-01 1.0273e-09
8.7583e-01 1.0005e-09
8.8125e-01 8.9165e-10
8.8315e-01 8.6154e-10
8.8623e-01 7.9468e-10
8.9161e-01 7.1649e-10
8.9194e-01 7.0825e-10
8.9562e-01 6.3122e-10
9.0015e-01 5.7298e-10
9.0110e-01 5.6257e-10
9.0785e-01 5.0138e-10
9.0878e-01 4.9415e-10
9.1175e-01 4.4685e-10
9.1687e-01 3.9825e-10
9.1748e-01 3.9334e-10
9.1887e-01 3.5494e-10
9.2121e-01 3.1634e-10
9.2486e-01 2.8193e-10
9.2627e-01 2.7155e-10
9.2715e-01 2.5127e-10
9.2893e-01 2.2394e-10
9.3168e-01 1.9959e-10
9.3514e-01 1.8082e-10
9.3917e-01 1.9959e-10
9.4127e-01 2.2394e-10
9.4230e-01 2.5127e-10
9.4285e-01 2.8193e-10
9.4321e-01 3.1634e-10
9.4348e-01 3.5494e-10
9.4366e-01 3.9825e-10
9.4380e-01 4.4685e-10
9.4389e-01 5.0138e-10
9.4396e-01 5.6257e-10
9.4400e-01 6.3122e-10
9.4403e-01 7.0825e-10
9.4405e-01 7.9468e-10
9.4406e-01 8.9165e-10
9.4407e-01 1.0005e-09
9.4408e-01 1.1225e-09
9.4408e-01 1.2595e-09
9.4409e-01 1.4132e-09
9.4409e-01 1.5857e-09
9.4409e-01 1.7792e-09
9.4409e-01 1.9963e-09
9.4409e-01 2.2399e-09
9.4408e-01 2.5133e-09
9.4408e-01 2.8200e-09
9.4407e-01 3.1641e-09
9.4404e-01 3.5502e-09
9.4396e-01 3.9835e-09
9.4368e-01 4.4696e-09
9.4229e-01 5.0150e-09
9.3514e-01 5.6062e-09
9.3514e-01 5.6270e-09
9.3513e-01 6.3136e-09
9.3512e-01 7.0841e-09
9.3510e-01 7.9486e-09
9.3502e-01 8.9186e-09
9.3463e-01 1.0007e-08
9.3207e-01 1.1228e-08
9.2627e-01 1.2212e-08
9.2626e-01 1.2598e-08
9.2625e-01 1.4136e-08
9.2621e-01 1.5861e-08
9.2596e-01 1.7796e-08
9.2408e-01 1.9968e-08
9.1748e-01 2.1983e-08
9.1747e-01 2.2404e-08
9.1745e-01 2.5139e-08
9.1735e-01 2.8206e-08
9.1649e-01 3.1648e-08
9.0878e-01 3.5416e-08
9.0878e-01 3.5510e-08
9.0876e-01 3.9844e-08
9.0870e-01 4.4706e-08
9.0801e-01 5.0161e-08
9.0015e-01 5.6096e-08
9.0015e-01 5.6283e-08
9.0011e-01 6.3151e-08
8.9972e-01 7.0857e-08
8.9332e-01 7.9504e-08
8.9161e-01 8.1511e-08
8.9158e-01 8.9206e-08
8.9128e-01 1.0009e-07
8.8539e-01 1.1231e-07
8.8315e-01 1.1605e-07
8.8311e-01 1.2601e-07
8.8274e-01 1.4139e-07
8.7477e-01 1.5846e-07
8.7477e-01 1.5864e-07
8.7469e-01 1.7800e-07
8.7347e-01 1.9972e-07
8.6647e-01 2.2109e-07
8.6643e-01 2.2410e-07
8.6571e-01 2.5144e-07
8.5825e-01 2.8041e-07
8.5824e-01 2.8213e-07
8.5804e-01 3.1656e-07
8.5306e-01 3.5519e-07
8.5011e-01 3.7112e-07
8.4204e-01 3.9744e-07
8.4198e-01 3.9853e-07
8.3837e-01 4.4716e-07
8.3405e-01 4.7695e-07
8.2614e-01 4.9321e-07
8.1830e-01 5.0077e-07
8.1741e-01 5.0173e-07
8.1053e-01 5.4694e-07
8.0284e-01 5.5807e-07
7.9522e-01 5.5936e-07
7.8768e-01 5.6204e-07
7.8482e-01 5.6296e-07
7.8020e-01 5.8843e-07
7.7280e-01 6.1535e-07
7.6547e-01 6.2056e-07
7.5821e-01 6.2639e-07
7.5101e-01 6.2937e-07
7.4389e-01 6.3126e-07
7.4245e-01 6.3166e-07
7.3683e-01 6.6507e-07
7.2984e-01 6.8455e-07
7.2291e-01 6.9479e-07
7.1605e-01 7.0135e-07
7.0926e-01 7.0524e-07
7.0253e-01 7.0740e-07
6.9586e-01 7.0829e-07
6.8926e-01 7.0816e-07
6.8272e-01 7.0786e-07
6.7624e-01 7.0755e-07
6.6982e-01 7.0730e-07
6.6347e-01 7.0677e-07
6.5717e-01 7.0614e-07
6.5094e-01 6.9001e-07
6.4476e-01 6.4331e-07
6.4340e-01 6.3166e-07
6.3864e-01 6.2837e-07
6.3258e-01 6.2468e-07
6.2675e-01 5.6296e-07
6.2658e-01 5.6240e-07
6.2064e-01 5.4560e-07
6.1475e-01 5.0915e-07
6.1401e-01 5.0173e-07
6.0891e-01 4.8533e-07
6.0477e-01 4.4716e-07
6.0314e-01 4.3994e-07
5.9760e-01 3.9853e-07
5.9741e-01 3.9816e-07
5.9193e-01 3.5519e-07
5.9174e-01 3.5243e-07
5.8664e-01 3.1656e-07
5.8613e-01 3.0937e-07
5.8182e-01 2.8213e-07
5.8057e-01 2.5202e-07
5.8047e-01 2.5144e-07
5.7516e-01 2.2410e-07
5.7506e-01 2.2342e-07
5.6993e-01 1.9972e-07
5.6960e-01 1.9395e-07
5.6571e-01 1.7800e-07
5.6427e-01 1.5864e-07
5.6420e-01 1.4464e-07
5.6320e-01 1.4139e-07
5.5904e-01 1.2601e-07
5.5886e-01 1.1231e-07
5.5884e-01 1.0009e-07
5.5884e-01 8.9206e-08
5.5884e-01 8.7544e-08
5.5823e-01 8.9206e-08
5.5354e-01 9.8798e-08
5.4898e-01 8.9206e-08
5.4832e-01 7.9504e-08
5.4829e-01 7.0857e-08
5.4829e-01 6.3151e-08
5.4829e-01 5.6283e-08
5.4829e-01 5.0161e-08
5.4829e-01 4.4706e-08
5.4829e-01 3.9844e-08
5.4829e-01 3.5510e-08
5.4829e-01 3.1648e-08
5.4829e-01 2.8206e-08
5.4829e-01 2.5139e-08
5.4829e-01 2.2404e-08
5.4829e-01 1.9968e-08
5.4829e-01 1.7796e-08
5.4829e-01 1.5861e-08
5.4829e-01 1.4136e-08
5.4829e-01 1.2598e-08
5.4829e-01 1.1228e-08
5.4829e-01 1.0007e-08
5.4829e-01 8.9186e-09
5.4829e-01 7.9486e-09
5.4829e-01 7.0841e-09
5.4829e-01 6.3136e-09
5.4829e-01 5.6270e-09
5.4829e-01 5.0150e-09
5.4829e-01 4.4696e-09
5.4829e-01 3.9835e-09
5.4829e-01 3.5502e-09
5.4829e-01 3.1641e-09
5.4829e-01 2.8200e-09
5.4829e-01 2.5133e-09
5.4829e-01 2.2399e-09
5.4829e-01 1.9963e-09
5.4829e-01 1.7792e-09
5.4829e-01 1.5857e-09
5.4829e-01 1.4132e-09
5.4829e-01 1.2595e-09
5.4829e-01 1.1225e-09
5.4830e-01 1.0005e-09
5.4830e-01 8.9165e-10
5.4830e-01 7.9468e-10
5.4831e-01 7.0825e-10
5.4832e-01 6.3122e-10
5.4834e-01 5.6257e-10
5.4837e-01 5.0138e-10
5.4841e-01 4.4685e-10
5.4849e-01 3.9825e-10
5.4860e-01 3.5494e-10
5.4878e-01 3.1634e-10
5.4907e-01 2.8193e-10
5.4951e-01 2.5127e-10
5.4980e-01 2.2394e-10
5.4829e-01 2.2055e-10
5.4829e-01 2.2394e-10
5.4829e-01 2.5127e-10
5.4829e-01 2.8193e-10
5.4829e-01 3.1634e-10
5.4829e-01 3.5494e-10
5.4829e-01 3.9825e-10
5.4829e-01 4.4685e-10
5.4829e-01 5.0138e-10
5.4829e-01 5.6257e-10
5.4829e-01 6.3122e-10
5.4829e-01 7.0825e-10
5.4829e-01 7.9468e-10
5.4829e-01 8.9165e-10
5.4829e-01 1.0005e-09
5.4829e-01 1.1225e-09
5.4829e-01 1.2595e-09
5.4829e-01 1.4132e-09
5.4829e-01 1.5857e-09
5.4829e-01 1.7792e-09
5.4829e-01 1.9963e-09
5.4829e-01 2.2399e-09
5.4829e-01 2.5133e-09
5.4829e-01 2.8200e-09
5.4829e-01 3.1641e-09
5.4829e-01 3.5502e-09
5.4829e-01 3.9835e-09
5.4829e-01 4.4696e-09
5.4829e-01 5.0150e-09
5.4829e-01 5.6270e-09
5.4829e-01 6.3136e-09
5.4829e-01 7.0841e-09
5.4829e-01 7.9486e-09
5.4829e-01 8.9186e-09
5.4829e-01 1.0007e-08
5.4829e-01 1.1228e-08
5.4829e-01 1.2598e-08
5.4829e-01 1.4136e-08
5.4829e-01 1.5861e-08
5.4829e-01 1.7796e-08
5.4829e-01 1.9968e-08
5.4829e-01 2.2404e-08
5.4829e-01 2.5139e-08
5.4829e-01 2.8206e-08
5.4829e-01 3.1648e-08
5.4829e-01 3.5510e-08
5.4829e-01 3.9844e-08
5.4829e-01 4.4706e-08
5.4829e-01 5.0161e-08
5.4829e-01 5.6283e-08
5.4829e-01 6.3151e-08
5.4829e-01 7.0857e-08
5.4829e-01 7.9504e-08
5.4828e-01 8.9206e-08
5.4316e-01 1.0009e-07
5.4309e-01 1.0026e-07
5.4302e-01 1.0009e-07
5.3794e-01 8.9206e-08
5.3793e-01 7.9504e-08
5.3793e-01 7.7976e-08
5.3793e-01 7.9504e-08
5.3793e-01 8.9206e-08
5.3792e-01 1.0009e-07
5.3784e-01 1.1231e-07
5.3642e-01 1.2601e-07
5.3283e-01 1.3708e-07
5.3282e-01 1.4139e-07
5.3278e-01 1.5864e-07
5.3201e-01 1.7800e-07
5.2777e-01 1.9664e-07
5.2764e-01 1.9972e-07
5.2491e-01 2.2410e-07
5.2277e-01 2.3602e-07
5.2245e-01 2.5144e-07
5.1781e-01 2.8125e-07
5.1777e-01 2.8213e-07
5.1638e-01 3.1656e-07
5.1289e-01 3.4442e-07
5.1256e-01 3.5519e-07
5.0803e-01 3.9673e-07
5.0781e-01 3.9853e-07
5.0321e-01 4.4469e-07
5.0320e-01 4.4716e-07
5.0295e-01 5.0173e-07
4.9843e-01 5.6142e-07
4.9593e-01 5.6296e-07
4.9370e-01 5.8284e-07
4.8902e-01 6.2958e-07
4.8887e-01 6.3166e-07
4.8438e-01 7.0602e-07
4.8390e-01 7.0874e-07
4.7978e-01 7.8169e-07
4.7726e-01 7.9522e-07
4.7523e-01 8.3570e-07
4.7072e-01 8.9035e-07
4.7049e-01 8.9227e-07
4.6625e-01 9.9075e-07
4.6525e-01 1.0012e-06
4.6183e-01 1.0918e-06
4.6012e-01 1.1233e-06
4.5745e-01 1.2052e-06
4.5311e-01 1.2552e-06
4.5231e-01 1.2604e-06
4.4881e-01 1.3702e-06
4.4750e-01 1.4142e-06
4.4455e-01 1.5333e-06
4.4033e-01 1.5847e-06
4.3947e-01 1.5868e-06
4.3615e-01 1.6821e-06
4.3201e-01 1.7654e-06
4.3054e-01 1.7804e-06
4.2791e-01 1.9059e-06
4.2385e-01 1.9939e-06
4.2345e-01 1.9977e-06
4.1983e-01 2.1858e-06
4.1585e-01 2.2248e-06
4.1273e-01 2.2415e-06
4.1190e-01 2.2878e-06
4.0799e-01 2.4650e-06
4.0412e-01 2.5062e-06
4.0235e-01 2.5150e-06
4.0029e-01 2.6395e-06
3.9649e-01 2.7764e-06
3.9273e-01 2.8094e-06
3.8900e-01 2.8214e-06
3.8886e-01 2.8219e-06
3.8531e-01 3.0303e-06
3.8165e-01 3.1361e-06
3.7803e-01 3.1632e-06
3.7736e-01 3.1663e-06
3.7445e-01 3.3856e-06
3.7089e-01 3.4976e-06
3.6737e-01 3.5337e-06
3.6389e-01 3.5510e-06
3.6348e-01 3.5527e-06
3.6044e-01 3.8008e-06
3.5702e-01 3.9431e-06
3.5363e-01 3.9796e-06
3.5235e-01 3.9862e-06
3.5027e-01 4.1813e-06
3.4695e-01 4.3703e-06
3.4366e-01 4.4412e-06
3.4040e-01 4.4675e-06
3.3945e-01 4.4727e-06
3.3717e-01 4.6992e-06
3.3397e-01 4.8919e-06
3.3080e-01 4.9875e-06
3.2766e-01 5.0165e-06
3.2744e-01 5.0185e-06
3.2455e-01 5.3915e-06
3.2147e-01 5.5351e-06
3.1842e-01 5.5935e-06
3.1540e-01 5.6217e-06
3.1420e-01 5.6309e-06
3.1241e-01 5.8944e-06
3.0944e-01 6.1627e-06
3.0651e-01 6.2685e-06
3.0360e-01 6.3078e-06
3.0238e-01 6.3180e-06
3.0072e-01 6.6113e-06
2.9786e-01 6.9257e-06
2.9504e-01 7.0359e-06
2.9224e-01 7.0719e-06
2.9000e-01 7.0890e-06
2.8947e-01 7.1961e-06
2.8672e-01 7.6910e-06
2.8400e-01 7.8662e-06
2.8130e-01 7.9295e-06
2.7863e-01 7.9529e-06
2.7850e-01 7.9541e-06
2.7599e-01 8.5441e-06
2.7337e-01 8.7920e-06
2.7078e-01 8.8837e-06
2.6821e-01 8.9189e-06
2.6766e-01 8.9247e-06
2.6566e-01 9.4532e-06
2.6314e-01 9.8025e-06
2.6065e-01 9.9413e-06
2.5817e-01 1.0000e-05
2.5716e-01 1.0014e-05
2.5572e-01 1.0448e-05
2.5330e-01 1.0924e-05
2.5089e-01 1.1117e-05
2.4851e-01 1.1200e-05
2.4644e-01 1.1236e-05
2.4615e-01 1.1354e-05
2.4382e-01 1.2179e-05
2.4151e-01 1.2439e-05
2.3921e-01 1.2548e-05
2.3694e-01 1.2597e-05
2.3646e-01 1.2607e-05
2.3470e-01 1.3446e-05
2.3247e-01 1.3934e-05
2.3026e-01 1.4069e-05
2.2808e-01 1.4126e-05
2.2704e-01 1.4145e-05
2.2591e-01 1.4769e-05
2.2377e-01 1.5533e-05
2.2165e-01 1.5774e-05
2.1954e-01 1.5848e-05
2.1821e-01 1.5872e-05
2.1746e-01 1.6354e-05
2.1540e-01 1.7359e-05
2.1335e-01 1.7678e-05
2.1133e-01 1.7780e-05
2.1010e-01 1.7808e-05
2.0932e-01 1.8397e-05
2.0734e-01 1.9500e-05
2.0537e-01 1.9849e-05
2.0342e-01 1.9959e-05
2.0269e-01 1.9982e-05
2.0149e-01 2.1037e-05
1.9958e-01 2.2006e-05
1.9769e-01 2.2311e-05
1.9581e-01 2.2415e-05
1.9571e-01 2.2420e-05
1.9395e-01 2.4260e-05
1.9211e-01 2.4910e-05
1.9029e-01 2.5107e-05
1.8957e-01 2.5156e-05
1.8848e-01 2.6669e-05
1.8670e-01 2.7860e-05
1.8492e-01 2.8148e-05
1.8378e-01 2.8226e-05
1.8317e-01 2.9238e-05
1.8143e-01 3.1298e-05
1.7971e-01 3.1602e-05
1.7890e-01 3.1670e-05
1.7800e-01 3.3431e-05
1.7632e-01 3.5279e-05
1.7464e-01 3.5515e-05
1.7450e-01 3.5535e-05
1.7299e-01 3.9093e-05
1.7134e-01 3.9817e-05
1.7101e-01 3.9871e-05
1.6972e-01 4.3446e-05
1.6811e-01 4.4673e-05
1.6790e-01 4.4737e-05
1.6651e-01 4.9234e-05
1.6493e-01 5.0187e-05
1.6492e-01 5.0196e-05
1.6337e-01 5.6113e-05
1.6320e-01 5.6322e-05
1.6182e-01 6.2349e-05
1.6148e-01 6.3195e-05
1.6028e-01 6.9184e-05
1.5999e-01 7.0906e-05
1.5876e-01 7.7897e-05
1.5867e-01 7.9559e-05
1.5725e-01 8.8687e-05
1.5724e-01 8.9268e-05
1.5604e-01 1.0016e-04
1.5576e-01 1.0245e-04
1.5575e-01 1.1238e-04
1.5428e-01 1.2610e-04
1.5428e-01 1.2610e-04
1.5428e-01 1.4149e-04
1.5427e-01 1.5875e-04
1.5282e-01 1.7798e-04
1.5282e-01 1.7813e-04
1.5282e-01 1.9986e-04
1.5282e-01 2.2425e-04
1.5282e-01 2.5162e-04
1.5274e-01 2.8232e-04
1.5137e-01 3.1486e-04
1.5137e-01 3.1677e-04
1.5137e-01 3.5543e-04
1.5137e-01 3.9880e-04
1.5137e-01 4.4747e-04
1.5137e-01 5.0208e-04
1.5137e-01 5.6335e-04
1.5137e-01 6.3209e-04
1.5137e-01 7.0923e-04
1.5137e-01 7.9577e-04
1.5137e-01 8.9288e-04
1.5137e-01 1.0018e-03
1.5137e-01 1.1241e-03
1.5128e-01 1.2613e-03
1.4993e-01 1.4053e-03
1.4860e-01 1.2613e-03
1.4851e-01 1.1241e-03
1.4851e-01 1.0018e-03
1.4851e-01 8.9288e-04
1.4851e-01 7.9577e-04
1.4851e-01 7.0923e-04
1.4851e-01 6.3209e-04
1.4851e-01 5.6335e-04
1.4851e-01 5.0208e-04
1.4851e-01 4.9933e-04
1.4717e-01 4.4747e-04
1.4710e-01 3.9880e-04
1.4710e-01 3.5543e-04
1.4710e-01 3.1677e-04
1.4710e-01 2.8232e-04
1.4710e-01 2.5162e-04
1.4710e-01 2.2425e-04
1.4710e-01 1.9986e-04
1.4710e-01 1.7813e-04
1.4710e-01 1.7807e-04
1.4572e-01 1.5875e-04
1.4571e-01 1.4149e-04
1.4571e-01 1.2610e-04
1.4571e-01 1.1238e-04
1.4571e-01 1.0016e-04
1.4571e-01 1.0012e-04
1.4433e-01 8.9268e-05
1.4432e-01 7.9559e-05
1.4432e-01 7.0906e-05
1.4432e-01 6.5933e-05
1.4384e-01 6.3195e-05
1.4296e-01 5.6322e-05
1.4296e-01 5.0196e-05
1.4296e-01 4.4737e-05
1.4296e-01 4.4687e-05
1.4162e-01 3.9871e-05
1.4160e-01 3.5535e-05
1.4160e-01 3.1670e-05
1.4160e-01 3.1589e-05
1.4029e-01 2.8226e-05
1.4026e-01 2.5156e-05
1.4026e-01 2.2420e-05
1.4026e-01 2.2230e-05
1.3903e-01 1.9982e-05
1.3892e-01 1.7808e-05
1.3892e-01 1.5872e-05
1.3892e-01 1.4145e-05
1.3892e-01 1.4135e-05
1.3762e-01 1.2607e-05
1.3761e-01 1.1236e-05
1.3761e-01 1.0014e-05
1.3761e-01 8.9247e-06
1.3761e-01 8.8542e-06
1.3640e-01 7.9541e-06
1.3630e-01 7.0890e-06
1.3630e-01 6.3180e-06
1.3630e-01 5.6309e-06
1.3630e-01 5.0185e-06
1.3630e-01 4.4727e-06
1.3630e-01 3.9862e-06
1.3630e-01 3.9779e-06
1.3504e-01 3.5527e-06
1.3501e-01 3.1663e-06
1.3501e-01 2.8219e-06
1.3501e-01 2.5150e-06
1.3501e-01 2.2415e-06
1.3501e-01 1.9977e-06
1.3501e-01 1.7804e-06
1.3501e-01 1.5868e-06
1.3501e-01 1.4142e-06
1.3501e-01 1.2604e-06
1.3501e-01 1.1233e-06
1.3501e-01 1.0012e-06
1.3501e-01 8.9227e-07
1.3501e-01 7.9522e-07
1.3501e-01 7.0874e-07
1.3501e-01 6.3166e-07
1.3501e-01 5.6296e-07
1.3501e-01 5.0173e-07
1.3501e-01 4.4716e-07
1.3501e-01 3.9853e-07
1.3501e-01 3.5519e-07
1.3501e-01 3.1656e-07
1.3501e-01 2.8213e-07
1.3501e-01 2.5144e-07
1.3501e-01 2.2410e-07
1.3501e-01 1.9972e-07
1.3501e-01 1.7800e-07
1.3501e-01 1.5864e-07
1.3501e-01 1.4139e-07
1.3501e-01 1.2601e-07
1.3501e-01 1.1231e-07
1.3501e-01 1.0009e-07
1.3501e-01 8.9206e-08
1.3501e-01 7.9504e-08
1.3501e-01 7.7531e-08
1.3501e-01 7.9504e-08
1.3501e-01 8.9206e-08
1.3501e-01 1.0009e-07
1.3501e-01 1.1231e-07
1.3501e-01 1.2601e-07
1.3501e-01 1.4139e-07
1.3501e-01 1.5864e-07
1.3501e-01 1.7800e-07
1.3501e-01 1.9972e-07
1.3501e-01 2.2410e-07
1.3501e-01 2.5144e-07
1.3501e-01 2.8213e-07
1.3501e-01 3.1656e-07
1.3501e-01 3.5519e-07
1.3501e-01 3.9853e-07
1.3501e-01 4.4716e-07
1.3501e-01 5.0173e-07
1.3501e-01 5.6296e-07
1.3501e-01 6.3166e-07
1.3501e-01 7.0874e-07
1.3501e-01 7.9522e-07
1.3501e-01 8.9227e-07
1.3501e-01 1.0012e-06
1.3501e-01 1.1233e-06
1.3501e-01 1.2604e-06
1.3501e-01 1.4142e-06
1.3501e-01 1.5868e-06
1.3501e-01 1.7804e-06
1.3501e-01 1.9977e-06
1.3501e-01 2.2415e-06
1.3501e-01 2.5150e-06
1.3500e-01 2.8219e-06
1.3373e-01 3.1660e-06
1.3373e-01 3.1663e-06
1.3373e-01 3.5527e-06
1.3373e-01 3.9862e-06
1.3373e-01 4.4727e-06
1.3373e-01 5.0185e-06
1.3367e-01 5.6309e-06
1.3246e-01 6.2858e-06
1.3246e-01 6.3180e-06
1.3246e-01 7.0890e-06
1.3241e-01 7.9541e-06
1.3120e-01 8.8879e-06
1.3120e-01 8.9247e-06
1.3116e-01 1.0014e-05
1.2996e-01 1.1199e-05
1.2996e-01 1.1236e-05
1.2936e-01 1.2607e-05
1.2872e-01 1.3409e-05
1.2853e-01 1.4145e-05
1.2750e-01 1.5602e-05
1.2729e-01 1.5872e-05
1.2629e-01 1.7478e-05
1.2578e-01 1.7808e-05
1.2509e-01 1.9051e-05
1.2391e-01 1.9969e-05
1.2387e-01 1.9982e-05
1.2273e-01 2.2279e-05
1.2205e-01 2.2420e-05
1.2157e-01 2.3510e-05
1.2041e-01 2.5063e-05
1.1977e-01 2.5156e-05
1.1927e-01 2.6388e-05
1.1814e-01 2.8055e-05
1.1702e-01 2.8221e-05
1.1698e-01 2.8226e-05
1.1591e-01 3.1090e-05
1.1481e-01 3.1594e-05
1.1406e-01 3.1670e-05
1.1372e-01 3.2659e-05
1.1264e-01 3.4981e-05
1.1157e-01 3.5439e-05
1.1061e-01 3.5535e-05
1.1051e-01 3.5867e-05
1.0946e-01 3.8896e-05
1.0842e-01 3.9644e-05
1.0740e-01 3.9839e-05
1.0709e-01 3.9871e-05
1.0638e-01 4.2297e-05
1.0537e-01 4.4025e-05
1.0437e-01 4.4548e-05
1.0338e-01 4.4715e-05
1.0319e-01 4.4737e-05
1.0240e-01 4.7656e-05
1.0142e-01 4.9328e-05
1.0046e-01 4.9913e-05
9.9509e-02 5.0137e-05
9.9107e-02 5.0196e-05
9.8564e-02 5.2604e-05
9.7629e-02 5.4921e-05
9.6703e-02 5.5801e-05
9.5785e-02 5.6152e-05
9.4876e-02 5.6307e-05
9.4801e-02 5.6322e-05
9.3976e-02 6.0698e-05
9.3084e-02 6.2183e-05
9.2201e-02 6.2793e-05
9.1326e-02 6.3059e-05
9.0460e-02 6.3191e-05
9.0441e-02 6.3195e-05
8.9601e-02 6.8221e-05
8.8751e-02 6.9958e-05
8.7909e-02 7.0503e-05
8.7075e-02 7.0761e-05
8.6249e-02 7.0894e-05
8.6187e-02 7.0906e-05
8.5430e-02 7.6010e-05
8.4620e-02 7.8267e-05
8.3817e-02 7.9100e-05
8.3022e-02 7.9383e-05
8.2234e-02 7.9526e-05
8.2052e-02 7.9559e-05
8.1454e-02 8.4143e-05
8.0681e-02 8.7288e-05
7.9915e-02 8.8517e-05
7.9157e-02 8.9008e-05
7.8406e-02 8.9205e-05
7.8033e-02 8.9268e-05
7.7662e-02 9.2503e-05
7.6925e-02 9.7017e-05
7.6195e-02 9.8896e-05
7.5472e-02 9.9682e-05
7.4756e-02 1.0002e-04
7.4117e-02 1.0016e-04
7.4047e-02 1.0086e-04
7.3344e-02 1.0738e-04
7.2648e-02 1.1019e-04
7.1959e-02 1.1145e-04
7.1276e-02 1.1206e-04
7.0600e-02 1.1232e-04
7.0422e-02 1.1238e-04
6.9930e-02 1.1788e-04
6.9266e-02 1.2232e-04
6.8609e-02 1.2438e-04
6.7958e-02 1.2536e-04
6.7313e-02 1.2585e-04
6.6769e-02 1.2610e-04
6.6674e-02 1.2755e-04
6.6042e-02 1.3529e-04
6.5415e-02 1.3855e-04
6.4794e-02 1.4012e-04
6.4180e-02 1.4090e-04
6.3571e-02 1.4131e-04
6.3190e-02 1.4149e-04
6.2967e-02 1.4541e-04
6.2370e-02 1.5353e-04
6.1778e-02 1.5649e-04
6.1192e-02 1.5767e-04
6.0611e-02 1.5828e-04
6.0036e-02 1.5862e-04
5.9781e-02 1.5875e-04
5.9467e-02 1.6509e-04
5.8902e-02 1.7278e-04
5.8343e-02 1.7594e-04
5.7790e-02 1.7726e-04
5.7242e-02 1.7777e-04
5.6698e-02 1.7806e-04
5.6561e-02 1.7813e-04
5.6160e-02 1.8747e-04
5.5628e-02 1.9460e-04
5.5100e-02 1.9763e-04
5.4577e-02 1.9896e-04
5.4059e-02 1.9956e-04
5.3546e-02 1.9984e-04
5.3509e-02 1.9986e-04
5.3038e-02 2.1234e-04
5.2535e-02 2.1892e-04
5.2036e-02 2.2193e-04
5.1543e-02 2.2333e-04
5.1053e-02 2.2398e-04
5.0682e-02 2.2425e-04
5.0569e-02 2.2771e-04
5.0089e-02 2.4051e-04
4.9614e-02 2.4648e-04
4.9143e-02 2.4929e-04
4.8677e-02 2.5069e-04
4.8215e-02 2.5143e-04
4.8032e-02 2.5162e-04
4.7758e-02 2.6122e-04
4.7304e-02 2.7214e-04
4.6856e-02 2.7743e-04
4.6411e-02 2.8002e-04
4.5971e-02 2.8135e-04
4.5534e-02 2.8208e-04
4.5369e-02 2.8232e-04
4.5102e-02 2.9507e-04
4.4674e-02 3.0745e-04
4.4250e-02 3.1212e-04
4.3831e-02 3.1452e-04
4.3415e-02 3.1580e-04
4.3003e-02 3.1651e-04
4.2833e-02 3.1677e-04
4.2595e-02 3.3007e-04
4.2191e-02 3.4491e-04
4.1790e-02 3.5109e-04
4.1394e-02 3.5348e-04
4.1001e-02 3.5457e-04
4.0612e-02 3.5521e-04
4.0465e-02 3.5543e-04
4.0227e-02 3.7062e-04
3.9845e-02 3.8652e-04
3.9467e-02 3.9349e-04
3.9092e-02 3.9659e-04
3.8721e-02 3.9799e-04
3.8354e-02 3.9863e-04
3.8240e-02 3.9880e-04
3.7990e-02 4.1722e-04
3.7630e-02 4.3383e-04
3.7273e-02 4.4146e-04
3.6919e-02 4.4491e-04
3.6569e-02 4.4653e-04
3.6222e-02 4.4732e-04
3.6145e-02 4.4747e-04
3.5878e-02 4.6979e-04
3.5537e-02 4.8674e-04
3.5200e-02 4.9490e-04
3.4866e-02 4.9896e-04
3.4535e-02 5.0104e-04
3.4208e-02 5.0202e-04
3.4188e-02 5.0208e-04
3.3883e-02 5.3209e-04
3.3562e-02 5.4835e-04
3.3243e-02 5.5625e-04
3.2928e-02 5.6012e-04
3.2615e-02 5.6215e-04
3.2306e-02 5.6332e-04
3.2299e-02 5.6335e-04
3.1999e-02 6.0300e-04
3.1696e-02 6.1745e-04
3.1395e-02 6.2481e-04
3.1097e-02 6.2867e-04
3.0802e-02 6.3075e-04
3.0510e-02 6.3195e-04
3.0480e-02 6.3209e-04
3.0220e-02 6.7228e-04
2.9933e-02 6.9376e-04
2.9649e-02 7.0271e-04
2.9368e-02 7.0607e-04
2.9089e-02 7.0794e-04
2.8813e-02 7.0907e-04
2.8777e-02 7.0923e-04
2.8540e-02 7.5159e-04
2.8269e-02 7.7642e-04
2.8001e-02 7.8741e-04
2.7735e-02 7.9234e-04
2.7472e-02 7.9457e-04
2.7211e-02 7.9564e-04
2.7184e-02 7.9577e-04
2.6953e-02 8.4336e-04
2.6698e-02 8.7052e-04
2.6444e-02 8.8309e-04
2.6193e-02 8.8876e-04
2.5945e-02 8.9147e-04
2.5699e-02 8.9281e-04
2.5685e-02 8.9288e-04
2.5455e-02 9.4660e-04
2.5213e-02 9.7553e-04
2.4974e-02 9.8957e-04
2.4737e-02 9.9663e-04
2.4502e-02 1.0002e-03
2.4300e-02 1.0018e-03
2.4270e-02 1.0102e-03
2.4040e-02 1.0696e-03
2.3811e-02 1.0980e-03
2.3585e-02 1.1118e-03
2.3362e-02 1.1186e-03
2.3140e-02 1.1222e-03
2.2967e-02 1.1241e-03
2.2920e-02 1.1416e-03
2.2703e-02 1.2096e-03
2.2488e-02 1.2352e-03
2.2274e-02 1.2484e-03
2.2063e-02 1.2553e-03
2.1853e-02 1.2591e-03
2.1646e-02 1.2613e-03
2.1645e-02 1.2613e-03
2.1441e-02 1.3501e-03
2.1237e-02 1.3879e-03
2.1036e-02 1.4034e-03
2.0836e-02 1.4096e-03
2.0638e-02 1.4130e-03
2.0443e-02 1.4151e-03
2.0438e-02 1.4152e-03
2.0249e-02 1.5100e-03
2.0057e-02 1.5540e-03
1.9866e-02 1.5734e-03
1.9678e-02 1.5821e-03
1.9491e-02 1.5859e-03
1.9309e-02 1.5879e-03
1.9306e-02 1.5894e-03
1.9123e-02 1.6947e-03
1.8941e-02 1.7426e-03
1.8762e-02 1.7648e-03
1.8584e-02 1.7748e-03
1.8407e-02 1.7796e-03
1.8267e-02 1.7817e-03
1.8233e-02 1.8041e-03
1.8060e-02 1.9076e-03
1.7888e-02 1.9564e-03
1.7719e-02 1.9798e-03
1.7550e-02 1.9913e-03
1.7384e-02 1.9972e-03
1.7294e-02 1.9991e-03
1.7219e-02 2.0570e-03
1.7056e-02 2.1537e-03
1.6894e-02 2.2002e-03
1.6734e-02 2.2230e-03
1.6575e-02 2.2344e-03
1.6417e-02 2.2405e-03
1.6337e-02 2.2430e-03
1.6262e-02 2.3218e-03
1.6107e-02 2.4336e-03
1.5955e-02 2.4754e-03
1.5803e-02 2.4967e-03
1.5653e-02 2.5078e-03
1.5505e-02 2.5139e-03
1.5413e-02 2.5167e-03
1.5358e-02 2.5842e-03
1.5212e-02 2.7249e-03
1.5068e-02 2.7831e-03
1.4925e-02 2.8068e-03
1.4783e-02 2.8161e-03
1.4643e-02 2.8215e-03
1.4559e-02 2.8239e-03
1.4504e-02 2.9024e-03
1.4366e-02 3.0537e-03
1.4230e-02 3.1192e-03
1.4095e-02 3.1480e-03
1.3961e-02 3.1609e-03
1.3829e-02 3.1667e-03
1.3768e-02 3.1685e-03
1.3697e-02 3.2849e-03
1.3567e-02 3.4355e-03
1.3439e-02 3.5030e-03
1.3311e-02 3.5339e-03
1.3185e-02 3.5474e-03
1.3060e-02 3.5539e-03
1.3031e-02 3.5551e-03
1.2936e-02 3.7354e-03
1.2813e-02 3.8724e-03
1.2691e-02 3.9361e-03
1.2571e-02 3.9664e-03
1.2452e-02 3.9813e-03
1.2339e-02 3.9890e-03
1.2334e-02 4.0027e-03
1.2217e-02 4.2525e-03
1.2101e-02 4.3703e-03
1.1986e-02 4.4265e-03
1.1872e-02 4.4540e-03
1.1759e-02 4.4678e-03
1.1648e-02 4.4755e-03
1.1646e-02 4.4757e-03
1.1537e-02 4.7992e-03
1.1428e-02 4.9312e-03
1.1319e-02 4.9783e-03
1.1212e-02 5.0021e-03
1.1106e-02 5.0146e-03
1.1000e-02 5.0217e-03
1.0997e-02 5.0219e-03
1.0896e-02 5.3757e-03
1.0793e-02 5.5295e-03
1.0690e-02 5.5926e-03
1.0589e-02 5.6188e-03
1.0488e-02 5.6291e-03
1.0401e-02 5.6348e-03
1.0389e-02 5.6815e-03
1.0290e-02 6.0512e-03
1.0193e-02 6.2086e-03
1.0096e-02 6.2757e-03
1.0000e-02 6.3050e-03
1.0000e-02 3.0002e-06
1.0096e-02 2.9675e-06
1.0193e-02 2.9360e-06
1.0290e-02 2.9051e-06
1.0389e-02 2.8757e-06
1.0488e-02 2.8479e-06
1.0587e-02 2.8219e-06
1.0589e-02 2.8211e-06
1.0690e-02 2.7859e-06
1.0793e-02 2.7517e-06
1.0896e-02 2.7185e-06
1.1000e-02 2.6862e-06
1.1106e-02 2.6550e-06
1.1212e-02 2.6249e-06
1.1319e-02 2.5957e-06
1.1428e-02 2.5675e-06
1.1537e-02 2.5403e-06
1.1642e-02 2.5150e-06
1.1648e-02 2.5132e-06
1.1759e-02 2.4776e-06
1.1872e-02 2.4438e-06
1.1986e-02 2.4172e-06
1.2101e-02 2.3909e-06
1.2217e-02 2.3646e-06
1.2334e-02 2.3387e-06
1.2452e-02 2.3134e-06
1.2571e-02 2.2889e-06
1.2691e-02 2.2632e-06
1.2800e-02 2.2415e-06
1.2813e-02 2.2380e-06
1.2936e-02 2.2037e-06
1.3060e-02 2.1707e-06
1.3185e-02 2.1394e-06
1.3311e-02 2.1100e-06
1.3439e-02 2.0832e-06
1.3567e-02 2.0578e-06
1.3697e-02 2.0338e-06
1.3829e-02 2.0107e-06
1.3904e-02 1.9977e-06
1.3961e-02 1.9841e-06
1.4095e-02 1.9531e-06
1.4230e-02 1.9217e-06
1.4366e-02 1.8920e-06
1.4504e-02 1.8637e-06
1.4643e-02 1.8366e-06
1.4783e-02 1.8105e-06
1.4925e-02 1.7854e-06
1.4956e-02 1.7804e-06
1.5068e-02 1.7575e-06
1.5212e-02 1.7292e-06
1.5358e-02 1.7020e-06
1.5505e-02 1.6759e-06
1.5653e-02 1.6512e-06
1.5803e-02 1.6280e-06
1.5955e-02 1.6079e-06
1.6107e-02 1.5889e-06
1.6124e-02 1.5868e-06
1.6262e-02 1.5641e-06
1.6417e-02 1.5398e-06
1.6575e-02 1.5168e-06
1.6734e-02 1.4945e-06
1.6894e-02 1.4700e-06
1.7056e-02 1.4467e-06
1.7219e-02 1.4247e-06
1.7298e-02 1.4142e-06
1.7384e-02 1.3996e-06
1.7550e-02 1.3723e-06
1.7719e-02 1.3470e-06
1.7888e-02 1.3243e-06
1.8060e-02 1.3028e-06
1.8233e-02 1.2824e-06
1.8407e-02 1.2630e-06
1.8431e-02 1.2604e-06
1.8584e-02 1.2388e-06
1.8762e-02 1.2152e-06
1.8941e-02 1.1940e-06
1.9123e-02 1.1744e-06
1.9306e-02 1.1557e-06
1.9491e-02 1.1379e-06
1.9648e-02 1.1233e-06
1.9678e-02 1.1197e-06
1.9866e-02 1.0977e-06
2.0057e-02 1.0774e-06
2.0249e-02 1.0584e-06
2.0443e-02 1.0411e-06
2.0638e-02 1.0245e-06
2.0836e-02 1.0087e-06
2.0934e-02 1.0012e-06
2.1036e-02 9.9085e-07
2.1237e-02 9.7144e-07
2.1441e-02 9.5326e-07
2.1646e-02 9.3614e-07
2.1853e-02 9.1997e-07
2.2063e-02 9.0446e-07
2.2236e-02 8.9227e-07
2.2274e-02 8.8890e-07
2.2488e-02 8.6883e-07
2.2703e-02 8.4951e-07
2.2920e-02 8.3175e-07
2.3140e-02 8.1557e-07
2.3362e-02 8.0070e-07
2.3449e-02 7.9522e-07
2.3585e-02 7.8470e-07
2.3811e-02 7.6941e-07
2.4040e-02 7.5487e-07
2.4270e-02 7.4151e-07
2.4502e-02 7.2967e-07
2.4737e-02 7.1865e-07
2.4959e-02 7.0874e-07
2.4974e-02 7.0771e-07
2.5213e-02 6.9117e-07
2.5455e-02 6.7687e-07
2.5699e-02 6.6419e-07
2.5945e-02 6.5266e-07
2.6193e-02 6.4188e-07
2.6433e-02 6.3166e-07
2.6444e-02 6.3104e-07
2.6698e-02 6.1548e-07
2.6953e-02 6.0113e-07
2.7211e-02 5.8795e-07
2.7472e-02 5.7593e-07
2.7735e-02 5.6500e-07
2.7788e-02 5.6296e-07
2.8001e-02 5.5206e-07
2.8269e-02 5.4068e-07
2.8540e-02 5.3011e-07
2.8813e-02 5.2022e-07
2.9089e-02 5.1108e-07
2.9368e-02 5.0262e-07
2.9398e-02 5.0173e-07
2.9649e-02 4.9209e-07
2.9933e-02 4.8239e-07
3.0220e-02 4.7334e-07
3.0510e-02 4.6490e-07
3.0802e-02 4.5702e-07
3.1097e-02 4.4964e-07
3.1200e-02 4.4716e-07
3.1395e-02 4.4110e-07
3.1696e-02 4.3213e-07
3.1999e-02 4.2376e-07
3.2306e-02 4.1603e-07
3.2615e-02 4.0886e-07
3.2928e-02 4.0224e-07
3.3106e-02 3.9853e-07
3.3243e-02 3.9477e-07
3.3562e-02 3.8571e-07
3.3883e-02 3.7737e-07
3.4208e-02 3.6971e-07
3.4535e-02 3.6267e-07
3.4866e-02 3.5615e-07
3.4918e-02 3.5519e-07
3.5200e-02 3.4827e-07
3.5537e-02 3.4125e-07
3.5878e-02 3.3475e-07
3.6222e-02 3.2872e-07
3.6569e-02 3.2310e-07
3.6919e-02 3.1784e-07
3.7013e-02 3.1656e-07
3.7273e-02 3.1194e-07
3.7630e-02 3.0687e-07
3.7990e-02 3.0204e-07
3.8354e-02 2.9746e-07
3.8721e-02 2.9313e-07
3.9092e-02 2.8907e-07
3.9467e-02 2.8467e-07
3.9641e-02 2.8213e-07
3.9845e-02 2.7818e-07
4.0227e-02 2.7118e-07
4.0612e-02 2.6475e-07
4.1001e-02 2.5880e-07
4.1394e-02 2.5324e-07
4.1550e-02 2.5144e-07
4.1790e-02 2.4796e-07
4.2191e-02 2.4442e-07
4.2595e-02 2.4102e-07
4.3003e-02 2.3775e-07
4.3415e-02 2.3464e-07
4.3831e-02 2.3166e-07
4.4250e-02 2.2822e-07
4.4661e-02 2.2410e-07
4.4674e-02 2.2393e-07
4.5102e-02 2.1841e-07
4.5534e-02 2.1337e-07
4.5971e-02 2.0876e-07
4.6411e-02 2.0454e-07
4.6856e-02 2.0065e-07
4.6961e-02 1.9972e-07
4.7304e-02 1.9579e-07
4.7758e-02 1.9096e-07
4.8215e-02 1.8647e-07
4.8677e-02 1.8236e-07
4.9143e-02 1.7856e-07
4.9218e-02 1.7800e-07
4.9614e-02 1.7431e-07
5.0089e-02 1.7056e-07
5.0569e-02 1.6704e-07
5.1053e-02 1.6378e-07
5.1543e-02 1.6078e-07
5.1924e-02 1.5864e-07
5.2036e-02 1.5782e-07
5.2535e-02 1.5401e-07
5.3038e-02 1.5017e-07
5.3546e-02 1.4667e-07
5.4059e-02 1.4350e-07
5.4429e-02 1.4139e-07
5.4577e-02 1.4029e-07
5.5100e-02 1.3655e-07
5.5628e-02 1.3341e-07
5.6160e-02 1.3088e-07
5.6698e-02 1.2854e-07
5.7242e-02 1.2638e-07
5.7339e-02 1.2601e-07
5.7790e-02 1.2371e-07
5.8343e-02 1.2107e-07
5.8902e-02 1.1849e-07
5.9467e-02 1.1591e-07
6.0036e-02 1.1352e-07
6.0339e-02 1.1231e-07
6.0611e-02 1.1096e-07
6.1192e-02 1.0818e-07
6.1778e-02 1.0551e-07
6.2370e-02 1.0297e-07
6.2967e-02 1.0070e-07
6.3133e-02 1.0009e-07
6.3571e-02 9.8237e-08
6.4180e-02 9.5736e-08
6.4794e-02 9.3402e-08
6.5415e-02 9.1282e-08
6.6042e-02 8.9268e-08
6.6060e-02 8.9206e-08
6.6674e-02 8.6470e-08
6.7313e-02 8.3913e-08
6.7958e-02 8.1617e-08
6.8609e-02 7.9561e-08
6.8627e-02 7.9504e-08
6.9266e-02 7.6959e-08
6.9930e-02 7.4660e-08
7.0600e-02 7.2665e-08
7.1276e-02 7.0878e-08
7.1284e-02 7.0857e-08
7.1959e-02 6.8691e-08
7.2648e-02 6.6689e-08
7.3344e-02 6.4867e-08
7.4047e-02 6.3345e-08
7.4148e-02 6.3151e-08
7.4756e-02 6.1706e-08
7.5472e-02 6.0123e-08
7.6195e-02 5.8654e-08
7.6925e-02 5.7291e-08
7.7501e-02 5.6283e-08
7.7662e-02 5.5933e-08
7.8406e-02 5.4404e-08
7.9157e-02 5.3067e-08
7.9915e-02 5.1836e-08
8.0681e-02 5.0698e-08
8.1059e-02 5.0161e-08
8.1454e-02 4.9448e-08
8.2234e-02 4.8111e-08
8.3022e-02 4.6870e-08
8.3817e-02 4.5721e-08
8.4597e-02 4.4706e-08
8.4620e-02 4.4666e-08
8.5430e-02 4.3306e-08
8.6249e-02 4.2102e-08
8.7075e-02 4.1003e-08
8.7909e-02 4.0010e-08
8.8051e-02 3.9844e-08
8.8751e-02 3.8781e-08
8.9601e-02 3.7633e-08
9.0460e-02 3.6605e-08
9.1326e-02 3.5661e-08
9.1466e-02 3.5510e-08
9.2201e-02 3.4548e-08
9.3084e-02 3.3531e-08
9.3976e-02 3.2604e-08
9.4876e-02 3.1747e-08
9.4981e-02 3.1648e-08
9.5785e-02 3.0706e-08
9.6703e-02 2.9727e-08
9.7629e-02 2.8831e-08
9.8299e-02 2.8206e-08
9.8564e-02 2.7909e-08
9.9509e-02 2.6856e-08
1.0046e-01 2.5939e-08
1.0142e-01 2.5146e-08
1.0143e-01 2.5139e-08
1.0240e-01 2.4143e-08
1.0338e-01 2.3287e-08
1.0437e-01 2.2529e-08
1.0453e-01 2.2404e-08
1.0537e-01 2.1527e-08
1.0638e-01 2.0637e-08
1.0724e-01 1.9968e-08
1.0740e-01 1.9822e-08
1.0842e-01 1.8873e-08
1.0946e-01 1.8072e-08
1.0984e-01 1.7796e-08
1.1051e-01 1.7227e-08
1.1157e-01 1.6426e-08
1.1242e-01 1.5861e-08
1.1264e-01 1.5683e-08
1.1372e-01 1.4840e-08
1.1481e-01 1.4137e-08
1.1481e-01 1.4136e-08
1.1591e-01 1.3229e-08
1.1684e-01 1.2598e-08
1.1702e-01 1.2453e-08
1.1814e-01 1.1514e-08
1.1852e-01 1.1228e-08
1.1927e-01 1.0652e-08
1.2017e-01 1.0007e-08
1.2041e-01 9.8395e-09
1.2157e-01 9.0259e-09
1.2172e-01 8.9186e-09
1.2273e-01 8.1936e-09
1.2308e-01 7.9486e-09
1.2391e-01 7.3918e-09
1.2435e-01 7.0841e-09
1.2509e-01 6.6176e-09
1.2551e-01 6.3136e-09
1.2629e-01 5.8403e-09
1.2657e-01 5.6270e-09
1.2750e-01 5.0753e-09
1.2757e-01 5.0150e-09
1.2837e-01 4.4696e-09
1.2872e-01 4.2847e-09
1.2907e-01 3.9835e-09
1.2985e-01 3.5502e-09
1.2996e-01 3.4952e-09
1.3027e-01 3.1641e-09
1.3083e-01 2.8200e-09
1.3120e-01 2.6522e-09
1.3128e-01 2.5133e-09
1.3153e-01 2.2399e-09
1.3193e-01 1.9963e-09
1.3246e-01 1.7968e-09
1.3246e-01 1.7792e-09
1.3252e-01 1.5857e-09
1.3260e-01 1.4132e-09
1.3274e-01 1.2595e-09
1.3297e-01 1.1225e-09
1.3331e-01 1.0005e-09
1.3373e-01 9.0607e-10
1.3373e-01 8.9165e-10
1.3373e-01 7.9468e-10
1.3373e-01 7.0825e-10
1.3373e-01 6.3122e-10
1.3373e-01 5.6257e-10
1.3373e-01 5.0138e-10
1.3373e-01 4.4685e-10
1.3373e-01 3.9825e-10
1.3373e-01 3.5494e-10
1.3373e-01 3.1634e-10
1.3373e-01 2.8193e-10
1.3373e-01 2.5127e-10
1.3373e-01 2.2394e-10
1.3373e-01 1.9959e-10
1.3373e-01 1.7788e-10
1.3373e-01 1.5853e-10
1.3373e-01 1.4129e-10
1.3373e-01 1.2592e-10
1.3373e-01 1.1223e-10
1.3373e-01 1.0002e-10
1.3373e-01 8.9145e-11
1.3374e-01 7.9449e-11
1.3374e-01 7.0808e-11
1.3374e-01 6.3107e-11
1.3375e-01 5.6244e-11
1.3376e-01 5.0127e-11
1.3378e-01 4.4675e-11
1.3381e-01 3.9816e-11
1.3386e-01 3.5486e-11
1.3394e-01 3.1626e-11
1.3406e-01 2.8187e-11
1.3426e-01 2.5121e-11
1.3456e-01 2.2389e-11
1.3501e-01 1.9987e-11
1.3547e-01 2.2389e-11
1.3577e-01 2.5121e-11
1.3597e-01 2.8187e-11
1.3609e-01 3.1626e-11
1.3617e-01 3.5486e-11
1.3622e-01 3.9816e-11
1.3625e-01 4.4675e-11
1.3627e-01 5.0127e-11
1.3628e-01 5.6244e-11
1.3629e-01 6.3107e-11
1.3629e-01 7.0808e-11
1.3629e-01 7.9449e-11
1.3630e-01 8.9145e-11
1.3630e-01 1.0002e-10
1.3630e-01 1.1223e-10
1.3630e-01 1.2592e-10
1.3630e-01 1.4129e-10
1.3630e-01 1.5853e-10
1.3630e-01 1.7788e-10
1.3630e-01 1.9959e-10
1.3630e-01 2.2394e-10
1.3630e-01 2.5127e-10
1.3630e-01 2.8193e-10
1.3630e-01 3.1634e-10
1.3630e-01 3.5494e-10
1.3630e-01 3.9825e-10
1.3630e-01 4.4685e-10
1.3630e-01 5.0138e-10
1.3630e-01 5.6257e-10
1.3630e-01 6.3122e-10
1.3630e-01 7.0825e-10
1.3630e-01 7.9468e-10
1.3630e-01 8.9165e-10
1.3630e-01 1.0005e-09
1.3630e-01 1.0023e-09
1.3680e-01 1.1225e-09
1.3712e-01 1.2595e-09
1.3733e-01 1.4132e-09
1.3747e-01 1.5857e-09
1.3755e-01 1.7792e-09
1.3760e-01 1.9963e-09
1.3761e-01 2.0528e-09
1.3806e-01 2.2399e-09
1.3847e-01 2.5133e-09
1.3873e-01 2.8200e-09
1.3890e-01 3.1641e-09
1.3892e-01 3.2163e-09
1.3950e-01 3.5502e-09
1.3995e-01 3.9835e-09
1.4023e-01 4.4696e-09
1.4026e-01 4.5233e-09
1.4092e-01 5.0150e-09
1.4140e-01 5.6270e-09
1.4160e-01 6.0112e-09
1.4194e-01 6.3136e-09
1.4259e-01 7.0841e-09
1.4296e-01 7.8267e-09
1.4307e-01 7.9486e-09
1.4381e-01 8.9186e-09
1.4428e-01 1.0007e-08
1.4432e-01 1.0106e-08
1.4502e-01 1.1228e-08
1.4554e-01 1.2598e-08
1.4571e-01 1.3237e-08
1.4612e-01 1.4136e-08
1.4667e-01 1.5861e-08
1.4701e-01 1.7796e-08
1.4710e-01 1.8449e-08
1.4751e-01 1.9968e-08
1.4795e-01 2.2404e-08
1.4823e-01 2.5139e-08
1.4841e-01 2.8206e-08
1.4851e-01 3.1604e-08
1.4852e-01 3.1648e-08
1.4914e-01 3.5510e-08
1.4950e-01 3.9844e-08
1.4972e-01 4.4706e-08
1.4987e-01 5.0161e-08
1.4993e-01 5.3914e-08
1.4997e-01 5.0161e-08
1.5005e-01 4.4706e-08
1.5017e-01 3.9844e-08
1.5037e-01 3.5510e-08
1.5069e-01 3.1648e-08
1.5120e-01 2.8206e-08
1.5137e-01 2.7268e-08
1.5176e-01 2.5139e-08
1.5259e-01 2.2404e-08
1.5282e-01 2.1790e-08
1.5385e-01 1.9968e-08
1.5428e-01 1.9300e-08
1.5576e-01 1.7907e-08
1.5594e-01 1.7796e-08
1.5725e-01 1.6862e-08
1.5876e-01 1.6223e-08
1.6004e-01 1.5861e-08
1.6028e-01 1.5776e-08
1.6182e-01 1.5311e-08
1.6337e-01 1.4954e-08
1.6493e-01 1.4663e-08
1.6651e-01 1.4427e-08
1.6811e-01 1.4231e-08
1.6905e-01 1.4136e-08
1.6972e-01 1.4047e-08
1.7134e-01 1.3844e-08
1.7299e-01 1.3658e-08
1.7464e-01 1.3511e-08
1.7632e-01 1.3382e-08
1.7800e-01 1.3257e-08
1.7971e-01 1.3139e-08
1.8143e-01 1.3025e-08
1.8317e-01 1.2915e-08
1.8492e-01 1.2825e-08
1.8670e-01 1.2745e-08
1.8848e-01 1.2670e-08
1.9029e-01 1.2601e-08
1.9036e-01 1.2598e-08
1.9211e-01 1.2505e-08
1.9395e-01 1.2410e-08
1.9581e-01 1.2305e-08
1.9769e-01 1.2200e-08
1.9958e-01 1.2100e-08
2.0149e-01 1.1997e-08
2.0342e-01 1.1893e-08
2.0537e-01 1.1794e-08
2.0734e-01 1.1657e-08
2.0932e-01 1.1513e-08
2.1133e-01 1.1372e-08
2.1335e-01 1.1239e-08
2.1352e-01 1.1228e-08
2.1540e-01 1.1072e-08
2.1746e-01 1.0914e-08
2.1954e-01 1.0810e-08
2.2165e-01 1.0724e-08
2.2377e-01 1.0639e-08
2.2591e-01 1.0555e-08
2.2808e-01 1.0465e-08
2.3026e-01 1.0376e-08
2.3247e-01 1.0288e-08
2.3470e-01 1.0204e-08
2.3694e-01 1.0125e-08
2.3921e-01 1.0048e-08
2.4031e-01 1.0007e-08
2.4151e-01 9.9433e-09
2.4382e-01 9.8240e-09
2.4615e-01 9.7023e-09
2.4851e-01 9.5855e-09
2.5089e-01 9.4749e-09
2.5330e-01 9.3659e-09
2.5572e-01 9.2601e-09
2.5817e-01 9.1586e-09
2.6065e-01 9.0656e-09
2.6314e-01 8.9768e-09
2.6486e-01 8.9186e-09
2.6566e-01 8.8817e-09
2.6821e-01 8.7686e-09
2.7078e-01 8.6610e-09
2.7337e-01 8.5556e-09
2.7599e-01 8.4376e-09
2.7863e-01 8.3268e-09
2.8130e-01 8.2233e-09
2.8400e-01 8.1244e-09
2.8672e-01 8.0275e-09
2.8903e-01 7.9486e-09
2.8947e-01 7.9289e-09
2.9224e-01 7.8231e-09
2.9504e-01 7.7219e-09
2.9786e-01 7.6224e-09
3.0072e-01 7.5255e-09
3.0360e-01 7.4321e-09
3.0651e-01 7.3418e-09
3.0944e-01 7.2495e-09
3.1241e-01 7.1609e-09
3.1509e-01 7.0841e-09
3.1540e-01 7.0723e-09
3.1842e-01 6.9574e-09
3.2147e-01 6.8477e-09
3.2455e-01 6.7429e-09
3.2766e-01 6.6540e-09
3.3080e-01 6.5706e-09
3.3397e-01 6.4882e-09
3.3717e-01 6.4077e-09
3.4040e-01 6.3294e-09
3.4107e-01 6.3136e-09
3.4366e-01 6.2332e-09
3.4695e-01 6.1348e-09
3.5027e-01 6.0389e-09
3.5363e-01 5.9464e-09
3.5702e-01 5.8581e-09
3.6044e-01 5.7736e-09
3.6389e-01 5.6925e-09
3.6659e-01 5.6270e-09
3.6737e-01 5.6019e-09
3.7089e-01 5.4896e-09
3.7445e-01 5.3835e-09
3.7803e-01 5.2832e-09
3.8165e-01 5.1884e-09
3.8531e-01 5.0984e-09
3.8882e-01 5.0150e-09
3.8900e-01 5.0095e-09
3.9273e-01 4.8917e-09
3.9649e-01 4.7806e-09
4.0029e-01 4.6758e-09
4.0412e-01 4.5779e-09
4.0799e-01 4.4850e-09
4.0868e-01 4.4696e-09
4.1190e-01 4.3776e-09
4.1585e-01 4.2708e-09
4.1983e-01 4.1690e-09
4.2385e-01 4.0731e-09
4.2788e-01 3.9835e-09
4.2791e-01 3.9827e-09
4.3201e-01 3.8570e-09
4.3615e-01 3.7080e-09
4.4033e-01 3.5927e-09
4.4189e-01 3.5502e-09
4.4455e-01 3.4611e-09
4.4881e-01 3.3243e-09
4.5311e-01 3.2009e-09
4.5439e-01 3.1641e-09
4.5745e-01 3.0592e-09
4.6183e-01 2.9187e-09
4.6519e-01 2.8200e-09
4.6625e-01 2.7841e-09
4.7072e-01 2.6294e-09
4.7457e-01 2.5133e-09
4.7523e-01 2.4909e-09
4.7978e-01 2.3302e-09
4.8260e-01 2.2399e-09
4.8438e-01 2.1781e-09
4.8902e-01 2.0189e-09
4.8964e-01 1.9963e-09
4.9370e-01 1.8482e-09
4.9561e-01 1.7792e-09
4.9843e-01 1.6796e-09
5.0097e-01 1.5857e-09
5.0321e-01 1.5097e-09
5.0579e-01 1.4132e-09
5.0803e-01 1.3393e-09
5.1002e-01 1.2595e-09
5.1289e-01 1.1656e-09
5.1390e-01 1.1225e-09
5.1775e-01 1.0005e-09
5.1781e-01 9.9884e-10
5.2026e-01 8.9165e-10
5.2277e-01 8.2017e-10
5.2327e-01 7.9468e-10
5.2544e-01 7.0825e-10
5.2777e-01 6.4912e-10
5.2806e-01 6.3122e-10
5.2949e-01 5.6257e-10
5.3173e-01 5.0138e-10
5.3283e-01 4.7890e-10
5.3322e-01 4.4685e-10
5.3409e-01 3.9825e-10
5.3548e-01 3.5494e-10
5.3766e-01 3.1634e-10
5.3793e-01 3.1226e-10
5.3793e-01 2.8193e-10
5.3793e-01 2.5127e-10
5.3793e-01 2.2394e-10
5.3793e-01 1.9959e-10
5.3793e-01 1.7788e-10
5.3793e-01 1.5853e-10
5.3793e-01 1.4129e-10
5.3793e-01 1.2592e-10
5.3793e-01 1.1223e-10
5.3793e-01 1.0002e-10
5.3793e-01 8.9145e-11
5.3793e-01 7.9449e-11
5.3793e-01 7.0808e-11
5.3793e-01 6.3107e-11
5.3793e-01 5.6244e-11
5.3793e-01 5.0127e-11
5.3794e-01 4.4675e-11
5.3794e-01 3.9816e-11
5.3794e-01 3.5486e-11
5.3795e-01 3.1626e-11
5.3796e-01 2.8187e-11
5.3798e-01 2.5121e-11
5.3801e-01 2.2389e-11
5.3806e-01 1.9954e-11
5.3814e-01 1.7784e-11
5.3826e-01 1.5850e-11
5.3846e-01 1.4126e-11
5.3877e-01 1.2590e-11
5.3925e-01 1.1220e-11
5.4003e-01 1.0000e-11
9.6228e-01 6.6116e-11
9.6437e-01 7.0808e-11
9.6703e-01 7.9449e-11
9.6874e-01 8.9145e-11
9.6982e-01 1.0002e-10
9.7051e-01 1.1223e-10
9.7094e-01 1.2592e-10
9.7122e-01 1.4129e-10
9.7140e-01 1.5853e-10
9.7149e-01 1.7323e-10
9.7273e-01 1.7788e-10
9.7743e-01 1.9959e-10
9.8045e-01 2.2394e-10
9.8080e-01 2.2733e-10
9.8782e-01 2.5127e-10
9.9020e-01 2.6131e-10
9.9820e-01 2.8193e-10
9.9968e-01 2.8577e-10
1.0093e+00 3.0143e-10
1.0189e+00 3.1263e-10
1.0235e+00 3.1634e-10
1.0287e+00 3.1969e-10
1.0385e+00 3.2296e-10
1.0485e+00 3.2448e-10
1.0585e+00 3.2490e-10
1.0687e+00 3.2267e-10
1.0789e+00 3.1933e-10
1.0843e+00 3.1634e-10
1.0892e+00 3.1294e-10
1.0997e+00 3.0447e-10
1.1102e+00 2.9552e-10
1.1208e+00 2.8670e-10
1.1268e+00 2.8193e-10
1.1316e+00 2.7727e-10
1.1424e+00 2.6718e-10
1.1534e+00 2.5855e-10
1.1638e+00 2.5127e-10
1.1644e+00 2.5074e-10
1.1756e+00 2.4411e-10
1.1868e+00 2.3763e-10
1.1982e+00 2.3199e-10
1.2097e+00 2.2712e-10
1.2204e+00 2.2394e-10
1.2213e+00 2.2362e-10
1.2330e+00 2.2080e-10
1.2448e+00 2.1760e-10
1.2567e+00 2.1427e-10
1.2687e+00 2.1220e-10
1.2809e+00 2.1030e-10
1.2932e+00 2.0926e-10
1.3056e+00 2.0863e-10
1.3181e+00 2.0759e-10
1.3307e+00 2.0744e-10
1.3434e+00 2.0781e-10
1.3563e+00 2.0770e-10
1.3693e+00 2.0902e-10
1.3824e+00 2.0936e-10
1.3957e+00 2.1097e-10
1.4090e+00 2.1336e-10
1.4225e+00 2.1519e-10
1.4362e+00 2.1881e-10
1.4499e+00 2.2254e-10
1.4543e+00 2.2394e-10
1.4638e+00 2.2739e-10
1.4778e+00 2.3342e-10
1.4920e+00 2.4095e-10
1.5063e+00 2.4748e-10
1.5123e+00 2.5127e-10
1.5207e+00 2.5929e-10
1.5353e+00 2.7801e-10
1.5381e+00 2.8193e-10
1.5480e+00 3.1634e-10
1.5484e+00 3.5494e-10
1.5360e+00 3.9825e-10
1.5353e+00 3.9967e-10
1.5207e+00 4.2848e-10
1.5106e+00 4.4685e-10
1.5063e+00 4.5415e-10
1.4920e+00 4.7601e-10
1.4783e+00 5.0138e-10
1.4778e+00 5.0204e-10
1.4638e+00 5.2447e-10
1.4499e+00 5.4727e-10
1.4431e+00 5.6257e-10
1.4362e+00 5.7984e-10
1.4225e+00 6.1447e-10
1.4133e+00 6.3122e-10
1.4090e+00 6.4080e-10
1.3957e+00 6.8582e-10
1.3892e+00 7.0825e-10
1.3824e+00 7.3257e-10
1.3693e+00 7.6308e-10
1.3605e+00 7.9468e-10
1.3563e+00 8.1415e-10
1.3434e+00 8.6030e-10
1.3338e+00 8.9165e-10
1.3307e+00 9.0649e-10
1.3181e+00 9.7420e-10
1.3095e+00 1.0005e-09
1.3056e+00 1.0168e-09
1.2932e+00 1.0916e-09
1.2879e+00 1.1225e-09
1.2809e+00 1.1719e-09
1.2687e+00 1.2276e-09
1.2644e+00 1.2595e-09
1.2567e+00 1.3330e-09
1.2448e+00 1.3935e-09
1.2418e+00 1.4132e-09
1.2330e+00 1.5017e-09
1.2241e+00 1.5857e-09
1.2213e+00 1.6210e-09
1.2097e+00 1.7359e-09
1.2065e+00 1.7792e-09
1.1982e+00 1.9134e-09
1.1911e+00 1.9963e-09
1.1868e+00 2.0645e-09
1.1756e+00 2.2326e-09
1.1753e+00 2.2399e-09
1.1644e+00 2.5074e-09
1.1641e+00 2.5133e-09
1.1534e+00 2.7589e-09
1.1517e+00 2.8200e-09
1.1424e+00 3.1260e-09
1.1408e+00 3.1641e-09
1.1316e+00 3.4611e-09
1.1298e+00 3.5502e-09
1.1208e+00 3.9391e-09
1.1194e+00 3.9835e-09
1.1102e+00 4.3672e-09
1.1080e+00 4.4696e-09
1.0997e+00 4.8839e-09
1.0964e+00 5.0150e-09
1.0892e+00 5.3880e-09
1.0818e+00 5.6270e-09
1.0789e+00 5.7944e-09
1.0687e+00 6.2855e-09
1.0675e+00 6.3136e-09
1.0585e+00 6.7870e-09
1.0485e+00 7.0308e-09
1.0462e+00 7.0841e-09
1.0385e+00 7.5577e-09
1.0287e+00 7.7849e-09
1.0189e+00 7.8107e-09
1.0093e+00 7.8190e-09
9.9968e-01 7.8347e-09
9.9020e-01 7.6307e-09
9.8390e-01 7.0841e-09
9.8080e-01 6.8858e-09
9.7356e-01 6.3136e-09
9.7149e-01 6.2009e-09
9.6490e-01 5.6270e-09
9.6274e-01 5.0150e-09
9.6228e-01 4.7350e-09
9.5817e-01 4.4696e-09
9.5372e-01 3.9835e-09
9.5324e-01 3.5502e-09
9.5317e-01 3.1641e-09
9.5315e-01 2.8200e-09
9.5314e-01 2.5133e-09
9.5314e-01 2.2399e-09
9.5314e-01 1.9963e-09
9.5314e-01 1.7792e-09
9.5314e-01 1.5857e-09
9.5314e-01 1.4132e-09
9.5314e-01 1.2595e-09
9.5314e-01 1.1225e-09
9.5314e-01 1.0005e-09
9.5314e-01 8.9165e-10
9.5314e-01 7.9468e-10
9.5314e-01 7.0825e-10
9.5314e-01 6.3122e-10
9.5314e-01 5.6257e-10
9.5315e-01 5.0138e-10
9.5315e-01 4.4685e-10
9.5315e-01 3.9825e-10
9.5316e-01 3.5494e-10
9.5316e-01 3.1634e-10
9.5317e-01 2.8193e-10
9.5319e-01 2.5127e-10
9.5320e-01 2.2394e-10
9.5322e-01 1.9959e-10
9.5322e-01 1.7788e-10
9.5321e-01 1.5853e-10
9.5319e-01 1.4129e-10
9.5317e-01 1.2592e-10
9.5317e-01 1.1223e-10
9.5332e-01 1.0002e-10
9.5385e-01 8.9145e-11
9.5523e-01 7.9449e-11
9.5865e-01 7.0808e-11
9.6228e-01 6.6116e-11
