5.5805e-01 1.0000e-11
5.5820e-01 1.1220e-11
5.5830e-01 1.2590e-11
5.5837e-01 1.4126e-11
5.5842e-01 1.5850e-11
5.5845e-01 1.7784e-11
5.5848e-01 1.9954e-11
5.5849e-01 2.2389e-11
5.5850e-01 2.5121e-11
5.5851e-01 2.8187e-11
5.5851e-01 3.1626e-11
5.5852e-01 3.5486e-11
5.5851e-01 3.9816e-11
5.5851e-01 4.4675e-11
5.5850e-01 5.0127e-11
5.5847e-01 5.6244e-11
5.5842e-01 6.3107e-11
5.5831e-01 7.0808e-11
5.5796e-01 7.9449e-11
5.5680e-01 8.9145e-11
5.5143e-01 1.0002e-10
5.4904e-01 1.0360e-10
5.4667e-01 1.0002e-10
5.4140e-01 8.9145e-11
5.4027e-01 7.9449e-11
5.3993e-01 7.0808e-11
5.3981e-01 6.3107e-11
5.3977e-01 5.6244e-11
5.3974e-01 5.0127e-11
5.3973e-01 4.4675e-11
5.3972e-01 3.9816e-11
5.3972e-01 3.5486e-11
5.3972e-01 3.1626e-11
5.3973e-01 2.8187e-11
5.3974e-01 2.5121e-11
5.3975e-01 2.2389e-11
5.3976e-01 1.9954e-11
5.3978e-01 1.7784e-11
5.3982e-01 1.5850e-11
5.3986e-01 1.4126e-11
5.3993e-01 1.2590e-11
5.4003e-01 1.1220e-11
5.4018e-01 1.0000e-11
3.0100e+00 2.7368e-08
2.9909e+00 2.5139e-08
2.9791e+00 2.2404e-08
2.9739e+00 1.9968e-08
2.9713e+00 1.7796e-08
2.9707e+00 1.5861e-08
2.9712e+00 1.4136e-08
2.9724e+00 1.2598e-08
2.9751e+00 1.1228e-08
2.9792e+00 1.0007e-08
2.9851e+00 8.9186e-09
2.9941e+00 7.9486e-09
3.0075e+00 7.0841e-09
3.0100e+00 6.9536e-09
1.0000e-04 1.5676e-03
1.0173e-04 1.5378e-03
1.0350e-04 1.5100e-03
1.0529e-04 1.4842e-03
1.0712e-04 1.4606e-03
1.0897e-04 1.4386e-03
1.1086e-04 1.4171e-03
1.1103e-04 1.4152e-03
1.1278e-04 1.3890e-03
1.1474e-04 1.3620e-03
1.1673e-04 1.3385e-03
1.1875e-04 1.3164e-03
1.2081e-04 1.2957e-03
1.2291e-04 1.2762e-03
1.2464e-04 1.2613e-03
1.2504e-04 1.2567e-03
1.2720e-04 1.2329e-03
1.2941e-04 1.2102e-03
1.3165e-04 1.1890e-03
1.3393e-04 1.1682e-03
1.3626e-04 1.1489e-03
1.3862e-04 1.1311e-03
1.3962e-04 1.1241e-03
1.4102e-04 1.1112e-03
1.4347e-04 1.0901e-03
1.4595e-04 1.0706e-03
1.4848e-04 1.0525e-03
1.5106e-04 1.0356e-03
1.5368e-04 1.0191e-03
1.5634e-04 1.0037e-03
1.5667e-04 1.0018e-03
1.5905e-04 9.8428e-04
1.6181e-04 9.6670e-04
1.6461e-04 9.5023e-04
1.6747e-04 9.3405e-04
1.7037e-04 9.1831e-04
1.7332e-04 9.0370e-04
1.7581e-04 8.9288e-04
1.7633e-04 8.8992e-04
1.7938e-04 8.7283e-04
1.8249e-04 8.5677e-04
1.8566e-04 8.4136e-04
1.8888e-04 8.2693e-04
1.9215e-04 8.1371e-04
1.9548e-04 8.0170e-04
1.9723e-04 7.9577e-04
1.9887e-04 7.8843e-04
2.0232e-04 7.7336e-04
2.0583e-04 7.5916e-04
2.0939e-04 7.4589e-04
2.1302e-04 7.3361e-04
2.1672e-04 7.2215e-04
2.2047e-04 7.1138e-04
2.2124e-04 7.0923e-04
2.2430e-04 6.9794e-04
2.2818e-04 6.8462e-04
2.3214e-04 6.7252e-04
2.3616e-04 6.6129e-04
2.4026e-04 6.5076e-04
2.4442e-04 6.4054e-04
2.4815e-04 6.3209e-04
2.4866e-04 6.3057e-04
2.5297e-04 6.1820e-04
2.5736e-04 6.0693e-04
2.6182e-04 5.9645e-04
2.6636e-04 5.8701e-04
2.7097e-04 5.7831e-04
2.7567e-04 5.7024e-04
2.7924e-04 5.6335e-04
2.8045e-04 5.6026e-04
2.8531e-04 5.4846e-04
2.9026e-04 5.3806e-04
2.9529e-04 5.2902e-04
3.0041e-04 5.2057e-04
3.0562e-04 5.1241e-04
3.1092e-04 5.0468e-04
3.1277e-04 5.0208e-04
3.1631e-04 4.9556e-04
3.2179e-04 4.8573e-04
3.2737e-04 4.7648e-04
3.3304e-04 4.6818e-04
3.3882e-04 4.6119e-04
3.4469e-04 4.5448e-04
3.5066e-04 4.4800e-04
3.5116e-04 4.4747e-04
3.5674e-04 4.3960e-04
3.6293e-04 4.3155e-04
3.6922e-04 4.2381e-04
3.7562e-04 4.1656e-04
3.8213e-04 4.0985e-04
3.8876e-04 4.0371e-04
3.9445e-04 3.9880e-04
3.9550e-04 3.9759e-04
4.0235e-04 3.8966e-04
4.0933e-04 3.8214e-04
4.1642e-04 3.7516e-04
4.2364e-04 3.6900e-04
4.3099e-04 3.6325e-04
4.3846e-04 3.5788e-04
4.4202e-04 3.5543e-04
4.4606e-04 3.5176e-04
4.5379e-04 3.4508e-04
4.6166e-04 3.3890e-04
4.6966e-04 3.3318e-04
4.7780e-04 3.2782e-04
4.8609e-04 3.2262e-04
4.9451e-04 3.1778e-04
4.9632e-04 3.1677e-04
5.0309e-04 3.1178e-04
5.1181e-04 3.0558e-04
5.2068e-04 2.9985e-04
5.2971e-04 2.9483e-04
5.3889e-04 2.9039e-04
5.4823e-04 2.8626e-04
5.5707e-04 2.8232e-04
5.5773e-04 2.8193e-04
5.6740e-04 2.7626e-04
5.7724e-04 2.7099e-04
5.8725e-04 2.6614e-04
5.9743e-04 2.6162e-04
6.0778e-04 2.5754e-04
6.1832e-04 2.5384e-04
6.2507e-04 2.5162e-04
6.2904e-04 2.4988e-04
6.3994e-04 2.4490e-04
6.5104e-04 2.4018e-04
6.6232e-04 2.3584e-04
6.7381e-04 2.3204e-04
6.8549e-04 2.2849e-04
6.9737e-04 2.2511e-04
7.0043e-04 2.2425e-04
7.0946e-04 2.2089e-04
7.2176e-04 2.1662e-04
7.3427e-04 2.1268e-04
7.4700e-04 2.0902e-04
7.5995e-04 2.0562e-04
7.7312e-04 2.0258e-04
7.8596e-04 1.9986e-04
7.8653e-04 1.9970e-04
8.0016e-04 1.9585e-04
8.1403e-04 1.9222e-04
8.2814e-04 1.8884e-04
8.4250e-04 1.8576e-04
8.5711e-04 1.8289e-04
8.7196e-04 1.8019e-04
8.8328e-04 1.7813e-04
8.8708e-04 1.7722e-04
9.0246e-04 1.7365e-04
9.1810e-04 1.7038e-04
9.3402e-04 1.6742e-04
9.5021e-04 1.6466e-04
9.6668e-04 1.6208e-04
9.8344e-04 1.5966e-04
9.9000e-04 1.5875e-04
1.0005e-03 1.5684e-04
1.0178e-03 1.5375e-04
1.0355e-03 1.5091e-04
1.0448e-03 1.4149e-04
1.0534e-03 1.3392e-04
1.0717e-03 1.2971e-04
1.0903e-03 1.2657e-04
1.0935e-03 1.2610e-04
1.1092e-03 1.2319e-04
1.1284e-03 1.2021e-04
1.1480e-03 1.1766e-04
1.1679e-03 1.1549e-04
1.1881e-03 1.1357e-04
1.2018e-03 1.1238e-04
1.2087e-03 1.1159e-04
1.2297e-03 1.0932e-04
1.2510e-03 1.0726e-04
1.2727e-03 1.0539e-04
1.2947e-03 1.0369e-04
1.3172e-03 1.0213e-04
1.3400e-03 1.0069e-04
1.3488e-03 1.0016e-04
1.3632e-03 9.9019e-05
1.3869e-03 9.7283e-05
1.4109e-03 9.5706e-05
1.4354e-03 9.4236e-05
1.4603e-03 9.2861e-05
1.4856e-03 9.1571e-05
1.5113e-03 9.0363e-05
1.5360e-03 8.9268e-05
1.5375e-03 8.9180e-05
1.5642e-03 8.7650e-05
1.5913e-03 8.6206e-05
1.6189e-03 8.4820e-05
1.6469e-03 8.3517e-05
1.6755e-03 8.2340e-05
1.7045e-03 8.1269e-05
1.7341e-03 8.0260e-05
1.7545e-03 7.9559e-05
1.7641e-03 7.9119e-05
1.7947e-03 7.7759e-05
1.8258e-03 7.6495e-05
1.8575e-03 7.5376e-05
1.8897e-03 7.4317e-05
1.9225e-03 7.3254e-05
1.9558e-03 7.2198e-05
1.9897e-03 7.1206e-05
2.0015e-03 7.0906e-05
2.0242e-03 7.0131e-05
2.0593e-03 6.9026e-05
2.0950e-03 6.7976e-05
2.1313e-03 6.6922e-05
2.1682e-03 6.5924e-05
2.2058e-03 6.4977e-05
2.2441e-03 6.4073e-05
2.2830e-03 6.3216e-05
2.2840e-03 6.3195e-05
2.3225e-03 6.2159e-05
2.3628e-03 6.1172e-05
2.4038e-03 6.0235e-05
2.4454e-03 5.9305e-05
2.4878e-03 5.8428e-05
2.5310e-03 5.7610e-05
2.5748e-03 5.6844e-05
2.6063e-03 5.6322e-05
2.6195e-03 5.6032e-05
2.6649e-03 5.5049e-05
2.7111e-03 5.4107e-05
2.7581e-03 5.3218e-05
2.8059e-03 5.2436e-05
2.8545e-03 5.1696e-05
2.9040e-03 5.0987e-05
2.9544e-03 5.0303e-05
2.9625e-03 5.0196e-05
3.0056e-03 4.9442e-05
3.0577e-03 4.8600e-05
3.1107e-03 4.7806e-05
3.1646e-03 4.7057e-05
3.2195e-03 4.6329e-05
3.2753e-03 4.5643e-05
3.3321e-03 4.4999e-05
3.3562e-03 4.4737e-05
3.3898e-03 4.4253e-05
3.4486e-03 4.3455e-05
3.5084e-03 4.2732e-05
3.5692e-03 4.2064e-05
3.6311e-03 4.1436e-05
3.6940e-03 4.0811e-05
3.7580e-03 4.0220e-05
3.7985e-03 3.9871e-05
3.8232e-03 3.9592e-05
3.8895e-03 3.8903e-05
3.9569e-03 3.8252e-05
4.0255e-03 3.7606e-05
4.0953e-03 3.6987e-05
4.1663e-03 3.6405e-05
4.2385e-03 3.5893e-05
4.2925e-03 3.5535e-05
4.3120e-03 3.5363e-05
4.3867e-03 3.4713e-05
4.4628e-03 3.4079e-05
4.5401e-03 3.3486e-05
4.6189e-03 3.2955e-05
4.6989e-03 3.2471e-05
4.7804e-03 3.2016e-05
4.8415e-03 3.1670e-05
4.8633e-03 3.1508e-05
4.9476e-03 3.0893e-05
5.0333e-03 3.0315e-05
5.1206e-03 2.9768e-05
5.2094e-03 2.9258e-05
5.2997e-03 2.8797e-05
5.3915e-03 2.8375e-05
5.4248e-03 2.8226e-05
5.4850e-03 2.7874e-05
5.5801e-03 2.7331e-05
5.6768e-03 2.6826e-05
5.7752e-03 2.6357e-05
5.8754e-03 2.5933e-05
5.9772e-03 2.5536e-05
6.0808e-03 2.5164e-05
6.0829e-03 2.5156e-05
6.1862e-03 2.4659e-05
6.2935e-03 2.4181e-05
6.4026e-03 2.3741e-05
6.5136e-03 2.3333e-05
6.6265e-03 2.2953e-05
6.7414e-03 2.2578e-05
6.7919e-03 2.2420e-05
6.8582e-03 2.2148e-05
6.9771e-03 2.1696e-05
7.0981e-03 2.1282e-05
7.2211e-03 2.0893e-05
7.3463e-03 2.0510e-05
7.4737e-03 2.0148e-05
7.5362e-03 1.9982e-05
7.6032e-03 1.9751e-05
7.7350e-03 1.9361e-05
7.8691e-03 1.8996e-05
8.0055e-03 1.8633e-05
8.1443e-03 1.8270e-05
8.2855e-03 1.7931e-05
8.3423e-03 1.7808e-05
8.4291e-03 1.7564e-05
8.5753e-03 1.7184e-05
8.7239e-03 1.6828e-05
8.8752e-03 1.6497e-05
9.0290e-03 1.6186e-05
9.1855e-03 1.5885e-05
9.1922e-03 1.5872e-05
9.3448e-03 1.5482e-05
9.5068e-03 1.5104e-05
9.6716e-03 1.4772e-05
9.8393e-03 1.4474e-05
1.0010e-02 1.4201e-05
1.0045e-02 1.4145e-05
1.0183e-02 1.3863e-05
1.0360e-02 1.3524e-05
1.0539e-02 1.3213e-05
1.0722e-02 1.2923e-05
1.0908e-02 1.2664e-05
1.0952e-02 1.2607e-05
1.1097e-02 1.2351e-05
1.1290e-02 1.2013e-05
1.1485e-02 1.1722e-05
1.1684e-02 1.1462e-05
1.1868e-02 1.1236e-05
1.1887e-02 1.1206e-05
1.2093e-02 1.0858e-05
1.2303e-02 1.0539e-05
1.2516e-02 1.0249e-05
1.2732e-02 1.0014e-05
1.2733e-02 1.0012e-05
1.2954e-02 9.7130e-06
1.3178e-02 9.4344e-06
1.3407e-02 9.1867e-06
1.3639e-02 8.9704e-06
1.3688e-02 8.9247e-06
1.3875e-02 8.7073e-06
1.4116e-02 8.4514e-06
1.4361e-02 8.2169e-06
1.4610e-02 7.9973e-06
1.4660e-02 7.9541e-06
1.4863e-02 7.7378e-06
1.5121e-02 7.5053e-06
1.5383e-02 7.2998e-06
1.5649e-02 7.1161e-06
1.5689e-02 7.0890e-06
1.5921e-02 6.8835e-06
1.6197e-02 6.6566e-06
1.6477e-02 6.4558e-06
1.6695e-02 6.3180e-06
1.6763e-02 6.2630e-06
1.7054e-02 6.0500e-06
1.7349e-02 5.8659e-06
1.7650e-02 5.7003e-06
1.7786e-02 5.6309e-06
1.7956e-02 5.5207e-06
1.8267e-02 5.3371e-06
1.8584e-02 5.1774e-06
1.8906e-02 5.0298e-06
1.8930e-02 5.0185e-06
1.9234e-02 4.8398e-06
1.9567e-02 4.6730e-06
1.9907e-02 4.5261e-06
2.0035e-02 4.4727e-06
2.0252e-02 4.3675e-06
2.0603e-02 4.2142e-06
2.0960e-02 4.0885e-06
2.1305e-02 3.9862e-06
2.1323e-02 3.9792e-06
2.1693e-02 3.8461e-06
2.2069e-02 3.7258e-06
2.2452e-02 3.6067e-06
2.2629e-02 3.5527e-06
2.2841e-02 3.4788e-06
2.3237e-02 3.3491e-06
2.3640e-02 3.2350e-06
2.3912e-02 3.1663e-06
2.4049e-02 3.1264e-06
2.4466e-02 3.0136e-06
2.4890e-02 2.9114e-06
2.5322e-02 2.8296e-06
2.5366e-02 2.8219e-06
2.5761e-02 2.7407e-06
2.6208e-02 2.6592e-06
2.6662e-02 2.5782e-06
2.7048e-02 2.5150e-06
2.7124e-02 2.4999e-06
2.7594e-02 2.4098e-06
2.8073e-02 2.3317e-06
2.8559e-02 2.2637e-06
2.8728e-02 2.2415e-06
2.9054e-02 2.1876e-06
2.9558e-02 2.1135e-06
3.0070e-02 2.0492e-06
3.0540e-02 1.9977e-06
3.0592e-02 1.9907e-06
3.1122e-02 1.9224e-06
3.1662e-02 1.8667e-06
3.2210e-02 1.8185e-06
3.2705e-02 1.7804e-06
3.2769e-02 1.7740e-06
3.3337e-02 1.7182e-06
3.3915e-02 1.6661e-06
3.4503e-02 1.6200e-06
3.4986e-02 1.5868e-06
3.5101e-02 1.5771e-06
3.5709e-02 1.5257e-06
3.6328e-02 1.4809e-06
3.6958e-02 1.4416e-06
3.7564e-02 1.4142e-06
3.7599e-02 1.4119e-06
3.8251e-02 1.3778e-06
3.8914e-02 1.3502e-06
3.9588e-02 1.3221e-06
4.0275e-02 1.2886e-06
4.0916e-02 1.2604e-06
4.0973e-02 1.2573e-06
4.1683e-02 1.2202e-06
4.2406e-02 1.1935e-06
4.3141e-02 1.1709e-06
4.3889e-02 1.1519e-06
4.4650e-02 1.1324e-06
4.4995e-02 1.1233e-06
4.5424e-02 1.1072e-06
4.6211e-02 1.0817e-06
4.7012e-02 1.0581e-06
4.7827e-02 1.0331e-06
4.8656e-02 1.0093e-06
4.8943e-02 1.0012e-06
4.9500e-02 9.8180e-07
5.0358e-02 9.6675e-07
5.1231e-02 9.5486e-07
5.2119e-02 9.4614e-07
5.3023e-02 9.3359e-07
5.3942e-02 9.2321e-07
5.4877e-02 9.1599e-07
5.5828e-02 9.1522e-07
5.6796e-02 9.2419e-07
5.7781e-02 9.4161e-07
5.8782e-02 9.6768e-07
5.9641e-02 1.0012e-06
5.9801e-02 1.0062e-06
6.0838e-02 1.0584e-06
6.1688e-02 1.1233e-06
6.1893e-02 1.1400e-06
6.2784e-02 1.2604e-06
6.2966e-02 1.2826e-06
6.3616e-02 1.4142e-06
6.4057e-02 1.5669e-06
6.4120e-02 1.5868e-06
6.4620e-02 1.7804e-06
6.4966e-02 1.9977e-06
6.5168e-02 2.2380e-06
6.5590e-02 1.9977e-06
6.6297e-02 1.7811e-06
6.6297e-02 1.7804e-06
6.6452e-02 1.5868e-06
6.6693e-02 1.4142e-06
6.7084e-02 1.2604e-06
6.7447e-02 1.1662e-06
6.7550e-02 1.1233e-06
6.7944e-02 1.0012e-06
6.8568e-02 8.9227e-07
6.8616e-02 8.8487e-07
6.9069e-02 7.9522e-07
6.9806e-02 7.1234e-07
6.9834e-02 7.0874e-07
7.0505e-02 6.3166e-07
7.1016e-02 5.9032e-07
7.1334e-02 5.6296e-07
7.2247e-02 5.0400e-07
7.2283e-02 5.0173e-07
7.3214e-02 4.4716e-07
7.3499e-02 4.3367e-07
7.4329e-02 3.9853e-07
7.4773e-02 3.8189e-07
7.5502e-02 3.5519e-07
7.6070e-02 3.3796e-07
7.6782e-02 3.1656e-07
7.7388e-02 3.0039e-07
7.8149e-02 2.8213e-07
7.8730e-02 2.6888e-07
7.9619e-02 2.5144e-07
8.0095e-02 2.4263e-07
8.1203e-02 2.2410e-07
8.1483e-02 2.1970e-07
8.2877e-02 1.9972e-07
8.2896e-02 1.9946e-07
8.4333e-02 1.8046e-07
8.4527e-02 1.7800e-07
8.5795e-02 1.6319e-07
8.6203e-02 1.5864e-07
8.7282e-02 1.4754e-07
8.7991e-02 1.4139e-07
8.8795e-02 1.3458e-07
8.9934e-02 1.2601e-07
9.0335e-02 1.2306e-07
9.1901e-02 1.1250e-07
9.1928e-02 1.1231e-07
9.3494e-02 1.0176e-07
9.3766e-02 1.0009e-07
9.5114e-02 9.1961e-08
9.5626e-02 8.9206e-08
9.6763e-02 8.3192e-08
9.7530e-02 7.9504e-08
9.8441e-02 7.5254e-08
9.9445e-02 7.0857e-08
1.0015e-01 6.7932e-08
1.0135e-01 6.3151e-08
1.0188e-01 6.1203e-08
1.0325e-01 5.6283e-08
1.0365e-01 5.4979e-08
1.0509e-01 5.0161e-08
1.0545e-01 4.9086e-08
1.0686e-01 4.4706e-08
1.0727e-01 4.3594e-08
1.0857e-01 3.9844e-08
1.0913e-01 3.8496e-08
1.1023e-01 3.5510e-08
1.1103e-01 3.3714e-08
1.1184e-01 3.1648e-08
1.1295e-01 2.9322e-08
1.1342e-01 2.8206e-08
1.1491e-01 2.5364e-08
1.1500e-01 2.5139e-08
1.1635e-01 2.2404e-08
1.1690e-01 2.1532e-08
1.1759e-01 1.9968e-08
1.1893e-01 1.7992e-08
1.1901e-01 1.7796e-08
1.2003e-01 1.5861e-08
1.2099e-01 1.4689e-08
1.2124e-01 1.4136e-08
1.2224e-01 1.2598e-08
1.2309e-01 1.1733e-08
1.2334e-01 1.1228e-08
1.2419e-01 1.0007e-08
1.2522e-01 9.1075e-09
1.2532e-01 8.9186e-09
1.2589e-01 7.9486e-09
1.2680e-01 7.0841e-09
1.2739e-01 6.6838e-09
1.2756e-01 6.3136e-09
1.2800e-01 5.6270e-09
1.2866e-01 5.0150e-09
1.2960e-01 4.4991e-09
1.2961e-01 4.4696e-09
1.2975e-01 3.9835e-09
1.2998e-01 3.5502e-09
1.3035e-01 3.1641e-09
1.3090e-01 2.8200e-09
1.3175e-01 2.5133e-09
1.3185e-01 2.4823e-09
1.3186e-01 2.2399e-09
1.3186e-01 1.9963e-09
1.3188e-01 1.7792e-09
1.3190e-01 1.5857e-09
1.3194e-01 1.4132e-09
1.3199e-01 1.2595e-09
1.3209e-01 1.1225e-09
1.3223e-01 1.0005e-09
1.3245e-01 8.9165e-10
1.3283e-01 7.9468e-10
1.3338e-01 7.0825e-10
1.3413e-01 6.3782e-10
1.3501e-01 7.0825e-10
1.3566e-01 7.9468e-10
1.3610e-01 8.9165e-10
1.3637e-01 1.0005e-09
1.3646e-01 1.0521e-09
1.3697e-01 1.1225e-09
1.3765e-01 1.2595e-09
1.3812e-01 1.4132e-09
1.3841e-01 1.5857e-09
1.3858e-01 1.7792e-09
1.3869e-01 1.9963e-09
1.3876e-01 2.2399e-09
1.3881e-01 2.5133e-09
1.3882e-01 2.6041e-09
1.3957e-01 2.8200e-09
1.4035e-01 3.1641e-09
1.4088e-01 3.5502e-09
1.4119e-01 3.9835e-09
1.4123e-01 4.0449e-09
1.4238e-01 4.4696e-09
1.4329e-01 5.0150e-09
1.4368e-01 5.3607e-09
1.4439e-01 5.6270e-09
1.4577e-01 6.3136e-09
1.4617e-01 6.5802e-09
1.4746e-01 7.0841e-09
1.4870e-01 7.7348e-09
1.4929e-01 7.9486e-09
1.5128e-01 8.8109e-09
1.5159e-01 8.9186e-09
1.5390e-01 9.8003e-09
1.5454e-01 1.0007e-08
1.5657e-01 1.0689e-08
1.5832e-01 1.1228e-08
1.5929e-01 1.1516e-08
1.6205e-01 1.2286e-08
1.6328e-01 1.2598e-08
1.6486e-01 1.2954e-08
1.6771e-01 1.3546e-08
1.7056e-01 1.4136e-08
1.7062e-01 1.4146e-08
1.7358e-01 1.4581e-08
1.7659e-01 1.5055e-08
1.7965e-01 1.5532e-08
1.8187e-01 1.5861e-08
1.8276e-01 1.5964e-08
1.8593e-01 1.6305e-08
1.8915e-01 1.6647e-08
1.9243e-01 1.6984e-08
1.9577e-01 1.7308e-08
1.9916e-01 1.7610e-08
2.0140e-01 1.7796e-08
2.0262e-01 1.7871e-08
2.0613e-01 1.8063e-08
2.0970e-01 1.8135e-08
2.1334e-01 1.8196e-08
2.1704e-01 1.8248e-08
2.2080e-01 1.8208e-08
2.2463e-01 1.8319e-08
2.2852e-01 1.8432e-08
2.3248e-01 1.8529e-08
2.3651e-01 1.8606e-08
2.4061e-01 1.8687e-08
2.4478e-01 1.8780e-08
2.4903e-01 1.8917e-08
2.5334e-01 1.9076e-08
2.5774e-01 1.9260e-08
2.6220e-01 1.9499e-08
2.6675e-01 1.9774e-08
2.6954e-01 1.9968e-08
2.7137e-01 2.0064e-08
2.7608e-01 2.0324e-08
2.8086e-01 2.0608e-08
2.8573e-01 2.0954e-08
2.9069e-01 2.1368e-08
2.9573e-01 2.1961e-08
2.9889e-01 2.2404e-08
3.0085e-01 2.2623e-08
3.0607e-01 2.3348e-08
3.1137e-01 2.4288e-08
3.1549e-01 2.5139e-08
3.1677e-01 2.5360e-08
3.2226e-01 2.6258e-08
3.2785e-01 2.6816e-08
3.3353e-01 2.6727e-08
3.3932e-01 2.5837e-08
3.4183e-01 2.5139e-08
3.4520e-01 2.4128e-08
3.5018e-01 2.2404e-08
3.5118e-01 2.2067e-08
3.5720e-01 1.9968e-08
3.5727e-01 1.9946e-08
3.6337e-01 1.7796e-08
3.6346e-01 1.7767e-08
3.6950e-01 1.5861e-08
3.6976e-01 1.5787e-08
3.7617e-01 1.4230e-08
3.7662e-01 1.4136e-08
3.8270e-01 1.2877e-08
3.8421e-01 1.2598e-08
3.8933e-01 1.1687e-08
3.9231e-01 1.1228e-08
3.9608e-01 1.0669e-08
4.0117e-01 1.0007e-08
4.0295e-01 9.7777e-09
4.0993e-01 8.9542e-09
4.1025e-01 8.9186e-09
4.1704e-01 8.1631e-09
4.1908e-01 7.9486e-09
4.2427e-01 7.4181e-09
4.2768e-01 7.0841e-09
4.3162e-01 6.7150e-09
4.3372e-01 6.3136e-09
4.3900e-01 5.6270e-09
4.3910e-01 5.6159e-09
4.4585e-01 5.0150e-09
4.4672e-01 4.9481e-09
4.5285e-01 4.4696e-09
4.5446e-01 4.3613e-09
4.5986e-01 3.9835e-09
4.6234e-01 3.8367e-09
4.6672e-01 3.5502e-09
4.7035e-01 3.3542e-09
4.7341e-01 3.1641e-09
4.7851e-01 2.9111e-09
4.7995e-01 2.8200e-09
4.8631e-01 2.5133e-09
4.8680e-01 2.4928e-09
4.9100e-01 2.2399e-09
4.9524e-01 2.0671e-09
4.9631e-01 1.9963e-09
5.0062e-01 1.7792e-09
5.0383e-01 1.6666e-09
5.0500e-01 1.5857e-09
5.0849e-01 1.4132e-09
5.1256e-01 1.2875e-09
5.1290e-01 1.2595e-09
5.1499e-01 1.1225e-09
5.1831e-01 1.0005e-09
5.2145e-01 9.2412e-10
5.2174e-01 8.9165e-10
5.2289e-01 7.9468e-10
5.2471e-01 7.0825e-10
5.2757e-01 6.3122e-10
5.3049e-01 5.8059e-10
5.3055e-01 5.6257e-10
5.3083e-01 5.0138e-10
5.3126e-01 4.4685e-10
5.3194e-01 3.9825e-10
5.3300e-01 3.5494e-10
5.3470e-01 3.1634e-10
5.3738e-01 2.8193e-10
5.3968e-01 2.6197e-10
5.4192e-01 2.8193e-10
5.4454e-01 3.1634e-10
5.4620e-01 3.5494e-10
5.4723e-01 3.9825e-10
5.4789e-01 4.4685e-10
5.4831e-01 5.0138e-10
5.4858e-01 5.6257e-10
5.4874e-01 6.3122e-10
5.4885e-01 7.0825e-10
5.4892e-01 7.9468e-10
5.4896e-01 8.9165e-10
5.4899e-01 1.0005e-09
5.4901e-01 1.1225e-09
5.4902e-01 1.2595e-09
5.4903e-01 1.4132e-09
5.4903e-01 1.5857e-09
5.4903e-01 1.7792e-09
5.4904e-01 1.9963e-09
5.4904e-01 2.2399e-09
5.4904e-01 2.5133e-09
5.4904e-01 2.8200e-09
5.4904e-01 3.1641e-09
5.4904e-01 3.5502e-09
5.4904e-01 3.9835e-09
5.4904e-01 4.4696e-09
5.4904e-01 5.0150e-09
5.4904e-01 5.6270e-09
5.4904e-01 6.3136e-09
5.4904e-01 7.0841e-09
5.4904e-01 7.9486e-09
5.4904e-01 8.9186e-09
5.4904e-01 1.0007e-08
5.4904e-01 1.1228e-08
5.4904e-01 1.2598e-08
5.4904e-01 1.4136e-08
5.4904e-01 1.5861e-08
5.4904e-01 1.7796e-08
5.4904e-01 1.9968e-08
5.4904e-01 2.2404e-08
5.4904e-01 2.5139e-08
5.4903e-01 2.8206e-08
5.4901e-01 3.1648e-08
5.4882e-01 3.5510e-08
5.4623e-01 3.9844e-08
5.3968e-01 4.3422e-08
5.3968e-01 4.4706e-08
5.3968e-01 5.0161e-08
5.3968e-01 5.6283e-08
5.3968e-01 6.3151e-08
5.3968e-01 7.0857e-08
5.3968e-01 7.9504e-08
5.3968e-01 8.9206e-08
5.3968e-01 1.0009e-07
5.3968e-01 1.1231e-07
5.3966e-01 1.2601e-07
5.3949e-01 1.4139e-07
5.3642e-01 1.5864e-07
5.3049e-01 1.7137e-07
5.3049e-01 1.7800e-07
5.3048e-01 1.9972e-07
5.3040e-01 2.2410e-07
5.2907e-01 2.5144e-07
5.2145e-01 2.7798e-07
5.2144e-01 2.8213e-07
5.2133e-01 3.1656e-07
5.1963e-01 3.5519e-07
5.1256e-01 3.9046e-07
5.1254e-01 3.9853e-07
5.1220e-01 4.4716e-07
5.0399e-01 5.0173e-07
5.0383e-01 5.0289e-07
5.0380e-01 5.6296e-07
5.0337e-01 6.3166e-07
4.9524e-01 7.0696e-07
4.9518e-01 7.0874e-07
4.9224e-01 7.9522e-07
4.8680e-01 8.5914e-07
4.8653e-01 8.9227e-07
4.7877e-01 1.0012e-06
4.7851e-01 1.0051e-06
4.7771e-01 1.1233e-06
4.7035e-01 1.2502e-06
4.7031e-01 1.2604e-06
4.6930e-01 1.4142e-06
4.6234e-01 1.5688e-06
4.6232e-01 1.5868e-06
4.6192e-01 1.7804e-06
4.5446e-01 1.9929e-06
4.5445e-01 1.9977e-06
4.5410e-01 2.2415e-06
4.4672e-01 2.5115e-06
4.4672e-01 2.5150e-06
4.4666e-01 2.8219e-06
4.4507e-01 3.1663e-06
4.3910e-01 3.4733e-06
4.3819e-01 3.5527e-06
4.3162e-01 3.9369e-06
4.3162e-01 3.9862e-06
4.3161e-01 4.4727e-06
4.3149e-01 5.0185e-06
4.2588e-01 5.6309e-06
4.2427e-01 5.7830e-06
4.2425e-01 6.3180e-06
4.2358e-01 7.0890e-06
4.1704e-01 7.8803e-06
4.1696e-01 7.9541e-06
4.1210e-01 8.9247e-06
4.0993e-01 9.2600e-06
4.0993e-01 1.0014e-05
4.0988e-01 1.1236e-05
4.0613e-01 1.2607e-05
4.0295e-01 1.3312e-05
4.0269e-01 1.4145e-05
3.9608e-01 1.5828e-05
3.9028e-01 1.5872e-05
3.8933e-01 1.6059e-05
3.8730e-01 1.5872e-05
3.8270e-01 1.5863e-05
3.8270e-01 1.5872e-05
3.8270e-01 1.7808e-05
3.8270e-01 1.9982e-05
3.8270e-01 2.2420e-05
3.8261e-01 2.5156e-05
3.7617e-01 2.8219e-05
3.6981e-01 2.5156e-05
3.6976e-01 2.5111e-05
3.6346e-01 2.3823e-05
3.6346e-01 2.5156e-05
3.6344e-01 2.8226e-05
3.6271e-01 3.1670e-05
3.5727e-01 3.5087e-05
3.5727e-01 3.5535e-05
3.5727e-01 3.9871e-05
3.5727e-01 4.4737e-05
3.5727e-01 5.0196e-05
3.5727e-01 5.6322e-05
3.5726e-01 6.3195e-05
3.5638e-01 7.0906e-05
3.5118e-01 7.8333e-05
3.5118e-01 7.9559e-05
3.5083e-01 8.9268e-05
3.4520e-01 9.9576e-05
3.3966e-01 8.9268e-05
3.3932e-01 7.9559e-05
3.3932e-01 7.0906e-05
3.3932e-01 6.3195e-05
3.3932e-01 5.6322e-05
3.3932e-01 5.0196e-05
3.3932e-01 5.0133e-05
3.3364e-01 4.4737e-05
3.3353e-01 4.3807e-05
3.3353e-01 4.4737e-05
3.3353e-01 5.0196e-05
3.3353e-01 5.6322e-05
3.3353e-01 6.3195e-05
3.3353e-01 7.0906e-05
3.3353e-01 7.9559e-05
3.3353e-01 8.9268e-05
3.3352e-01 1.0016e-04
3.3241e-01 1.1238e-04
3.2785e-01 1.2343e-04
3.2335e-01 1.1238e-04
3.2226e-01 1.1001e-04
3.1785e-01 1.0016e-04
3.1678e-01 8.9268e-05
3.1677e-01 7.9559e-05
3.1677e-01 7.0906e-05
3.1677e-01 6.3195e-05
3.1677e-01 5.7757e-05
3.1565e-01 5.6322e-05
3.1141e-01 5.0196e-05
3.1137e-01 4.4737e-05
3.1137e-01 4.3365e-05
3.1136e-01 4.4737e-05
3.1037e-01 5.0196e-05
3.0607e-01 5.5192e-05
3.0607e-01 5.6322e-05
3.0583e-01 6.3195e-05
3.0085e-01 7.0592e-05
2.9573e-01 6.5255e-05
2.9433e-01 6.3195e-05
2.9069e-01 6.2657e-05
2.8573e-01 5.9532e-05
2.8318e-01 5.6322e-05
2.8086e-01 5.6167e-05
2.7608e-01 5.5687e-05
2.7137e-01 5.4257e-05
2.6709e-01 5.0196e-05
2.6675e-01 5.0187e-05
2.6220e-01 5.0116e-05
2.5774e-01 5.0027e-05
2.5334e-01 4.9920e-05
2.4903e-01 4.9700e-05
2.4478e-01 4.9415e-05
2.4061e-01 4.9108e-05
2.3651e-01 4.8821e-05
2.3248e-01 4.8593e-05
2.2852e-01 4.8430e-05
2.2463e-01 4.8340e-05
2.2080e-01 4.8341e-05
2.1704e-01 4.8363e-05
2.1334e-01 4.8536e-05
2.0970e-01 4.8811e-05
2.0613e-01 4.8721e-05
2.0262e-01 4.8562e-05
1.9916e-01 4.8370e-05
1.9577e-01 4.7892e-05
1.9243e-01 4.6879e-05
1.8915e-01 4.5230e-05
1.8835e-01 4.4737e-05
1.8593e-01 4.4720e-05
1.8276e-01 4.4692e-05
1.7965e-01 4.4648e-05
1.7659e-01 4.4552e-05
1.7358e-01 4.4244e-05
1.7062e-01 4.3254e-05
1.6777e-01 3.9871e-05
1.6771e-01 3.9870e-05
1.6486e-01 3.9777e-05
1.6205e-01 3.9214e-05
1.5934e-01 3.5535e-05
1.5929e-01 3.5531e-05
1.5657e-01 3.5184e-05
1.5401e-01 3.1670e-05
1.5390e-01 3.1650e-05
1.5128e-01 2.9990e-05
1.4996e-01 2.8226e-05
1.4870e-01 2.7109e-05
1.4709e-01 2.5156e-05
1.4617e-01 2.2420e-05
1.4617e-01 2.2414e-05
1.4371e-01 1.9982e-05
1.4368e-01 1.9634e-05
1.4163e-01 1.7808e-05
1.4123e-01 1.5872e-05
1.4123e-01 1.4176e-05
1.4119e-01 1.4145e-05
1.3884e-01 1.2607e-05
1.3882e-01 1.1236e-05
1.3882e-01 1.0014e-05
1.3882e-01 9.8823e-06
1.3675e-01 8.9247e-06
1.3646e-01 7.9541e-06
1.3646e-01 7.0890e-06
1.3646e-01 6.3180e-06
1.3646e-01 5.6309e-06
1.3646e-01 5.0185e-06
1.3646e-01 4.4727e-06
1.3646e-01 3.9862e-06
1.3646e-01 3.9731e-06
1.3421e-01 3.5527e-06
1.3413e-01 3.1663e-06
1.3413e-01 2.8219e-06
1.3413e-01 2.5150e-06
1.3413e-01 2.4850e-06
1.3413e-01 2.5150e-06
1.3413e-01 2.8219e-06
1.3413e-01 3.1663e-06
1.3413e-01 3.5527e-06
1.3413e-01 3.9862e-06
1.3413e-01 4.4727e-06
1.3413e-01 5.0185e-06
1.3413e-01 5.6309e-06
1.3413e-01 6.3180e-06
1.3413e-01 7.0890e-06
1.3413e-01 7.9541e-06
1.3376e-01 8.9247e-06
1.3185e-01 9.8389e-06
1.3185e-01 1.0014e-05
1.3185e-01 1.1236e-05
1.3185e-01 1.2607e-05
1.3185e-01 1.4145e-05
1.3178e-01 1.5872e-05
1.2960e-01 1.7752e-05
1.2960e-01 1.7808e-05
1.2960e-01 1.9982e-05
1.2959e-01 2.2420e-05
1.2887e-01 2.5156e-05
1.2739e-01 2.7219e-05
1.2739e-01 2.8226e-05
1.2738e-01 3.1670e-05
1.2522e-01 3.5535e-05
1.2522e-01 3.5535e-05
1.2522e-01 3.9871e-05
1.2488e-01 4.4737e-05
1.2309e-01 4.9333e-05
1.2309e-01 5.0196e-05
1.2282e-01 5.6322e-05
1.2099e-01 6.2337e-05
1.2099e-01 6.3195e-05
1.2038e-01 7.0906e-05
1.1893e-01 7.7013e-05
1.1891e-01 7.9559e-05
1.1690e-01 8.9243e-05
1.1690e-01 8.9268e-05
1.1674e-01 1.0016e-04
1.1491e-01 1.1144e-04
1.1490e-01 1.1238e-04
1.1295e-01 1.2609e-04
1.1295e-01 1.2610e-04
1.1269e-01 1.4149e-04
1.1103e-01 1.5644e-04
1.1098e-01 1.5875e-04
1.0913e-01 1.7771e-04
1.0912e-01 1.7813e-04
1.0729e-01 1.9986e-04
1.0727e-01 2.0009e-04
1.0692e-01 2.2425e-04
1.0545e-01 2.4642e-04
1.0535e-01 2.5162e-04
1.0365e-01 2.8074e-04
1.0362e-01 2.8232e-04
1.0188e-01 3.1618e-04
1.0187e-01 3.1677e-04
1.0015e-01 3.5525e-04
1.0015e-01 3.5543e-04
9.8836e-02 3.9880e-04
9.8441e-02 4.1008e-04
9.7965e-02 4.4747e-04
9.6763e-02 4.8666e-04
9.6583e-02 5.0208e-04
9.5114e-02 5.5679e-04
9.5046e-02 5.6335e-04
9.3494e-02 6.2933e-04
9.3469e-02 6.3209e-04
9.1901e-02 7.0818e-04
9.1893e-02 7.0923e-04
9.0335e-02 7.9552e-04
9.0333e-02 7.9577e-04
8.9434e-02 8.9288e-04
8.8795e-02 9.3814e-04
8.8509e-02 1.0018e-03
8.7282e-02 1.1011e-03
8.7196e-02 1.1241e-03
8.5795e-02 1.2536e-03
8.5772e-02 1.2613e-03
8.4333e-02 1.4132e-03
8.4328e-02 1.4152e-03
8.3106e-02 1.5879e-03
8.2896e-02 1.6162e-03
8.2734e-02 1.7817e-03
8.1483e-02 1.9743e-03
8.1458e-02 1.9991e-03
8.0095e-02 2.2390e-03
8.0092e-02 2.2430e-03
7.9234e-02 2.5167e-03
7.8730e-02 2.6303e-03
7.8695e-02 2.8239e-03
7.7388e-02 3.1600e-03
7.7386e-02 3.1685e-03
7.6753e-02 3.5551e-03
7.6070e-02 3.7803e-03
7.6062e-02 3.9890e-03
7.4773e-02 4.4736e-03
7.4773e-02 4.4757e-03
7.4749e-02 5.0219e-03
7.3499e-02 5.6241e-03
7.3499e-02 5.6348e-03
7.3476e-02 6.3224e-03
7.2247e-02 7.0813e-03
7.2247e-02 7.0939e-03
7.2243e-02 7.9596e-03
7.1016e-02 8.9298e-03
7.1016e-02 8.9309e-03
7.1016e-02 1.0021e-02
7.0988e-02 1.1244e-02
6.9806e-02 1.2586e-02
6.9806e-02 1.2616e-02
6.9806e-02 1.4155e-02
6.9802e-02 1.5883e-02
6.8616e-02 1.7818e-02
6.8616e-02 1.7821e-02
6.8616e-02 1.9995e-02
6.8616e-02 2.2435e-02
6.8616e-02 2.5173e-02
6.8536e-02 2.8245e-02
6.7447e-02 3.1458e-02
6.7447e-02 3.1692e-02
6.7447e-02 3.5559e-02
6.7447e-02 3.9899e-02
6.7447e-02 4.4768e-02
6.7447e-02 5.0231e-02
6.7447e-02 5.6361e-02
6.7293e-02 6.3238e-02
6.6297e-02 6.9923e-02
6.6297e-02 7.0955e-02
6.6297e-02 7.9614e-02
6.6296e-02 8.9330e-02
6.5168e-02 1.0022e-01
6.4058e-02 8.9330e-02
6.4057e-02 7.9614e-02
6.4057e-02 7.0955e-02
6.4057e-02 6.3238e-02
6.4057e-02 5.6361e-02
6.4057e-02 5.0231e-02
6.4057e-02 4.4768e-02
6.4057e-02 4.4768e-02
6.2967e-02 3.9899e-02
6.2966e-02 3.5559e-02
6.2966e-02 3.1692e-02
6.2966e-02 2.8245e-02
6.2966e-02 2.8240e-02
6.1896e-02 2.5173e-02
6.1893e-02 2.2435e-02
6.1893e-02 2.2205e-02
6.0938e-02 1.9995e-02
6.0838e-02 1.7821e-02
6.0838e-02 1.7769e-02
5.9829e-02 1.5883e-02
5.9801e-02 1.5361e-02
5.9090e-02 1.4155e-02
5.8782e-02 1.3575e-02
5.8157e-02 1.2616e-02
5.7781e-02 1.2485e-02
5.6881e-02 1.1244e-02
5.6796e-02 1.1232e-02
5.5828e-02 1.0884e-02
5.5115e-02 1.0021e-02
5.4877e-02 1.0014e-02
5.3942e-02 9.9568e-03
5.3023e-02 9.6305e-03
5.2244e-02 8.9309e-03
5.2119e-02 8.9300e-03
5.1231e-02 8.9256e-03
5.0358e-02 8.9167e-03
4.9500e-02 8.9046e-03
4.8656e-02 8.8917e-03
4.7827e-02 8.8828e-03
4.7012e-02 8.8812e-03
4.6211e-02 8.8852e-03
4.5424e-02 8.8932e-03
4.4650e-02 8.9032e-03
4.3889e-02 8.9129e-03
4.3141e-02 8.9209e-03
4.2406e-02 8.9268e-03
4.1690e-02 8.9309e-03
4.1683e-02 8.9365e-03
4.0973e-02 9.5300e-03
4.0275e-02 9.8110e-03
3.9588e-02 9.9309e-03
3.8914e-02 9.9802e-03
3.8251e-02 1.0004e-02
3.7599e-02 1.0015e-02
3.6958e-02 1.0021e-02
3.6955e-02 1.0021e-02
3.6328e-02 1.0831e-02
3.5709e-02 1.1109e-02
3.5101e-02 1.1201e-02
3.4503e-02 1.1233e-02
3.3915e-02 1.1243e-02
3.3839e-02 1.1244e-02
3.3337e-02 1.2093e-02
3.2769e-02 1.2461e-02
3.2210e-02 1.2572e-02
3.1662e-02 1.2607e-02
3.1332e-02 1.2616e-02
3.1122e-02 1.3043e-02
3.0592e-02 1.3834e-02
3.0070e-02 1.4063e-02
2.9558e-02 1.4132e-02
2.9054e-02 1.4154e-02
2.9032e-02 1.4155e-02
2.8559e-02 1.5472e-02
2.8073e-02 1.5766e-02
2.7594e-02 1.5851e-02
2.7124e-02 1.5878e-02
2.7036e-02 1.5883e-02
2.6662e-02 1.7137e-02
2.6208e-02 1.7677e-02
2.5761e-02 1.7789e-02
2.5322e-02 1.7815e-02
2.5213e-02 1.7821e-02
2.4890e-02 1.9100e-02
2.4466e-02 1.9808e-02
2.4049e-02 1.9959e-02
2.3640e-02 1.9992e-02
2.3593e-02 1.9995e-02
2.3237e-02 2.1676e-02
2.2841e-02 2.2265e-02
2.2452e-02 2.2403e-02
2.2118e-02 2.2435e-02
2.2069e-02 2.2707e-02
2.1693e-02 2.4611e-02
2.1323e-02 2.5046e-02
2.0960e-02 2.5151e-02
2.0830e-02 2.5173e-02
2.0603e-02 2.6829e-02
2.0252e-02 2.7910e-02
1.9907e-02 2.8168e-02
1.9567e-02 2.8235e-02
1.9509e-02 2.8245e-02
1.9234e-02 3.0618e-02
1.8906e-02 3.1511e-02
1.8584e-02 3.1651e-02
1.8267e-02 3.1691e-02
1.8264e-02 3.1692e-02
1.7956e-02 3.4844e-02
1.7650e-02 3.5432e-02
1.7349e-02 3.5542e-02
1.7237e-02 3.5559e-02
1.7054e-02 3.7756e-02
1.6763e-02 3.9499e-02
1.6477e-02 3.9830e-02
1.6197e-02 3.9898e-02
1.6191e-02 3.9899e-02
1.5921e-02 4.3705e-02
1.5649e-02 4.4557e-02
1.5383e-02 4.4742e-02
1.5312e-02 4.4768e-02
1.5121e-02 4.8021e-02
1.4863e-02 4.9768e-02
1.4610e-02 5.0139e-02
1.4368e-02 5.0231e-02
1.4361e-02 5.0377e-02
1.4116e-02 5.5515e-02
1.3875e-02 5.6172e-02
1.3639e-02 5.6331e-02
1.3572e-02 5.6361e-02
1.3407e-02 6.0526e-02
1.3178e-02 6.2816e-02
1.2954e-02 6.3170e-02
1.2755e-02 6.3238e-02
1.2733e-02 6.3900e-02
1.2516e-02 6.9800e-02
1.2303e-02 7.0768e-02
1.2093e-02 7.0939e-02
1.2062e-02 7.0955e-02
1.1887e-02 7.7037e-02
1.1684e-02 7.9146e-02
1.1485e-02 7.9551e-02
1.1400e-02 7.9614e-02
1.1290e-02 8.4067e-02
1.1097e-02 8.8330e-02
1.0908e-02 8.9152e-02
1.0730e-02 8.9330e-02
1.0722e-02 8.9728e-02
1.0539e-02 9.8553e-02
1.0360e-02 9.9887e-02
1.0183e-02 1.0018e-01
1.0140e-02 1.0023e-01
9.6811e-01 1.4524e-10
9.7346e-01 1.5853e-10
9.7849e-01 1.7788e-10
9.8173e-01 1.9959e-10
9.8379e-01 2.2394e-10
9.8489e-01 2.4420e-10
9.8821e-01 2.5127e-10
9.9987e-01 2.8193e-10
1.0020e+00 2.8891e-10
1.0193e+00 3.1219e-10
1.0260e+00 3.1634e-10
1.0370e+00 3.2183e-10
1.0550e+00 3.2434e-10
1.0733e+00 3.2098e-10
1.0825e+00 3.1634e-10
1.0919e+00 3.1054e-10
1.1108e+00 2.9473e-10
1.1264e+00 2.8193e-10
1.1301e+00 2.7856e-10
1.1497e+00 2.6125e-10
1.1644e+00 2.5127e-10
1.1696e+00 2.4739e-10
1.1899e+00 2.3575e-10
1.2105e+00 2.2682e-10
1.2220e+00 2.2394e-10
1.2315e+00 2.2109e-10
1.2528e+00 2.1494e-10
1.2745e+00 2.1138e-10
1.2966e+00 2.0901e-10
1.3191e+00 2.0755e-10
1.3420e+00 2.0779e-10
1.3652e+00 2.0849e-10
1.3889e+00 2.0983e-10
1.4130e+00 2.1363e-10
1.4375e+00 2.1912e-10
1.4541e+00 2.2394e-10
1.4624e+00 2.2686e-10
1.4878e+00 2.3888e-10
1.5126e+00 2.5127e-10
1.5135e+00 2.5198e-10
1.5380e+00 2.8193e-10
1.5398e+00 2.8742e-10
1.5483e+00 3.1634e-10
1.5488e+00 3.5494e-10
1.5398e+00 3.8522e-10
1.5361e+00 3.9825e-10
1.5135e+00 4.4187e-10
1.5107e+00 4.4685e-10
1.4878e+00 4.8262e-10
1.4787e+00 5.0138e-10
1.4624e+00 5.2663e-10
1.4439e+00 5.6257e-10
1.4375e+00 5.7615e-10
1.4137e+00 6.3122e-10
1.4130e+00 6.3273e-10
1.3899e+00 7.0825e-10
1.3889e+00 7.1141e-10
1.3652e+00 7.7648e-10
1.3604e+00 7.9468e-10
1.3420e+00 8.6392e-10
1.3353e+00 8.9165e-10
1.3191e+00 9.6945e-10
1.3120e+00 1.0005e-09
1.2966e+00 1.0710e-09
1.2873e+00 1.1225e-09
1.2745e+00 1.1944e-09
1.2668e+00 1.2595e-09
1.2528e+00 1.3651e-09
1.2451e+00 1.4132e-09
1.2315e+00 1.5175e-09
1.2246e+00 1.5857e-09
1.2105e+00 1.7265e-09
1.2077e+00 1.7792e-09
1.1932e+00 1.9963e-09
1.1899e+00 2.0407e-09
1.1804e+00 2.2399e-09
1.1696e+00 2.4059e-09
1.1661e+00 2.5133e-09
1.1508e+00 2.8200e-09
1.1497e+00 2.8432e-09
1.1441e+00 3.1641e-09
1.1301e+00 3.5019e-09
1.1294e+00 3.5502e-09
1.1224e+00 3.9835e-09
1.1108e+00 4.3446e-09
1.1093e+00 4.4696e-09
1.0998e+00 5.0150e-09
1.0919e+00 5.3043e-09
1.0859e+00 5.6270e-09
1.0733e+00 6.1246e-09
1.0687e+00 6.3136e-09
1.0550e+00 6.8901e-09
1.0488e+00 7.0841e-09
1.0370e+00 7.6219e-09
1.0193e+00 7.8010e-09
1.0020e+00 7.8271e-09
9.8608e-01 7.0841e-09
9.8489e-01 7.0472e-09
9.7156e-01 6.3136e-09
9.6868e-01 5.6270e-09
9.6811e-01 5.4709e-09
9.5741e-01 5.0150e-09
9.5269e-01 4.4696e-09
9.5194e-01 3.9835e-09
9.5174e-01 3.5502e-09
9.5167e-01 3.1641e-09
9.5165e-01 2.8200e-09
9.5163e-01 2.5133e-09
9.5163e-01 2.2399e-09
9.5163e-01 1.9963e-09
9.5162e-01 1.7792e-09
9.5162e-01 1.5857e-09
9.5163e-01 1.4132e-09
9.5163e-01 1.2595e-09
9.5163e-01 1.1225e-09
9.5164e-01 1.0005e-09
9.5164e-01 8.9165e-10
9.5165e-01 7.9468e-10
9.5167e-01 7.0825e-10
9.5169e-01 6.3122e-10
9.5173e-01 5.6257e-10
9.5178e-01 5.0138e-10
9.5187e-01 4.4685e-10
9.5199e-01 3.9825e-10
9.5218e-01 3.5494e-10
9.5248e-01 3.1634e-10
9.5293e-01 2.8193e-10
9.5364e-01 2.5127e-10
9.5470e-01 2.2394e-10
9.5630e-01 1.9959e-10
9.5884e-01 1.7788e-10
9.6299e-01 1.5853e-10
9.6811e-01 1.4524e-10
9.3540e-01 1.7796e-10
9.4139e-01 1.9959e-10
9.4498e-01 2.2394e-10
9.4729e-01 2.5127e-10
9.4878e-01 2.8193e-10
9.4975e-01 3.1634e-10
9.5038e-01 3.5494e-10
9.5079e-01 3.9825e-10
9.5106e-01 4.4685e-10
9.5123e-01 5.0138e-10
9.5135e-01 5.6257e-10
9.5142e-01 6.3122e-10
9.5148e-01 7.0825e-10
9.5151e-01 7.9468e-10
9.5153e-01 8.9165e-10
9.5155e-01 1.0005e-09
9.5156e-01 1.1225e-09
9.5157e-01 1.2595e-09
9.5157e-01 1.4132e-09
9.5157e-01 1.5857e-09
9.5157e-01 1.7792e-09
9.5157e-01 1.9963e-09
9.5156e-01 2.2399e-09
9.5154e-01 2.5133e-09
9.5150e-01 2.8200e-09
9.5139e-01 3.1641e-09
9.5108e-01 3.5502e-09
9.4997e-01 3.9835e-09
9.4360e-01 4.4696e-09
9.3540e-01 4.7924e-09
9.3540e-01 5.0150e-09
9.3540e-01 5.6270e-09
9.3540e-01 6.3136e-09
9.3540e-01 7.0841e-09
9.3539e-01 7.9486e-09
9.3539e-01 8.9186e-09
9.3539e-01 1.0007e-08
9.3537e-01 1.1228e-08
9.3533e-01 1.2598e-08
9.3519e-01 1.4136e-08
9.3430e-01 1.5861e-08
9.2641e-01 1.7796e-08
9.1946e-01 1.8826e-08
9.1946e-01 1.9968e-08
9.1946e-01 2.2404e-08
9.1946e-01 2.5139e-08
9.1945e-01 2.8206e-08
9.1943e-01 3.1648e-08
9.1931e-01 3.5510e-08
9.1830e-01 3.9844e-08
9.0579e-01 4.4706e-08
9.0379e-01 4.5427e-08
9.0379e-01 5.0161e-08
9.0379e-01 5.6283e-08
9.0379e-01 6.3151e-08
9.0377e-01 7.0857e-08
9.0370e-01 7.9504e-08
9.0283e-01 8.9206e-08
8.8839e-01 9.9914e-08
8.8839e-01 1.0009e-07
8.8839e-01 1.1231e-07
8.8839e-01 1.2601e-07
8.8837e-01 1.4139e-07
8.8821e-01 1.5864e-07
8.8557e-01 1.7800e-07
8.7325e-01 1.9636e-07
8.7325e-01 1.9972e-07
8.7325e-01 2.2410e-07
8.7324e-01 2.5144e-07
8.7317e-01 2.8213e-07
8.7185e-01 3.1656e-07
8.5837e-01 3.5281e-07
8.5837e-01 3.5519e-07
8.5836e-01 3.9853e-07
8.5827e-01 4.4716e-07
8.5641e-01 5.0173e-07
8.4374e-01 5.5634e-07
8.4370e-01 5.6296e-07
8.4271e-01 6.3166e-07
8.2936e-01 7.0522e-07
8.1523e-01 7.0465e-07
8.0134e-01 7.0285e-07
7.8769e-01 6.7149e-07
7.7426e-01 6.4893e-07
7.6956e-01 6.3166e-07
7.6107e-01 6.3009e-07
7.4810e-01 6.2942e-07
7.3535e-01 6.2956e-07
7.2282e-01 6.2867e-07
7.1051e-01 6.2823e-07
6.9840e-01 6.2738e-07
6.8650e-01 6.2124e-07
6.7480e-01 6.0678e-07
6.6330e-01 5.8002e-07
6.5963e-01 5.6296e-07
6.5200e-01 5.5897e-07
6.4089e-01 5.2192e-07
6.3676e-01 5.0173e-07
6.2997e-01 4.9590e-07
6.2019e-01 4.4716e-07
6.1923e-01 4.4410e-07
6.0899e-01 3.9853e-07
6.0868e-01 3.9782e-07
5.9865e-01 3.5519e-07
5.9831e-01 3.5326e-07
5.8893e-01 3.1656e-07
5.8811e-01 2.9230e-07
5.8519e-01 2.8213e-07
5.7839e-01 2.5144e-07
5.7809e-01 2.3424e-07
5.7449e-01 2.2410e-07
5.6852e-01 1.9972e-07
5.6826e-01 1.7800e-07
5.6824e-01 1.6889e-07
5.6320e-01 1.5864e-07
5.5878e-01 1.4139e-07
5.5858e-01 1.2601e-07
5.5856e-01 1.1231e-07
5.5856e-01 1.0009e-07
5.5856e-01 8.9206e-08
5.5856e-01 7.9504e-08
5.5856e-01 7.8432e-08
5.5051e-01 7.0857e-08
5.4913e-01 6.3151e-08
5.4905e-01 5.6283e-08
5.4904e-01 5.0161e-08
5.4904e-01 4.4706e-08
5.4904e-01 3.9844e-08
5.4904e-01 3.5510e-08
5.4904e-01 3.1648e-08
5.4904e-01 2.8206e-08
5.4904e-01 2.5139e-08
5.4904e-01 2.2404e-08
5.4904e-01 1.9968e-08
5.4904e-01 1.7796e-08
5.4904e-01 1.5861e-08
5.4904e-01 1.4136e-08
5.4904e-01 1.2598e-08
5.4904e-01 1.1228e-08
5.4904e-01 1.0007e-08
5.4904e-01 8.9186e-09
5.4904e-01 7.9486e-09
5.4904e-01 7.0841e-09
5.4904e-01 6.3136e-09
5.4904e-01 5.6270e-09
5.4904e-01 5.0150e-09
5.4904e-01 4.4696e-09
5.4904e-01 3.9835e-09
5.4904e-01 3.5502e-09
5.4904e-01 3.1641e-09
5.4904e-01 2.8200e-09
5.4904e-01 2.5133e-09
5.4904e-01 2.2399e-09
5.4905e-01 1.9963e-09
5.4905e-01 1.7792e-09
5.4906e-01 1.5857e-09
5.4906e-01 1.4132e-09
5.4908e-01 1.2595e-09
5.4910e-01 1.1225e-09
5.4913e-01 1.0005e-09
5.4918e-01 8.9165e-10
5.4927e-01 7.9468e-10
5.4940e-01 7.0825e-10
5.4960e-01 6.3122e-10
5.4993e-01 5.6257e-10
5.5044e-01 5.0138e-10
5.5125e-01 4.4685e-10
5.5254e-01 3.9825e-10
5.5458e-01 3.5494e-10
5.5777e-01 3.1634e-10
5.5856e-01 3.0861e-10
5.5945e-01 3.1634e-10
5.6305e-01 3.5494e-10
5.6535e-01 3.9825e-10
5.6680e-01 4.4685e-10
5.6772e-01 5.0138e-10
5.6824e-01 5.5269e-10
5.6904e-01 5.6257e-10
5.7369e-01 6.3122e-10
5.7663e-01 7.0825e-10
5.7809e-01 7.6846e-10
5.8001e-01 7.9468e-10
5.8562e-01 8.9165e-10
5.8811e-01 9.5675e-10
5.9136e-01 1.0005e-09
5.9823e-01 1.1225e-09
5.9831e-01 1.1240e-09
6.0831e-01 1.2595e-09
6.0868e-01 1.2653e-09
6.1923e-01 1.3821e-09
6.2264e-01 1.4132e-09
6.2997e-01 1.4747e-09
6.4089e-01 1.5560e-09
6.4579e-01 1.5857e-09
6.5200e-01 1.6168e-09
6.6330e-01 1.6608e-09
6.7480e-01 1.6975e-09
6.8650e-01 1.7269e-09
6.9840e-01 1.7486e-09
7.1051e-01 1.7606e-09
7.2282e-01 1.7725e-09
7.3066e-01 1.7792e-09
7.3535e-01 1.7821e-09
7.4810e-01 1.7949e-09
7.6107e-01 1.8160e-09
7.7426e-01 1.8508e-09
7.8769e-01 1.9117e-09
7.9789e-01 1.9963e-09
8.0134e-01 2.0214e-09
8.1523e-01 2.2032e-09
8.1789e-01 2.2399e-09
8.2936e-01 2.3999e-09
8.4374e-01 2.2453e-09
8.4380e-01 2.2399e-09
8.4674e-01 1.9963e-09
8.5141e-01 1.7792e-09
8.5837e-01 1.5934e-09
8.5848e-01 1.5857e-09
8.6143e-01 1.4132e-09
8.6606e-01 1.2595e-09
8.7325e-01 1.1246e-09
8.7329e-01 1.1225e-09
8.7619e-01 1.0005e-09
8.8078e-01 8.9165e-10
8.8804e-01 7.9468e-10
8.8839e-01 7.9058e-10
8.9075e-01 7.0825e-10
8.9459e-01 6.3122e-10
9.0063e-01 5.6257e-10
9.0379e-01 5.3566e-10
9.0532e-01 5.0138e-10
9.0891e-01 4.4685e-10
9.1452e-01 3.9825e-10
9.1946e-01 3.6934e-10
9.1967e-01 3.5494e-10
9.2037e-01 3.1634e-10
9.2143e-01 2.8193e-10
9.2303e-01 2.5127e-10
9.2553e-01 2.2394e-10
9.2940e-01 1.9959e-10
9.3540e-01 1.7796e-10
