1.0000e-02 1.3654e-03
1.0096e-02 1.3499e-03
1.0193e-02 1.3348e-03
1.0290e-02 1.3200e-03
1.0301e-02 1.3183e-03
1.0389e-02 1.3049e-03
1.0488e-02 1.2900e-03
1.0589e-02 1.2755e-03
1.0690e-02 1.2638e-03
1.0733e-02 1.2589e-03
1.0793e-02 1.2520e-03
1.0896e-02 1.2403e-03
1.1000e-02 1.2287e-03
1.1106e-02 1.2174e-03
1.1212e-02 1.2063e-03
1.1249e-02 1.2023e-03
1.1319e-02 1.1947e-03
1.1428e-02 1.1831e-03
1.1537e-02 1.1718e-03
1.1648e-02 1.1607e-03
1.1759e-02 1.1498e-03
1.1775e-02 1.1482e-03
1.1872e-02 1.1387e-03
1.1986e-02 1.1307e-03
1.2101e-02 1.1227e-03
1.2217e-02 1.1149e-03
1.2334e-02 1.1072e-03
1.2452e-02 1.0995e-03
1.2498e-02 1.0965e-03
1.2571e-02 1.0915e-03
1.2691e-02 1.0807e-03
1.2813e-02 1.0700e-03
1.2936e-02 1.0596e-03
1.3060e-02 1.0494e-03
1.3088e-02 1.0471e-03
1.3185e-02 1.0390e-03
1.3311e-02 1.0287e-03
1.3439e-02 1.0190e-03
1.3567e-02 1.0094e-03
1.3697e-02 1.0001e-03
1.3698e-02 1.0000e-03
1.3829e-02 9.9043e-04
1.3961e-02 9.8099e-04
1.4095e-02 9.7173e-04
1.4230e-02 9.6274e-04
1.4349e-02 9.5499e-04
1.4366e-02 9.5387e-04
1.4504e-02 9.4479e-04
1.4643e-02 9.3589e-04
1.4783e-02 9.2715e-04
1.4925e-02 9.1854e-04
1.5030e-02 9.1201e-04
1.5068e-02 9.0959e-04
1.5212e-02 9.0052e-04
1.5358e-02 8.9163e-04
1.5505e-02 8.8291e-04
1.5653e-02 8.7436e-04
1.5714e-02 8.7096e-04
1.5803e-02 8.6580e-04
1.5955e-02 8.5760e-04
1.6107e-02 8.4956e-04
1.6262e-02 8.4168e-04
1.6417e-02 8.3393e-04
1.6462e-02 8.3176e-04
1.6575e-02 8.2608e-04
1.6734e-02 8.1848e-04
1.6894e-02 8.1236e-04
1.7056e-02 8.0634e-04
1.7219e-02 8.0040e-04
1.7384e-02 7.9453e-04
1.7390e-02 7.9433e-04
1.7550e-02 7.8849e-04
1.7719e-02 7.8229e-04
1.7888e-02 7.7487e-04
1.8060e-02 7.6756e-04
1.8233e-02 7.6041e-04
1.8278e-02 7.5858e-04
1.8407e-02 7.5314e-04
1.8584e-02 7.4593e-04
1.8762e-02 7.3878e-04
1.8941e-02 7.3136e-04
1.9114e-02 7.2444e-04
1.9123e-02 7.2405e-04
1.9306e-02 7.1659e-04
1.9491e-02 7.0927e-04
1.9678e-02 7.0210e-04
1.9866e-02 6.9517e-04
1.9965e-02 6.9183e-04
2.0057e-02 6.8863e-04
2.0249e-02 6.8207e-04
2.0443e-02 6.7564e-04
2.0638e-02 6.6931e-04
2.0836e-02 6.6312e-04
2.0915e-02 6.6069e-04
2.1036e-02 6.5684e-04
2.1237e-02 6.5044e-04
2.1441e-02 6.4418e-04
2.1646e-02 6.3803e-04
2.1853e-02 6.3201e-04
2.1890e-02 6.3096e-04
2.2063e-02 6.2585e-04
2.2274e-02 6.1967e-04
2.2488e-02 6.1313e-04
2.2703e-02 6.0671e-04
2.2845e-02 6.0256e-04
2.2920e-02 6.0031e-04
2.3140e-02 5.9384e-04
2.3362e-02 5.8750e-04
2.3585e-02 5.8140e-04
2.3811e-02 5.7595e-04
2.3833e-02 5.7544e-04
2.4040e-02 5.7037e-04
2.4270e-02 5.6487e-04
2.4502e-02 5.5949e-04
2.4737e-02 5.5420e-04
2.4951e-02 5.4954e-04
2.4974e-02 5.4901e-04
2.5213e-02 5.4383e-04
2.5455e-02 5.3875e-04
2.5699e-02 5.3376e-04
2.5945e-02 5.2886e-04
2.6153e-02 5.2481e-04
2.6193e-02 5.2401e-04
2.6444e-02 5.1924e-04
2.6698e-02 5.1508e-04
2.6953e-02 5.1099e-04
2.7211e-02 5.0696e-04
2.7472e-02 5.0299e-04
2.7592e-02 5.0119e-04
2.7735e-02 4.9899e-04
2.8001e-02 4.9473e-04
2.8269e-02 4.8987e-04
2.8540e-02 4.8510e-04
2.8813e-02 4.8043e-04
2.8920e-02 4.7863e-04
2.9089e-02 4.7572e-04
2.9368e-02 4.7101e-04
2.9649e-02 4.6646e-04
2.9933e-02 4.6217e-04
3.0220e-02 4.5795e-04
3.0280e-02 4.5709e-04
3.0510e-02 4.5367e-04
3.0802e-02 4.4942e-04
3.1097e-02 4.4524e-04
3.1395e-02 4.4108e-04
3.1696e-02 4.3682e-04
3.1717e-02 4.3652e-04
3.1999e-02 4.3244e-04
3.2306e-02 4.2813e-04
3.2615e-02 4.2390e-04
3.2928e-02 4.1974e-04
3.3152e-02 4.1687e-04
3.3243e-02 4.1567e-04
3.3562e-02 4.1174e-04
3.3883e-02 4.0788e-04
3.4208e-02 4.0409e-04
3.4535e-02 4.0037e-04
3.4739e-02 3.9811e-04
3.4866e-02 3.9666e-04
3.5200e-02 3.9292e-04
3.5537e-02 3.8924e-04
3.5878e-02 3.8565e-04
3.6222e-02 3.8212e-04
3.6413e-02 3.8019e-04
3.6569e-02 3.7858e-04
3.6919e-02 3.7502e-04
3.7273e-02 3.7128e-04
3.7630e-02 3.6710e-04
3.7984e-02 3.6308e-04
3.7990e-02 3.6302e-04
3.8354e-02 3.5883e-04
3.8721e-02 3.5474e-04
3.9092e-02 3.5073e-04
3.9467e-02 3.4704e-04
3.9502e-02 3.4674e-04
3.9845e-02 3.4373e-04
4.0227e-02 3.4046e-04
4.0612e-02 3.3726e-04
4.1001e-02 3.3412e-04
4.1381e-02 3.3113e-04
4.1394e-02 3.3103e-04
4.1790e-02 3.2798e-04
4.2191e-02 3.2521e-04
4.2595e-02 3.2248e-04
4.3003e-02 3.1980e-04
4.3415e-02 3.1716e-04
4.3563e-02 3.1623e-04
4.3831e-02 3.1449e-04
4.4250e-02 3.1178e-04
4.4674e-02 3.0905e-04
4.5102e-02 3.0636e-04
4.5534e-02 3.0373e-04
4.5824e-02 3.0200e-04
4.5971e-02 3.0110e-04
4.6411e-02 2.9843e-04
4.6856e-02 2.9615e-04
4.7304e-02 2.9445e-04
4.7758e-02 2.9276e-04
4.8215e-02 2.9109e-04
4.8677e-02 2.8943e-04
4.8966e-02 2.8840e-04
4.9143e-02 2.8775e-04
4.9614e-02 2.8558e-04
5.0089e-02 2.8274e-04
5.0569e-02 2.7996e-04
5.1053e-02 2.7723e-04
5.1383e-02 2.7542e-04
5.1543e-02 2.7452e-04
5.2036e-02 2.7178e-04
5.2535e-02 2.6870e-04
5.3038e-02 2.6515e-04
5.3347e-02 2.6303e-04
5.3546e-02 2.6163e-04
5.4059e-02 2.5811e-04
5.4577e-02 2.5468e-04
5.5100e-02 2.5134e-04
5.5126e-02 2.5119e-04
5.5628e-02 2.4820e-04
5.6160e-02 2.4548e-04
5.6698e-02 2.4281e-04
5.7242e-02 2.4020e-04
5.7309e-02 2.3988e-04
5.7790e-02 2.3754e-04
5.8343e-02 2.3493e-04
5.8902e-02 2.3256e-04
5.9467e-02 2.3050e-04
5.9861e-02 2.2909e-04
6.0036e-02 2.2845e-04
6.0611e-02 2.2636e-04
6.1192e-02 2.2432e-04
6.1778e-02 2.2231e-04
6.2370e-02 2.2036e-04
6.2862e-02 2.1878e-04
6.2967e-02 2.1843e-04
6.3571e-02 2.1647e-04
6.4180e-02 2.1454e-04
6.4794e-02 2.1265e-04
6.5415e-02 2.1078e-04
6.6042e-02 2.0913e-04
6.6132e-02 2.0893e-04
6.6674e-02 2.0767e-04
6.7313e-02 2.0622e-04
6.7958e-02 2.0479e-04
6.8609e-02 2.0337e-04
6.9266e-02 2.0197e-04
6.9930e-02 2.0027e-04
7.0169e-02 1.9953e-04
7.0600e-02 1.9817e-04
7.1276e-02 1.9608e-04
7.1959e-02 1.9404e-04
7.2648e-02 1.9203e-04
7.3173e-02 1.9055e-04
7.3344e-02 1.9005e-04
7.4047e-02 1.8795e-04
7.4756e-02 1.8581e-04
7.5472e-02 1.8372e-04
7.6086e-02 1.8197e-04
7.6195e-02 1.8165e-04
7.6925e-02 1.7956e-04
7.7662e-02 1.7750e-04
7.8406e-02 1.7567e-04
7.9157e-02 1.7405e-04
7.9281e-02 1.7378e-04
7.9915e-02 1.7239e-04
8.0681e-02 1.7075e-04
8.1454e-02 1.6915e-04
8.2234e-02 1.6757e-04
8.3022e-02 1.6601e-04
8.3047e-02 1.6596e-04
8.3817e-02 1.6439e-04
8.4620e-02 1.6280e-04
8.5430e-02 1.6124e-04
8.6249e-02 1.5972e-04
8.6922e-02 1.5849e-04
8.7075e-02 1.5820e-04
8.7909e-02 1.5685e-04
8.8751e-02 1.5569e-04
8.9601e-02 1.5455e-04
9.0460e-02 1.5342e-04
9.1326e-02 1.5230e-04
9.2078e-02 1.5136e-04
9.2201e-02 1.5120e-04
9.3084e-02 1.4960e-04
9.3976e-02 1.4764e-04
9.4876e-02 1.4574e-04
9.5459e-02 1.4454e-04
9.5785e-02 1.4386e-04
9.6703e-02 1.4197e-04
9.7629e-02 1.4013e-04
9.8564e-02 1.3875e-04
9.9206e-02 1.3804e-04
9.9509e-02 1.3769e-04
1.0046e-01 1.3663e-04
1.0142e-01 1.3557e-04
1.0240e-01 1.3454e-04
1.0338e-01 1.3351e-04
1.0437e-01 1.3227e-04
1.0467e-01 1.3183e-04
1.0537e-01 1.3081e-04
1.0638e-01 1.2937e-04
1.0740e-01 1.2795e-04
1.0842e-01 1.2657e-04
1.0893e-01 1.2589e-04
1.0946e-01 1.2518e-04
1.1051e-01 1.2408e-04
1.1157e-01 1.2318e-04
1.1264e-01 1.2229e-04
1.1372e-01 1.2141e-04
1.1481e-01 1.2053e-04
1.1519e-01 1.2023e-04
1.1591e-01 1.1964e-04
1.1702e-01 1.1840e-04
1.1814e-01 1.1695e-04
1.1927e-01 1.1554e-04
1.1986e-01 1.1482e-04
1.2041e-01 1.1413e-04
1.2157e-01 1.1272e-04
1.2273e-01 1.1134e-04
1.2391e-01 1.1049e-04
1.2509e-01 1.0995e-04
1.2578e-01 1.0965e-04
1.2629e-01 1.0942e-04
1.2750e-01 1.0887e-04
1.2872e-01 1.0832e-04
1.2996e-01 1.0778e-04
1.3120e-01 1.0700e-04
1.3246e-01 1.0608e-04
1.3373e-01 1.0518e-04
1.3440e-01 1.0471e-04
1.3501e-01 1.0428e-04
1.3630e-01 1.0336e-04
1.3761e-01 1.0247e-04
1.3892e-01 1.0131e-04
1.4026e-01 1.0002e-04
1.4028e-01 1.0000e-04
1.4160e-01 9.8699e-05
1.4296e-01 9.7410e-05
1.4432e-01 9.6153e-05
1.4505e-01 9.5499e-05
1.4571e-01 9.4898e-05
1.4710e-01 9.3877e-05
1.4851e-01 9.2997e-05
1.4993e-01 9.2131e-05
1.5137e-01 9.1280e-05
1.5150e-01 9.1201e-05
1.5282e-01 9.0408e-05
1.5428e-01 8.9546e-05
1.5576e-01 8.8830e-05
1.5725e-01 8.8188e-05
1.5876e-01 8.7556e-05
1.5987e-01 8.7096e-05
1.6028e-01 8.6922e-05
1.6182e-01 8.6276e-05
1.6337e-01 8.5636e-05
1.6493e-01 8.5007e-05
1.6651e-01 8.4385e-05
1.6811e-01 8.3773e-05
1.6969e-01 8.3176e-05
1.6972e-01 8.3165e-05
1.7134e-01 8.2540e-05
1.7299e-01 8.1921e-05
1.7464e-01 8.1023e-05
1.7632e-01 8.0020e-05
1.7732e-01 7.9433e-05
1.7800e-01 7.9023e-05
1.7971e-01 7.8023e-05
1.8143e-01 7.7047e-05
1.8317e-01 7.6096e-05
1.8385e-01 7.5858e-05
1.8492e-01 7.5474e-05
1.8670e-01 7.4991e-05
1.8848e-01 7.4513e-05
1.9029e-01 7.4042e-05
1.9211e-01 7.3576e-05
1.9395e-01 7.3116e-05
1.9581e-01 7.2480e-05
1.9591e-01 7.2444e-05
1.9769e-01 7.1755e-05
1.9958e-01 7.1039e-05
2.0149e-01 7.0337e-05
2.0342e-01 6.9648e-05
2.0475e-01 6.9183e-05
2.0537e-01 6.8960e-05
2.0734e-01 6.8215e-05
2.0932e-01 6.7468e-05
2.1133e-01 6.6800e-05
2.1147e-01 6.9183e-05
2.1163e-01 7.2444e-05
2.1178e-01 7.5858e-05
2.1192e-01 7.9433e-05
2.1204e-01 8.3176e-05
2.1216e-01 8.7096e-05
2.1226e-01 9.1201e-05
2.1235e-01 9.5499e-05
2.1244e-01 1.0000e-04
2.1251e-01 1.0471e-04
2.1259e-01 1.0965e-04
2.1265e-01 1.1482e-04
2.1271e-01 1.2023e-04
2.1276e-01 1.2589e-04
2.1281e-01 1.3183e-04
2.1286e-01 1.3804e-04
2.1290e-01 1.4454e-04
2.1294e-01 1.5136e-04
2.1297e-01 1.5849e-04
2.1300e-01 1.6596e-04
2.1303e-01 1.7378e-04
2.1306e-01 1.8197e-04
2.1308e-01 1.9055e-04
2.1310e-01 1.9953e-04
2.1313e-01 2.0893e-04
2.1314e-01 2.1878e-04
2.1316e-01 2.2909e-04
2.1318e-01 2.3988e-04
2.1319e-01 2.5119e-04
2.1320e-01 2.6303e-04
2.1322e-01 2.7542e-04
2.1323e-01 2.8840e-04
2.1324e-01 3.0200e-04
2.1325e-01 3.1623e-04
2.1325e-01 3.3113e-04
2.1326e-01 3.4674e-04
2.1327e-01 3.6308e-04
2.1327e-01 3.8019e-04
2.1328e-01 3.9811e-04
2.1329e-01 4.1687e-04
2.1329e-01 4.3652e-04
2.1330e-01 4.5709e-04
2.1330e-01 4.7863e-04
2.1330e-01 5.0119e-04
2.1331e-01 5.2481e-04
2.1331e-01 5.4954e-04
2.1331e-01 5.7544e-04
2.1332e-01 6.0256e-04
2.1332e-01 6.3096e-04
2.1332e-01 6.6069e-04
2.1332e-01 6.9183e-04
2.1332e-01 7.2444e-04
2.1333e-01 7.5858e-04
2.1333e-01 7.9433e-04
2.1333e-01 8.3176e-04
2.1333e-01 8.7096e-04
2.1333e-01 9.1201e-04
2.1333e-01 9.5499e-04
2.1333e-01 1.0000e-03
2.1334e-01 1.0471e-03
2.1334e-01 1.0965e-03
2.1334e-01 1.1482e-03
2.1334e-01 1.2023e-03
2.1334e-01 1.2589e-03
2.1334e-01 1.3183e-03
2.1334e-01 1.3804e-03
2.1334e-01 1.4454e-03
2.1334e-01 1.5136e-03
2.1334e-01 1.5849e-03
2.1334e-01 1.6596e-03
2.1334e-01 1.7378e-03
2.1334e-01 1.8197e-03
2.1334e-01 1.9055e-03
2.1334e-01 1.9953e-03
2.1334e-01 2.0893e-03
2.1334e-01 2.1878e-03
2.1334e-01 2.2909e-03
2.1334e-01 2.3988e-03
2.1334e-01 2.5119e-03
2.1334e-01 2.6303e-03
2.1334e-01 2.7542e-03
2.1334e-01 2.8840e-03
2.1334e-01 3.0200e-03
2.1334e-01 3.1623e-03
2.1334e-01 3.3113e-03
2.1334e-01 3.4674e-03
2.1335e-01 3.6308e-03
2.1334e-01 3.8019e-03
2.1334e-01 3.9811e-03
2.1334e-01 4.1687e-03
2.1334e-01 4.3652e-03
2.1334e-01 4.5709e-03
2.1334e-01 4.7863e-03
2.1334e-01 5.0119e-03
2.1334e-01 5.2481e-03
2.1334e-01 5.4954e-03
2.1334e-01 5.7544e-03
2.1334e-01 6.0256e-03
2.1334e-01 6.3096e-03
2.1334e-01 6.6069e-03
2.1334e-01 6.9183e-03
2.1334e-01 7.2444e-03
2.1334e-01 7.5858e-03
2.1334e-01 7.9433e-03
2.1334e-01 8.3176e-03
2.1334e-01 8.7096e-03
2.1334e-01 9.1201e-03
2.1334e-01 9.5499e-03
2.1334e-01 1.0000e-02
2.1333e-01 1.0471e-02
2.1333e-01 1.0965e-02
2.1333e-01 1.1482e-02
2.1332e-01 1.2023e-02
2.1332e-01 1.2589e-02
2.1331e-01 1.3183e-02
2.1331e-01 1.3804e-02
2.1330e-01 1.4454e-02
2.1329e-01 1.5136e-02
2.1328e-01 1.5849e-02
2.1326e-01 1.6596e-02
2.1323e-01 1.7378e-02
2.1320e-01 1.8197e-02
2.1317e-01 1.9055e-02
2.1312e-01 1.9953e-02
2.1305e-01 2.0893e-02
2.1294e-01 2.1878e-02
2.1279e-01 2.2909e-02
2.1258e-01 2.3988e-02
2.1229e-01 2.5119e-02
2.1189e-01 2.6303e-02
2.1134e-01 2.7542e-02
2.1133e-01 2.7561e-02
2.1057e-01 2.8840e-02
2.0950e-01 3.0200e-02
2.0932e-01 3.0434e-02
2.0734e-01 3.1163e-02
2.0598e-01 3.1623e-02
2.0537e-01 3.1825e-02
2.0342e-01 3.2486e-02
2.0154e-01 3.3113e-02
2.0149e-01 3.3133e-02
1.9958e-01 3.3884e-02
1.9769e-01 3.4514e-02
1.9719e-01 3.4674e-02
1.9581e-01 3.5263e-02
1.9395e-01 3.5968e-02
1.9297e-01 3.6308e-02
1.9211e-01 3.6706e-02
1.9029e-01 3.7493e-02
1.8891e-01 3.8019e-02
1.8848e-01 3.8234e-02
1.8670e-01 3.9109e-02
1.8502e-01 3.9811e-02
1.8492e-01 3.9865e-02
1.8317e-01 4.0811e-02
1.8143e-01 4.1575e-02
1.8117e-01 4.1687e-02
1.7971e-01 4.2518e-02
1.7800e-01 4.3372e-02
1.7742e-01 4.3652e-02
1.7632e-01 4.4334e-02
1.7464e-01 4.5278e-02
1.7381e-01 4.5709e-02
1.7299e-01 4.6252e-02
1.7134e-01 4.7227e-02
1.7015e-01 4.7863e-02
1.6972e-01 4.8161e-02
1.6811e-01 4.9238e-02
1.6659e-01 5.0119e-02
1.6651e-01 5.0178e-02
1.6493e-01 5.1360e-02
1.6337e-01 5.2401e-02
1.6326e-01 5.2481e-02
1.6182e-01 5.3769e-02
1.6028e-01 5.4954e-02
1.6028e-01 5.4956e-02
1.5876e-01 5.6439e-02
1.5745e-01 5.7544e-02
1.5725e-01 5.7729e-02
1.5576e-01 5.9151e-02
1.5453e-01 6.0256e-02
1.5428e-01 6.0501e-02
1.5282e-01 6.1739e-02
1.5137e-01 6.2830e-02
1.5104e-01 6.3096e-02
1.4993e-01 6.4182e-02
1.4851e-01 6.5420e-02
1.4769e-01 6.6069e-02
1.4710e-01 6.6703e-02
1.4571e-01 6.8114e-02
1.4447e-01 6.9183e-02
1.4432e-01 6.9359e-02
1.4296e-01 7.0946e-02
1.4160e-01 7.2274e-02
1.4143e-01 7.2444e-02
1.4026e-01 7.3947e-02
1.3892e-01 7.5431e-02
1.3852e-01 7.5858e-02
1.3761e-01 7.7142e-02
1.3630e-01 7.8765e-02
1.3572e-01 7.9433e-02
1.3501e-01 8.0515e-02
1.3373e-01 8.2292e-02
1.3303e-01 8.3176e-02
1.3246e-01 8.4113e-02
1.3120e-01 8.6046e-02
1.3045e-01 8.7096e-02
1.2996e-01 8.7972e-02
1.2872e-01 9.0068e-02
1.2799e-01 9.1201e-02
1.2750e-01 9.2159e-02
1.2629e-01 9.4418e-02
1.2566e-01 9.5499e-02
1.2509e-01 9.6735e-02
1.2391e-01 9.9146e-02
1.2344e-01 1.0000e-01
