1.3501e-01 2.4535e-10
1.3512e-01 2.5127e-10
1.3554e-01 2.8193e-10
1.3579e-01 3.1634e-10
1.3598e-01 3.5494e-10
1.3610e-01 3.9825e-10
1.3616e-01 4.4685e-10
1.3621e-01 5.0138e-10
1.3624e-01 5.6257e-10
1.3627e-01 6.3122e-10
1.3628e-01 7.0825e-10
1.3629e-01 7.9468e-10
1.3629e-01 8.9165e-10
1.3629e-01 1.0005e-09
1.3630e-01 1.1225e-09
1.3630e-01 1.2595e-09
1.3630e-01 1.4132e-09
1.3630e-01 1.5857e-09
1.3630e-01 1.7792e-09
1.3630e-01 1.9963e-09
1.3630e-01 2.2399e-09
1.3630e-01 2.5133e-09
1.3630e-01 2.8200e-09
1.3630e-01 3.1641e-09
1.3630e-01 3.5502e-09
1.3630e-01 3.9835e-09
1.3630e-01 4.4696e-09
1.3630e-01 5.0150e-09
1.3630e-01 5.6270e-09
1.3630e-01 6.3136e-09
1.3630e-01 7.0841e-09
1.3630e-01 7.9486e-09
1.3630e-01 8.9186e-09
1.3630e-01 1.0007e-08
1.3630e-01 1.1228e-08
1.3630e-01 1.1666e-08
1.3666e-01 1.2598e-08
1.3703e-01 1.4136e-08
1.3727e-01 1.5861e-08
1.3743e-01 1.7796e-08
1.3753e-01 1.9968e-08
1.3760e-01 2.2404e-08
1.3761e-01 2.2699e-08
1.3817e-01 2.5139e-08
1.3856e-01 2.8206e-08
1.3883e-01 3.1648e-08
1.3892e-01 3.3281e-08
1.3936e-01 3.5510e-08
1.3993e-01 3.9844e-08
1.4026e-01 4.3815e-08
1.4042e-01 4.4706e-08
1.4124e-01 5.0161e-08
1.4160e-01 5.3951e-08
1.4199e-01 5.6283e-08
1.4287e-01 6.3151e-08
1.4296e-01 6.4035e-08
1.4399e-01 7.0857e-08
1.4432e-01 7.3611e-08
1.4523e-01 7.9504e-08
1.4571e-01 8.3119e-08
1.4665e-01 8.9206e-08
1.4710e-01 9.2188e-08
1.4834e-01 1.0009e-07
1.4851e-01 1.0116e-07
1.4993e-01 1.0894e-07
1.5053e-01 1.1231e-07
1.5137e-01 1.1670e-07
1.5282e-01 1.2461e-07
1.5310e-01 1.2601e-07
1.5428e-01 1.3163e-07
1.5576e-01 1.3966e-07
1.5609e-01 1.4139e-07
1.5725e-01 1.4700e-07
1.5876e-01 1.5470e-07
1.5951e-01 1.5864e-07
1.6028e-01 1.6193e-07
1.6182e-01 1.6869e-07
1.6337e-01 1.7602e-07
1.6380e-01 1.7800e-07
1.6493e-01 1.8175e-07
1.6651e-01 1.8779e-07
1.6811e-01 1.9411e-07
1.6950e-01 1.9972e-07
1.6972e-01 2.0047e-07
1.7134e-01 2.0600e-07
1.7299e-01 2.1183e-07
1.7464e-01 2.1643e-07
1.7632e-01 2.2081e-07
1.7744e-01 2.2410e-07
1.7800e-01 2.2553e-07
1.7971e-01 2.2945e-07
1.8143e-01 2.3290e-07
1.8317e-01 2.3623e-07
1.8492e-01 2.4269e-07
1.8667e-01 2.5144e-07
1.8670e-01 2.5155e-07
1.8848e-01 2.5750e-07
1.9029e-01 2.6419e-07
1.9211e-01 2.7169e-07
1.9395e-01 2.8007e-07
1.9492e-01 2.8213e-07
1.9581e-01 2.8341e-07
1.9769e-01 2.8478e-07
1.9958e-01 2.8611e-07
2.0149e-01 2.8737e-07
2.0342e-01 2.8854e-07
2.0537e-01 2.8960e-07
2.0734e-01 2.9548e-07
2.0932e-01 3.0460e-07
2.1133e-01 3.1615e-07
2.1140e-01 3.1656e-07
2.1335e-01 3.2343e-07
2.1540e-01 3.3081e-07
2.1746e-01 3.3843e-07
2.1954e-01 3.4677e-07
2.2130e-01 3.5519e-07
2.2165e-01 3.5647e-07
2.2377e-01 3.6451e-07
2.2591e-01 3.7423e-07
2.2808e-01 3.8667e-07
2.2970e-01 3.9853e-07
2.3026e-01 4.0033e-07
2.3247e-01 4.0847e-07
2.3470e-01 4.1872e-07
2.3694e-01 4.3122e-07
2.3921e-01 4.4640e-07
2.3932e-01 4.4716e-07
2.4151e-01 4.6518e-07
2.4382e-01 4.8551e-07
2.4508e-01 5.0173e-07
2.4615e-01 5.3037e-07
2.4851e-01 5.6180e-07
2.4863e-01 5.6296e-07
2.5089e-01 5.7547e-07
2.5330e-01 5.9028e-07
2.5572e-01 6.0401e-07
2.5817e-01 6.1472e-07
2.5855e-01 6.3166e-07
2.5931e-01 7.0874e-07
2.6065e-01 7.5739e-07
2.6314e-01 7.6517e-07
2.6566e-01 7.7105e-07
2.6821e-01 7.7564e-07
2.7078e-01 7.7866e-07
2.7150e-01 7.9522e-07
2.7337e-01 8.5857e-07
2.7513e-01 8.9227e-07
2.7599e-01 9.1403e-07
2.7863e-01 9.1440e-07
2.8130e-01 9.1772e-07
2.8400e-01 9.2104e-07
2.8672e-01 9.2411e-07
2.8947e-01 9.2461e-07
2.9224e-01 9.2666e-07
2.9504e-01 9.3327e-07
2.9786e-01 9.4376e-07
3.0072e-01 9.4221e-07
3.0360e-01 9.8315e-07
3.0452e-01 1.0012e-06
3.0651e-01 1.0144e-06
3.0944e-01 1.0177e-06
3.1241e-01 1.0593e-06
3.1486e-01 1.1233e-06
3.1540e-01 1.1351e-06
3.1842e-01 1.2029e-06
3.1987e-01 1.2604e-06
3.2147e-01 1.3313e-06
3.2304e-01 1.4142e-06
3.2455e-01 1.4846e-06
3.2595e-01 1.5868e-06
3.2766e-01 1.7336e-06
3.2815e-01 1.7804e-06
3.2983e-01 1.9977e-06
3.3080e-01 2.1997e-06
3.3104e-01 2.2415e-06
3.3201e-01 2.5150e-06
3.3269e-01 2.8219e-06
3.3322e-01 3.1663e-06
3.3351e-01 3.5527e-06
3.3366e-01 3.9862e-06
3.3377e-01 4.4727e-06
3.3385e-01 5.0185e-06
3.3390e-01 5.6309e-06
3.3392e-01 6.3180e-06
3.3393e-01 7.0890e-06
3.3394e-01 7.9541e-06
3.3395e-01 8.9247e-06
3.3395e-01 1.0014e-05
3.3396e-01 1.1236e-05
3.3396e-01 1.2607e-05
3.3396e-01 1.4145e-05
3.3396e-01 1.5872e-05
3.3396e-01 1.7808e-05
3.3396e-01 1.9982e-05
3.3396e-01 2.2420e-05
3.3395e-01 2.5156e-05
3.3395e-01 2.8226e-05
3.3393e-01 3.1670e-05
3.3387e-01 3.5535e-05
3.3371e-01 3.9871e-05
3.3270e-01 4.4737e-05
3.3080e-01 4.8410e-05
3.2972e-01 5.0196e-05
3.2766e-01 5.3854e-05
3.2535e-01 5.0196e-05
3.2455e-01 4.9910e-05
3.2147e-01 4.8606e-05
3.1936e-01 4.4737e-05
3.1856e-01 3.9871e-05
3.1845e-01 3.5535e-05
3.1843e-01 3.1670e-05
3.1842e-01 3.0663e-05
3.1641e-01 2.8226e-05
3.1559e-01 2.5156e-05
3.1540e-01 2.3067e-05
3.1473e-01 2.2420e-05
3.1273e-01 1.9982e-05
3.1241e-01 1.9252e-05
3.1053e-01 1.7808e-05
3.0944e-01 1.6752e-05
3.0935e-01 1.7808e-05
3.0893e-01 1.9982e-05
3.0651e-01 2.2341e-05
3.0651e-01 2.2420e-05
3.0648e-01 2.5156e-05
3.0634e-01 2.8226e-05
3.0534e-01 3.1670e-05
3.0360e-01 3.4214e-05
3.0092e-01 3.1670e-05
3.0072e-01 3.1625e-05
2.9786e-01 3.1121e-05
2.9504e-01 2.9866e-05
2.9302e-01 2.8226e-05
2.9224e-01 2.8134e-05
2.8947e-01 2.7866e-05
2.8672e-01 2.7151e-05
2.8400e-01 2.5852e-05
2.8263e-01 2.5156e-05
2.8130e-01 2.5045e-05
2.7863e-01 2.4807e-05
2.7599e-01 2.4428e-05
2.7337e-01 2.3942e-05
2.7078e-01 2.3217e-05
2.6863e-01 2.2420e-05
2.6821e-01 2.2391e-05
2.6566e-01 2.2243e-05
2.6314e-01 2.2116e-05
2.6065e-01 2.1972e-05
2.5953e-01 2.2420e-05
2.5817e-01 2.3884e-05
2.5572e-01 2.4065e-05
2.5330e-01 2.4237e-05
2.5089e-01 2.4346e-05
2.4851e-01 2.4471e-05
2.4615e-01 2.4607e-05
2.4382e-01 2.4732e-05
2.4151e-01 2.4803e-05
2.3921e-01 2.4877e-05
2.3694e-01 2.4874e-05
2.3470e-01 2.4870e-05
2.3247e-01 2.4915e-05
2.3026e-01 2.4978e-05
2.2808e-01 2.5008e-05
2.2591e-01 2.5049e-05
2.2377e-01 2.5099e-05
2.2175e-01 2.5156e-05
2.2165e-01 2.5181e-05
2.1954e-01 2.5828e-05
2.1746e-01 2.6257e-05
2.1540e-01 2.6193e-05
2.1335e-01 2.6183e-05
2.1133e-01 2.6355e-05
2.0932e-01 2.6271e-05
2.0734e-01 2.6193e-05
2.0537e-01 2.6115e-05
2.0342e-01 2.5965e-05
2.0149e-01 2.5832e-05
1.9958e-01 2.5721e-05
1.9769e-01 2.5632e-05
1.9581e-01 2.5570e-05
1.9395e-01 2.5694e-05
1.9211e-01 2.6140e-05
1.9029e-01 2.6468e-05
1.8848e-01 2.6708e-05
1.8670e-01 2.6881e-05
1.8492e-01 2.6866e-05
1.8317e-01 2.6559e-05
1.8143e-01 2.5791e-05
1.8023e-01 2.5156e-05
1.7971e-01 2.5130e-05
1.7800e-01 2.5052e-05
1.7632e-01 2.4958e-05
1.7464e-01 2.4830e-05
1.7299e-01 2.4676e-05
1.7134e-01 2.4544e-05
1.6972e-01 2.4289e-05
1.6811e-01 2.3849e-05
1.6651e-01 2.3033e-05
1.6571e-01 2.2420e-05
1.6493e-01 2.2374e-05
1.6337e-01 2.2291e-05
1.6182e-01 2.2079e-05
1.6028e-01 2.1555e-05
1.5876e-01 2.0063e-05
1.5869e-01 1.9982e-05
1.5725e-01 1.9888e-05
1.5576e-01 1.9551e-05
1.5428e-01 1.8229e-05
1.5389e-01 1.7808e-05
1.5282e-01 1.7723e-05
1.5137e-01 1.7311e-05
1.5002e-01 1.5872e-05
1.4993e-01 1.5859e-05
1.4851e-01 1.5553e-05
1.4717e-01 1.4145e-05
1.4710e-01 1.4127e-05
1.4571e-01 1.3531e-05
1.4485e-01 1.2607e-05
1.4432e-01 1.2298e-05
1.4327e-01 1.1236e-05
1.4296e-01 1.0963e-05
1.4193e-01 1.0014e-05
1.4160e-01 9.3605e-06
1.4108e-01 8.9247e-06
1.4030e-01 7.9541e-06
1.4026e-01 7.8412e-06
1.3913e-01 7.0890e-06
1.3894e-01 6.3180e-06
1.3892e-01 6.1358e-06
1.3798e-01 5.6309e-06
1.3764e-01 5.0185e-06
1.3761e-01 4.4727e-06
1.3761e-01 4.1640e-06
1.3714e-01 3.9862e-06
1.3634e-01 3.5527e-06
1.3631e-01 3.1663e-06
1.3630e-01 2.8219e-06
1.3630e-01 2.5150e-06
1.3630e-01 2.2415e-06
1.3630e-01 2.1904e-06
1.3530e-01 1.9977e-06
1.3503e-01 1.7804e-06
1.3501e-01 1.5868e-06
1.3501e-01 1.4142e-06
1.3501e-01 1.2604e-06
1.3501e-01 1.1233e-06
1.3501e-01 1.0012e-06
1.3501e-01 8.9227e-07
1.3501e-01 7.9522e-07
1.3501e-01 7.0874e-07
1.3501e-01 6.3166e-07
1.3501e-01 5.6296e-07
1.3501e-01 5.0173e-07
1.3501e-01 4.4716e-07
1.3501e-01 3.9853e-07
1.3501e-01 3.5519e-07
1.3501e-01 3.1656e-07
1.3501e-01 2.8213e-07
1.3501e-01 2.5144e-07
1.3501e-01 2.2410e-07
1.3501e-01 1.9972e-07
1.3501e-01 1.7800e-07
1.3501e-01 1.5864e-07
1.3501e-01 1.4139e-07
1.3501e-01 1.2601e-07
1.3501e-01 1.1231e-07
1.3501e-01 1.0009e-07
1.3501e-01 8.9206e-08
1.3501e-01 7.9504e-08
1.3501e-01 7.0857e-08
1.3501e-01 6.3151e-08
1.3501e-01 5.6283e-08
1.3501e-01 5.0161e-08
1.3501e-01 4.4706e-08
1.3501e-01 4.4610e-08
1.3501e-01 4.4706e-08
1.3501e-01 5.0161e-08
1.3501e-01 5.6283e-08
1.3501e-01 6.3151e-08
1.3501e-01 7.0857e-08
1.3501e-01 7.9504e-08
1.3501e-01 8.9206e-08
1.3501e-01 1.0009e-07
1.3501e-01 1.1231e-07
1.3501e-01 1.2601e-07
1.3501e-01 1.4139e-07
1.3501e-01 1.5864e-07
1.3501e-01 1.7800e-07
1.3501e-01 1.9972e-07
1.3501e-01 2.2410e-07
1.3501e-01 2.5144e-07
1.3501e-01 2.8213e-07
1.3501e-01 3.1656e-07
1.3501e-01 3.5519e-07
1.3501e-01 3.9853e-07
1.3501e-01 4.4716e-07
1.3501e-01 5.0173e-07
1.3501e-01 5.6296e-07
1.3501e-01 6.3166e-07
1.3501e-01 7.0874e-07
1.3501e-01 7.9522e-07
1.3501e-01 8.9227e-07
1.3501e-01 1.0012e-06
1.3501e-01 1.1233e-06
1.3501e-01 1.2604e-06
1.3501e-01 1.4142e-06
1.3501e-01 1.5868e-06
1.3499e-01 1.7804e-06
1.3477e-01 1.9977e-06
1.3373e-01 2.2006e-06
1.3373e-01 2.2415e-06
1.3373e-01 2.5150e-06
1.3373e-01 2.8219e-06
1.3373e-01 3.1663e-06
1.3372e-01 3.5527e-06
1.3364e-01 3.9862e-06
1.3246e-01 4.4534e-06
1.3246e-01 4.4727e-06
1.3246e-01 5.0185e-06
1.3245e-01 5.6309e-06
1.3229e-01 6.3180e-06
1.3120e-01 7.0014e-06
1.3120e-01 7.0890e-06
1.3118e-01 7.9541e-06
1.3078e-01 8.9247e-06
1.2996e-01 9.6617e-06
1.2995e-01 1.0014e-05
1.2976e-01 1.1236e-05
1.2872e-01 1.2423e-05
1.2871e-01 1.2607e-05
1.2840e-01 1.4145e-05
1.2750e-01 1.5463e-05
1.2746e-01 1.5872e-05
1.2634e-01 1.7808e-05
1.2629e-01 1.7904e-05
1.2604e-01 1.9982e-05
1.2509e-01 2.1966e-05
1.2501e-01 2.2420e-05
1.2391e-01 2.5037e-05
1.2388e-01 2.5156e-05
1.2273e-01 2.8218e-05
1.2273e-01 2.8226e-05
1.2190e-01 3.1670e-05
1.2157e-01 3.2794e-05
1.2088e-01 3.5535e-05
1.2041e-01 3.7279e-05
1.1970e-01 3.9871e-05
1.1927e-01 4.1694e-05
1.1837e-01 4.4737e-05
1.1814e-01 4.5835e-05
1.1702e-01 5.0169e-05
1.1701e-01 5.0196e-05
1.1591e-01 5.6178e-05
1.1585e-01 5.6322e-05
1.1481e-01 6.2704e-05
1.1462e-01 6.3195e-05
1.1372e-01 6.9399e-05
1.1316e-01 7.0906e-05
1.1264e-01 7.4925e-05
1.1157e-01 7.9470e-05
1.1154e-01 7.9559e-05
1.1051e-01 8.8578e-05
1.1027e-01 8.9268e-05
1.0946e-01 9.7383e-05
1.0868e-01 1.0016e-04
1.0842e-01 1.0312e-04
1.0740e-01 1.1202e-04
1.0730e-01 1.1238e-04
1.0638e-01 1.2414e-04
1.0595e-01 1.2610e-04
1.0537e-01 1.3444e-04
1.0437e-01 1.4134e-04
1.0434e-01 1.4149e-04
1.0338e-01 1.5677e-04
1.0304e-01 1.5875e-04
1.0240e-01 1.7062e-04
1.0142e-01 1.7803e-04
1.0140e-01 1.7813e-04
1.0046e-01 1.9703e-04
1.0013e-01 1.9986e-04
9.9509e-02 2.1472e-04
9.8564e-02 2.2386e-04
9.8520e-02 2.2425e-04
9.7629e-02 2.4712e-04
9.7109e-02 2.5162e-04
9.6703e-02 2.6383e-04
9.5785e-02 2.7940e-04
9.5469e-02 2.8232e-04
9.4876e-02 3.0222e-04
9.3976e-02 3.1530e-04
9.3827e-02 3.1677e-04
9.3084e-02 3.4475e-04
9.2240e-02 3.5543e-04
9.2201e-02 3.5719e-04
9.1326e-02 3.9490e-04
9.1125e-02 3.9880e-04
9.0460e-02 4.3379e-04
8.9601e-02 4.4744e-04
8.9600e-02 4.4747e-04
8.8751e-02 4.9792e-04
8.8592e-02 5.0208e-04
8.7909e-02 5.4982e-04
8.7075e-02 5.6298e-04
8.7061e-02 5.6335e-04
8.6249e-02 6.2693e-04
8.6004e-02 6.3209e-04
8.5430e-02 6.8395e-04
8.4620e-02 7.0820e-04
8.4589e-02 7.0923e-04
8.3817e-02 7.8835e-04
8.3553e-02 7.9577e-04
8.3022e-02 8.5791e-04
8.2234e-02 8.9224e-04
8.2221e-02 8.9288e-04
8.1454e-02 9.9561e-04
8.1334e-02 1.0018e-03
8.0681e-02 1.1015e-03
8.0330e-02 1.1241e-03
7.9915e-02 1.1958e-03
7.9157e-02 1.2612e-03
7.9156e-02 1.2613e-03
7.8406e-02 1.4104e-03
7.8355e-02 1.4152e-03
7.7662e-02 1.5695e-03
7.7471e-02 1.5879e-03
7.6925e-02 1.7230e-03
7.6439e-02 1.7817e-03
7.6195e-02 1.8504e-03
7.5472e-02 1.9966e-03
7.5458e-02 1.9991e-03
7.4756e-02 2.2322e-03
7.4711e-02 2.2430e-03
7.4047e-02 2.4952e-03
7.3997e-02 2.5167e-03
7.3344e-02 2.8011e-03
7.3316e-02 2.8239e-03
7.2648e-02 3.1555e-03
7.2638e-02 3.1685e-03
7.1959e-02 3.5512e-03
7.1957e-02 3.5551e-03
7.1533e-02 3.9890e-03
7.1276e-02 4.1734e-03
7.1206e-02 4.4757e-03
7.0600e-02 4.9676e-03
7.0596e-02 5.0219e-03
6.9930e-02 5.6331e-03
6.9930e-02 5.6348e-03
6.9904e-02 6.3224e-03
6.9266e-02 7.0659e-03
6.9265e-02 7.0939e-03
6.9225e-02 7.9596e-03
6.8609e-02 8.8754e-03
6.8609e-02 8.9309e-03
6.8598e-02 1.0021e-02
6.7958e-02 1.1234e-02
6.7958e-02 1.1244e-02
6.7957e-02 1.2616e-02
6.7932e-02 1.4155e-02
6.7313e-02 1.5830e-02
6.7313e-02 1.5883e-02
6.7313e-02 1.7821e-02
6.7311e-02 1.9995e-02
6.7210e-02 2.2435e-02
6.6674e-02 2.4744e-02
6.6674e-02 2.5173e-02
6.6674e-02 2.8245e-02
6.6674e-02 3.1692e-02
6.6666e-02 3.5559e-02
6.6091e-02 3.9899e-02
6.6042e-02 4.0277e-02
6.6028e-02 4.4768e-02
6.5689e-02 5.0231e-02
6.5415e-02 5.2922e-02
6.5144e-02 5.0231e-02
6.4808e-02 4.4768e-02
6.4795e-02 3.9899e-02
6.4794e-02 3.6766e-02
6.4623e-02 3.5559e-02
6.4189e-02 3.1692e-02
6.4180e-02 2.8245e-02
6.4180e-02 2.5173e-02
6.4180e-02 2.4545e-02
6.3711e-02 2.2435e-02
6.3578e-02 1.9995e-02
6.3571e-02 1.7821e-02
6.3571e-02 1.7489e-02
6.3072e-02 1.5883e-02
6.2973e-02 1.4155e-02
6.2967e-02 1.3670e-02
6.2560e-02 1.2616e-02
6.2379e-02 1.1244e-02
6.2370e-02 1.1083e-02
6.1876e-02 1.0021e-02
6.1778e-02 9.4604e-03
6.1495e-02 8.9309e-03
6.1192e-02 8.1186e-03
6.1096e-02 7.9596e-03
6.0611e-02 7.2781e-03
6.0483e-02 7.0939e-03
6.0036e-02 6.7663e-03
5.9694e-02 6.3224e-03
5.9467e-02 6.2351e-03
5.8935e-02 5.6348e-03
5.8902e-02 5.6266e-03
5.8343e-02 5.5134e-03
5.7823e-02 5.0219e-03
5.7790e-02 5.0188e-03
5.7242e-02 4.9866e-03
5.6698e-02 4.8367e-03
5.6247e-02 4.4757e-03
5.6160e-02 4.4729e-03
5.5628e-02 4.4629e-03
5.5100e-02 4.4085e-03
5.4577e-02 4.1684e-03
5.4305e-02 3.9890e-03
5.4059e-02 3.9803e-03
5.3546e-02 3.9529e-03
5.3038e-02 3.8786e-03
5.2535e-02 3.6975e-03
5.2115e-02 3.5551e-03
5.2036e-02 3.5527e-03
5.1543e-02 3.5466e-03
5.1053e-02 3.5415e-03
5.0569e-02 3.5377e-03
5.0089e-02 3.5354e-03
4.9614e-02 3.5343e-03
4.9143e-02 3.5223e-03
4.8677e-02 3.4922e-03
4.8215e-02 3.4357e-03
4.7758e-02 3.3381e-03
4.7304e-02 3.1735e-03
4.7290e-02 3.1685e-03
4.6856e-02 3.1592e-03
4.6411e-02 3.1505e-03
4.5971e-02 3.1432e-03
4.5534e-02 3.1356e-03
4.5102e-02 3.1277e-03
4.4674e-02 3.1197e-03
4.4250e-02 3.1118e-03
4.3831e-02 3.1157e-03
4.3415e-02 3.1262e-03
4.3003e-02 3.1369e-03
4.2595e-02 3.1487e-03
4.2191e-02 3.1636e-03
4.2108e-02 3.1685e-03
4.1790e-02 3.2996e-03
4.1394e-02 3.3345e-03
4.1001e-02 3.3222e-03
4.0612e-02 3.3183e-03
4.0227e-02 3.3237e-03
3.9845e-02 3.3371e-03
3.9467e-02 3.3127e-03
3.9092e-02 3.3317e-03
3.8721e-02 3.3676e-03
3.8354e-02 3.3996e-03
3.7990e-02 3.4278e-03
3.7630e-02 3.4523e-03
3.7273e-02 3.4735e-03
3.6919e-02 3.4315e-03
3.6569e-02 3.3168e-03
3.6284e-02 3.1685e-03
3.6222e-02 3.1662e-03
3.5878e-02 3.1539e-03
3.5537e-02 3.1362e-03
3.5200e-02 3.1121e-03
3.4866e-02 3.1289e-03
3.4535e-02 3.1543e-03
3.4257e-02 3.1685e-03
3.4208e-02 3.2002e-03
3.3883e-02 3.3997e-03
3.3562e-02 3.4938e-03
3.3243e-02 3.5413e-03
3.2960e-02 3.1685e-03
3.2931e-02 2.8239e-03
3.3243e-02 2.5193e-03
3.3308e-02 2.5167e-03
3.3562e-02 2.2982e-03
3.3883e-02 2.2437e-03
3.4208e-02 2.2438e-03
3.4535e-02 2.2442e-03
3.4866e-02 2.2440e-03
3.4866e-02 2.2430e-03
3.4866e-02 1.9991e-03
3.4866e-02 1.9989e-03
3.4535e-02 1.9985e-03
3.4208e-02 1.9989e-03
3.3883e-02 1.9991e-03
3.3562e-02 1.9956e-03
3.3248e-02 1.7817e-03
3.3562e-02 1.5910e-03
3.3883e-02 1.5879e-03
3.4208e-02 1.5881e-03
3.4535e-02 1.5884e-03
3.4580e-02 1.5879e-03
3.4866e-02 1.4387e-03
3.5200e-02 1.4152e-03
3.5537e-02 1.4152e-03
3.5550e-02 1.4152e-03
3.5878e-02 1.2671e-03
3.6222e-02 1.2613e-03
3.6569e-02 1.2613e-03
3.6919e-02 1.2613e-03
3.6919e-02 1.2613e-03
3.6919e-02 1.1241e-03
3.6919e-02 1.1225e-03
3.6569e-02 1.1241e-03
3.6222e-02 1.1241e-03
3.5878e-02 1.1241e-03
3.5537e-02 1.1241e-03
3.5200e-02 1.1241e-03
3.4866e-02 1.0661e-03
3.4622e-02 1.0018e-03
3.4535e-02 1.0018e-03
3.4208e-02 1.0018e-03
3.3883e-02 1.0018e-03
3.3562e-02 1.0013e-03
3.3244e-02 8.9288e-04
3.3562e-02 7.9625e-04
3.3883e-02 7.9577e-04
3.4208e-02 7.9579e-04
3.4535e-02 7.9580e-04
3.4550e-02 7.9577e-04
3.4866e-02 7.1693e-04
3.4879e-02 7.0923e-04
3.4873e-02 6.3209e-04
3.4866e-02 5.6335e-04
3.4866e-02 5.0208e-04
3.4866e-02 4.4747e-04
3.4866e-02 3.9880e-04
3.4866e-02 3.5543e-04
3.4866e-02 3.1677e-04
3.4866e-02 2.8232e-04
3.4868e-02 2.5162e-04
3.5027e-02 2.2425e-04
3.5200e-02 2.1156e-04
3.5374e-02 2.2425e-04
3.5537e-02 2.2514e-04
3.5878e-02 2.2517e-04
3.6222e-02 2.2443e-04
3.6569e-02 2.2429e-04
3.6919e-02 2.2429e-04
3.7273e-02 2.2428e-04
3.7630e-02 2.2427e-04
3.7990e-02 2.2427e-04
3.8354e-02 2.2426e-04
3.8721e-02 2.2426e-04
3.8760e-02 2.2425e-04
3.9092e-02 2.0250e-04
3.9092e-02 1.9986e-04
3.9092e-02 1.9757e-04
3.8757e-02 1.7813e-04
3.8721e-02 1.7806e-04
3.8354e-02 1.7805e-04
3.7990e-02 1.7804e-04
3.7630e-02 1.7803e-04
3.7273e-02 1.7802e-04
3.6921e-02 1.5875e-04
3.6923e-02 1.4149e-04
3.6923e-02 1.2610e-04
3.7273e-02 1.1254e-04
3.7630e-02 1.1251e-04
3.7990e-02 1.1248e-04
3.8354e-02 1.1246e-04
3.8721e-02 1.1245e-04
3.9092e-02 1.1239e-04
3.9092e-02 1.1238e-04
3.9094e-02 1.0016e-04
3.9092e-02 9.5877e-05
3.8924e-02 8.9268e-05
3.9092e-02 8.5126e-05
3.9467e-02 7.9707e-05
3.9845e-02 7.9698e-05
4.0227e-02 7.9686e-05
4.0612e-02 7.9675e-05
4.1001e-02 7.9662e-05
4.1177e-02 7.9559e-05
4.1394e-02 7.4791e-05
4.1399e-02 7.0906e-05
4.1401e-02 6.3195e-05
4.1394e-02 6.2963e-05
4.1001e-02 6.2831e-05
4.0612e-02 6.2702e-05
4.0227e-02 6.2521e-05
3.9845e-02 6.2265e-05
3.9467e-02 6.1907e-05
3.9092e-02 6.1634e-05
3.8721e-02 6.1344e-05
3.8354e-02 6.1010e-05
3.7990e-02 6.0634e-05
3.7630e-02 6.0419e-05
3.7460e-02 6.3195e-05
3.7273e-02 6.7228e-05
3.7102e-02 6.3195e-05
3.7100e-02 5.6322e-05
3.6919e-02 5.2531e-05
3.6569e-02 5.2588e-05
3.6222e-02 5.2555e-05
3.5878e-02 5.2411e-05
3.5537e-02 5.2139e-05
3.5200e-02 5.1708e-05
3.5117e-02 5.0196e-05
3.5200e-02 4.8848e-05
3.5537e-02 4.8464e-05
3.5878e-02 4.8208e-05
3.6222e-02 4.7191e-05
3.6349e-02 4.4737e-05
3.6569e-02 4.2448e-05
3.6919e-02 4.1956e-05
3.7185e-02 3.9871e-05
3.7273e-02 3.8641e-05
3.7630e-02 3.8539e-05
3.7990e-02 3.8332e-05
3.8354e-02 3.8150e-05
3.8721e-02 3.7992e-05
3.9092e-02 3.7854e-05
3.9467e-02 3.7571e-05
3.9831e-02 3.5535e-05
3.9845e-02 3.5399e-05
4.0227e-02 3.3881e-05
4.0612e-02 3.3419e-05
4.1001e-02 3.3057e-05
4.1394e-02 3.2772e-05
4.1594e-02 3.1670e-05
4.1790e-02 2.8941e-05
4.2191e-02 2.8267e-05
4.2211e-02 2.8226e-05
4.2595e-02 2.7189e-05
4.3003e-02 2.6206e-05
4.3415e-02 2.5236e-05
4.3443e-02 2.5156e-05
4.3831e-02 2.2698e-05
4.3915e-02 2.2420e-05
4.4250e-02 2.1209e-05
4.4674e-02 2.0546e-05
4.5076e-02 1.9982e-05
4.5102e-02 1.9941e-05
4.5534e-02 1.9340e-05
4.5971e-02 1.8908e-05
4.6411e-02 1.8595e-05
4.6856e-02 1.8364e-05
4.7304e-02 1.8119e-05
4.7758e-02 1.7810e-05
4.7760e-02 1.7808e-05
4.8215e-02 1.7463e-05
4.8677e-02 1.7205e-05
4.9143e-02 1.7073e-05
4.9614e-02 1.7009e-05
5.0089e-02 1.6914e-05
5.0569e-02 1.6778e-05
5.1053e-02 1.6585e-05
5.1543e-02 1.6309e-05
5.2021e-02 1.5872e-05
5.2036e-02 1.5843e-05
5.2535e-02 1.5243e-05
5.3038e-02 1.4966e-05
5.3546e-02 1.4678e-05
5.4059e-02 1.4466e-05
5.4577e-02 1.4380e-05
5.5100e-02 1.4399e-05
5.5628e-02 1.4416e-05
5.6160e-02 1.4392e-05
5.6698e-02 1.4246e-05
5.6841e-02 1.4145e-05
5.7242e-02 1.3486e-05
5.7790e-02 1.3192e-05
5.8343e-02 1.3064e-05
5.8902e-02 1.3119e-05
5.9467e-02 1.3546e-05
6.0036e-02 1.4120e-05
6.0062e-02 1.4145e-05
6.0611e-02 1.4623e-05
6.1192e-02 1.5079e-05
6.1778e-02 1.5099e-05
6.2370e-02 1.5428e-05
6.2548e-02 1.5872e-05
6.2967e-02 1.6890e-05
6.3224e-02 1.7808e-05
6.3571e-02 1.9258e-05
6.3759e-02 1.9982e-05
6.4102e-02 2.2420e-05
6.4180e-02 2.3121e-05
6.4436e-02 2.5156e-05
6.4713e-02 2.8226e-05
6.4794e-02 3.0074e-05
6.4893e-02 3.1670e-05
6.5054e-02 3.5535e-05
6.5204e-02 3.9871e-05
6.5296e-02 4.4737e-05
6.5347e-02 5.0196e-05
6.5374e-02 5.6322e-05
6.5390e-02 6.3195e-05
6.5403e-02 7.0906e-05
6.5413e-02 7.9559e-05
6.5415e-02 8.3306e-05
6.5418e-02 7.9559e-05
6.5429e-02 7.0906e-05
6.5445e-02 6.3195e-05
6.5470e-02 5.6322e-05
6.5515e-02 5.0196e-05
6.5594e-02 4.4737e-05
6.5720e-02 3.9871e-05
6.5876e-02 3.5535e-05
6.6042e-02 3.2549e-05
6.6057e-02 3.1670e-05
6.6174e-02 2.8226e-05
6.6338e-02 2.5156e-05
6.6597e-02 2.2420e-05
6.6674e-02 2.1643e-05
6.6778e-02 1.9982e-05
6.7114e-02 1.7808e-05
6.7313e-02 1.6835e-05
6.7441e-02 1.5872e-05
6.7833e-02 1.4145e-05
6.7958e-02 1.3751e-05
6.8236e-02 1.2607e-05
6.8609e-02 1.1582e-05
6.8885e-02 1.1236e-05
6.9248e-02 1.0014e-05
6.9266e-02 9.9785e-06
6.9930e-02 9.8443e-06
7.0321e-02 8.9247e-06
7.0600e-02 8.6528e-06
7.1192e-02 7.9541e-06
7.1276e-02 7.8668e-06
7.1959e-02 7.2429e-06
7.2185e-02 7.0890e-06
7.2648e-02 6.7440e-06
7.3344e-02 6.3480e-06
7.3385e-02 6.3180e-06
7.4047e-02 5.8010e-06
7.4287e-02 5.6309e-06
7.4756e-02 5.2790e-06
7.5197e-02 5.0185e-06
7.5472e-02 4.8417e-06
7.6195e-02 4.4743e-06
7.6198e-02 4.4727e-06
7.6925e-02 4.1012e-06
7.7216e-02 3.9862e-06
7.7662e-02 3.7866e-06
7.8406e-02 3.5626e-06
7.8444e-02 3.5527e-06
7.9157e-02 3.3185e-06
7.9829e-02 3.1663e-06
7.9915e-02 3.1428e-06
8.0681e-02 2.9637e-06
8.1454e-02 2.8299e-06
8.1514e-02 2.8219e-06
8.2234e-02 2.6920e-06
8.3022e-02 2.5513e-06
8.3227e-02 2.5150e-06
8.3817e-02 2.3814e-06
8.4620e-02 2.2542e-06
8.4701e-02 2.2415e-06
8.5430e-02 2.1041e-06
8.6160e-02 1.9977e-06
8.6249e-02 1.9838e-06
8.7075e-02 1.8610e-06
8.7717e-02 1.7804e-06
8.7909e-02 1.7570e-06
8.8751e-02 1.6467e-06
8.9280e-02 1.5868e-06
8.9601e-02 1.5505e-06
9.0460e-02 1.4536e-06
9.0848e-02 1.4142e-06
9.1326e-02 1.3631e-06
9.2201e-02 1.2805e-06
9.2440e-02 1.2604e-06
9.3084e-02 1.1992e-06
9.3976e-02 1.1333e-06
9.4118e-02 1.1233e-06
9.4876e-02 1.0625e-06
9.5785e-02 1.0055e-06
9.5854e-02 1.0012e-06
9.6703e-02 9.4339e-07
9.7629e-02 8.9327e-07
9.7648e-02 8.9227e-07
9.8564e-02 8.4023e-07
9.9487e-02 7.9522e-07
9.9509e-02 7.9414e-07
1.0046e-01 7.4823e-07
1.0127e-01 7.0874e-07
1.0142e-01 7.0180e-07
1.0240e-01 6.6387e-07
1.0314e-01 6.3166e-07
1.0338e-01 6.2237e-07
1.0437e-01 5.8718e-07
1.0509e-01 5.6296e-07
1.0537e-01 5.5481e-07
1.0638e-01 5.2004e-07
1.0696e-01 5.0173e-07
1.0740e-01 4.8829e-07
1.0842e-01 4.5610e-07
1.0871e-01 4.4716e-07
1.0946e-01 4.2404e-07
1.1046e-01 3.9853e-07
1.1051e-01 3.9729e-07
1.1157e-01 3.6853e-07
1.1215e-01 3.5519e-07
1.1264e-01 3.4290e-07
1.1372e-01 3.1915e-07
1.1384e-01 3.1656e-07
1.1481e-01 2.9415e-07
1.1540e-01 2.8213e-07
1.1591e-01 2.7126e-07
1.1690e-01 2.5144e-07
1.1702e-01 2.4895e-07
1.1814e-01 2.2628e-07
1.1825e-01 2.2410e-07
1.1927e-01 2.0441e-07
1.1952e-01 1.9972e-07
1.2041e-01 1.8380e-07
1.2074e-01 1.7800e-07
1.2157e-01 1.6426e-07
1.2190e-01 1.5864e-07
1.2273e-01 1.4565e-07
1.2298e-01 1.4139e-07
1.2391e-01 1.2782e-07
1.2402e-01 1.2601e-07
1.2498e-01 1.1231e-07
1.2509e-01 1.1098e-07
1.2584e-01 1.0009e-07
1.2629e-01 9.4717e-08
1.2665e-01 8.9206e-08
1.2747e-01 7.9504e-08
1.2750e-01 7.9207e-08
1.2810e-01 7.0857e-08
1.2872e-01 6.4227e-08
1.2879e-01 6.3151e-08
1.2933e-01 5.6283e-08
1.2996e-01 5.0224e-08
1.2996e-01 5.0161e-08
1.3034e-01 4.4706e-08
1.3080e-01 3.9844e-08
1.3120e-01 3.6729e-08
1.3125e-01 3.5510e-08
1.3151e-01 3.1648e-08
1.3180e-01 2.8206e-08
1.3223e-01 2.5139e-08
1.3246e-01 2.3999e-08
1.3249e-01 2.2404e-08
1.3256e-01 1.9968e-08
1.3266e-01 1.7796e-08
1.3283e-01 1.5861e-08
1.3305e-01 1.4136e-08
1.3339e-01 1.2598e-08
1.3373e-01 1.1629e-08
1.3373e-01 1.1228e-08
1.3373e-01 1.0007e-08
1.3373e-01 8.9186e-09
1.3373e-01 7.9486e-09
1.3373e-01 7.0841e-09
1.3373e-01 6.3136e-09
1.3373e-01 5.6270e-09
1.3373e-01 5.0150e-09
1.3373e-01 4.4696e-09
1.3373e-01 3.9835e-09
1.3373e-01 3.5502e-09
1.3373e-01 3.1641e-09
1.3373e-01 2.8200e-09
1.3373e-01 2.5133e-09
1.3373e-01 2.2399e-09
1.3373e-01 1.9963e-09
1.3373e-01 1.7792e-09
1.3373e-01 1.5857e-09
1.3373e-01 1.4132e-09
1.3373e-01 1.2595e-09
1.3373e-01 1.1225e-09
1.3374e-01 1.0005e-09
1.3374e-01 8.9165e-10
1.3374e-01 7.9468e-10
1.3375e-01 7.0825e-10
1.3376e-01 6.3122e-10
1.3379e-01 5.6257e-10
1.3382e-01 5.0138e-10
1.3387e-01 4.4685e-10
1.3393e-01 3.9825e-10
1.3405e-01 3.5494e-10
1.3423e-01 3.1634e-10
1.3449e-01 2.8193e-10
1.3491e-01 2.5127e-10
1.3501e-01 2.4535e-10
5.4309e-01 3.4792e-09
5.4336e-01 3.5502e-09
5.4409e-01 3.9835e-09
5.4533e-01 4.4696e-09
5.4616e-01 5.0150e-09
5.4675e-01 5.6270e-09
5.4723e-01 6.3136e-09
5.4764e-01 7.0841e-09
5.4791e-01 7.9486e-09
5.4795e-01 8.9186e-09
5.4803e-01 1.0007e-08
5.4810e-01 1.1228e-08
5.4808e-01 1.2598e-08
5.4811e-01 1.4136e-08
5.4816e-01 1.5861e-08
5.4809e-01 1.7796e-08
5.4804e-01 1.9968e-08
5.4799e-01 2.2404e-08
5.4785e-01 2.5139e-08
5.4731e-01 2.8206e-08
5.4525e-01 3.1648e-08
5.4309e-01 3.3641e-08
5.4074e-01 3.1648e-08
5.3853e-01 2.8206e-08
5.3806e-01 2.5139e-08
5.3794e-01 2.2404e-08
5.3793e-01 2.2116e-08
5.3782e-01 2.2404e-08
5.3730e-01 2.5139e-08
5.3708e-01 2.8206e-08
5.3638e-01 3.1648e-08
5.3556e-01 3.5510e-08
5.3437e-01 3.9844e-08
5.3355e-01 4.4706e-08
5.3283e-01 4.6524e-08
5.3222e-01 5.0161e-08
5.3071e-01 5.6283e-08
5.2976e-01 6.3151e-08
5.2888e-01 7.0857e-08
5.2777e-01 7.3928e-08
5.2469e-01 7.9504e-08
5.2277e-01 8.6554e-08
5.2133e-01 8.9206e-08
5.1975e-01 1.0009e-07
5.1781e-01 1.0942e-07
5.1652e-01 1.1231e-07
5.1516e-01 1.2601e-07
5.1289e-01 1.3581e-07
5.1146e-01 1.4139e-07
5.0944e-01 1.5864e-07
5.0803e-01 1.6663e-07
5.0487e-01 1.7800e-07
5.0321e-01 1.8529e-07
5.0262e-01 1.9972e-07
5.0193e-01 2.2410e-07
5.0032e-01 2.5144e-07
4.9843e-01 2.7272e-07
4.9370e-01 2.6141e-07
4.8909e-01 2.8213e-07
4.8902e-01 2.8255e-07
4.8589e-01 3.1656e-07
4.8438e-01 3.3227e-07
4.8119e-01 3.5519e-07
4.7978e-01 3.6662e-07
4.7624e-01 3.9853e-07
4.7523e-01 4.0816e-07
4.7213e-01 4.4716e-07
4.7072e-01 4.6419e-07
4.6834e-01 5.0173e-07
4.6625e-01 5.3190e-07
4.6475e-01 5.6296e-07
4.6183e-01 6.1496e-07
4.6131e-01 6.3166e-07
4.5945e-01 7.0874e-07
4.5745e-01 7.5758e-07
4.5423e-01 7.9522e-07
4.5311e-01 8.1568e-07
4.4953e-01 8.9227e-07
4.4881e-01 9.0965e-07
4.4826e-01 1.0012e-06
4.4718e-01 1.1233e-06
4.4455e-01 1.2346e-06
4.4405e-01 1.2604e-06
4.4076e-01 1.4142e-06
4.4033e-01 1.4325e-06
4.3615e-01 1.4559e-06
4.3323e-01 1.5868e-06
4.3201e-01 1.6437e-06
4.3088e-01 1.7804e-06
4.2791e-01 1.9477e-06
4.2776e-01 1.9977e-06
4.2751e-01 2.2415e-06
4.2563e-01 2.5150e-06
4.2385e-01 2.6624e-06
4.2360e-01 2.8219e-06
4.2113e-01 3.1663e-06
4.1983e-01 3.3054e-06
4.1585e-01 3.4360e-06
4.1426e-01 3.5527e-06
4.1190e-01 3.8110e-06
4.1076e-01 3.9862e-06
4.0799e-01 4.3460e-06
4.0792e-01 4.4727e-06
4.0740e-01 5.0185e-06
4.0412e-01 5.6076e-06
4.0393e-01 5.6309e-06
4.0029e-01 6.2884e-06
4.0010e-01 6.3180e-06
3.9649e-01 7.0510e-06
3.9629e-01 7.0890e-06
3.9273e-01 7.9063e-06
3.8900e-01 7.1236e-06
3.8886e-01 7.0890e-06
3.8541e-01 6.3180e-06
3.8531e-01 6.2938e-06
3.8528e-01 6.3180e-06
3.8424e-01 7.0890e-06
3.8165e-01 7.8130e-06
3.8164e-01 7.9541e-06
3.8162e-01 8.9247e-06
3.8148e-01 1.0014e-05
3.8065e-01 1.1236e-05
3.7803e-01 1.2538e-05
3.7786e-01 1.2607e-05
3.7445e-01 1.4132e-05
3.7089e-01 1.2760e-05
3.7061e-01 1.2607e-05
3.6810e-01 1.1236e-05
3.6743e-01 1.0014e-05
3.6737e-01 9.6134e-06
3.6389e-01 9.6978e-06
3.6044e-01 9.7366e-06
3.6043e-01 1.0014e-05
3.6040e-01 1.1236e-05
3.6030e-01 1.2607e-05
3.5963e-01 1.4145e-05
3.5702e-01 1.5808e-05
3.5702e-01 1.5872e-05
3.5702e-01 1.7808e-05
3.5701e-01 1.9982e-05
3.5700e-01 2.2420e-05
3.5693e-01 2.5156e-05
3.5653e-01 2.8226e-05
3.5377e-01 3.1670e-05
3.5363e-01 3.1845e-05
3.5154e-01 3.5535e-05
3.5027e-01 3.7240e-05
3.4868e-01 3.9871e-05
3.4695e-01 4.2449e-05
3.4366e-01 4.3035e-05
3.4173e-01 3.9871e-05
3.4052e-01 3.5535e-05
3.4044e-01 3.1670e-05
3.4042e-01 2.8226e-05
3.4041e-01 2.5156e-05
3.4040e-01 2.2420e-05
3.4040e-01 2.2258e-05
3.3802e-01 1.9982e-05
3.3753e-01 1.7808e-05
3.3730e-01 1.5872e-05
3.3721e-01 1.4145e-05
3.3717e-01 1.3462e-05
3.3615e-01 1.2607e-05
3.3519e-01 1.1236e-05
3.3492e-01 1.0014e-05
3.3466e-01 8.9247e-06
3.3451e-01 7.9541e-06
3.3446e-01 7.0890e-06
3.3441e-01 6.3180e-06
3.3443e-01 5.6309e-06
3.3454e-01 5.0185e-06
3.3470e-01 4.4727e-06
3.3494e-01 3.9862e-06
3.3534e-01 3.5527e-06
3.3596e-01 3.1663e-06
3.3683e-01 2.8219e-06
3.3717e-01 2.7094e-06
3.3733e-01 2.5150e-06
3.3776e-01 2.2415e-06
3.3842e-01 1.9977e-06
3.3940e-01 1.7804e-06
3.4040e-01 1.6323e-06
3.4077e-01 1.5868e-06
3.4291e-01 1.4142e-06
3.4366e-01 1.3558e-06
3.4440e-01 1.2604e-06
3.4565e-01 1.1233e-06
3.4695e-01 1.0430e-06
3.4779e-01 1.0012e-06
3.5027e-01 9.0632e-07
3.5066e-01 8.9227e-07
3.5363e-01 8.0915e-07
3.5405e-01 7.9522e-07
3.5702e-01 7.1494e-07
3.5726e-01 7.0874e-07
3.6044e-01 6.4182e-07
3.6111e-01 6.3166e-07
3.6389e-01 5.8710e-07
3.6574e-01 5.6296e-07
3.6737e-01 5.3938e-07
3.7089e-01 5.0885e-07
3.7176e-01 5.0173e-07
3.7445e-01 4.7470e-07
3.7789e-01 4.4716e-07
3.7803e-01 4.4599e-07
3.8080e-01 3.9853e-07
3.8165e-01 3.8845e-07
3.8531e-01 3.6545e-07
3.8635e-01 3.5519e-07
3.8900e-01 3.3927e-07
3.9273e-01 3.2708e-07
3.9447e-01 3.1656e-07
3.9649e-01 3.0276e-07
4.0029e-01 2.8244e-07
4.0035e-01 2.8213e-07
4.0412e-01 2.6139e-07
4.0549e-01 2.5144e-07
4.0799e-01 2.3701e-07
4.1100e-01 2.2410e-07
4.1190e-01 2.1969e-07
4.1585e-01 2.0538e-07
4.1805e-01 1.9972e-07
4.1983e-01 1.9407e-07
4.2385e-01 1.8162e-07
4.2527e-01 1.7800e-07
4.2791e-01 1.7018e-07
4.3201e-01 1.5912e-07
4.3221e-01 1.5864e-07
4.3615e-01 1.4799e-07
4.3940e-01 1.4139e-07
4.4033e-01 1.3915e-07
4.4455e-01 1.3008e-07
4.4704e-01 1.2601e-07
4.4881e-01 1.2273e-07
4.5311e-01 1.1515e-07
4.5478e-01 1.1231e-07
4.5745e-01 1.0746e-07
4.6164e-01 1.0009e-07
4.6183e-01 9.9736e-08
4.6625e-01 9.1585e-08
4.6782e-01 8.9206e-08
4.7072e-01 8.4384e-08
4.7423e-01 7.9504e-08
4.7523e-01 7.8015e-08
4.7978e-01 7.1760e-08
4.8047e-01 7.0857e-08
4.8438e-01 6.5507e-08
4.8626e-01 6.3151e-08
4.8902e-01 5.9374e-08
4.9143e-01 5.6283e-08
4.9370e-01 5.3140e-08
4.9517e-01 5.0161e-08
4.9843e-01 4.6417e-08
5.0155e-01 4.4706e-08
5.0321e-01 4.3220e-08
5.0594e-01 3.9844e-08
5.0803e-01 3.7542e-08
5.0936e-01 3.5510e-08
5.1289e-01 3.3051e-08
5.1403e-01 3.1648e-08
5.1764e-01 2.8206e-08
5.1781e-01 2.8114e-08
5.1973e-01 2.5139e-08
5.2277e-01 2.3037e-08
5.2339e-01 2.2404e-08
5.2501e-01 1.9968e-08
5.2777e-01 1.8321e-08
5.2850e-01 1.7796e-08
5.2976e-01 1.5861e-08
5.3110e-01 1.4136e-08
5.3283e-01 1.3358e-08
5.3467e-01 1.2598e-08
5.3560e-01 1.1228e-08
5.3750e-01 1.0007e-08
5.3793e-01 9.6703e-09
5.3798e-01 8.9186e-09
5.3805e-01 7.9486e-09
5.3834e-01 7.0841e-09
5.3874e-01 6.3136e-09
5.3924e-01 5.6270e-09
5.3987e-01 5.0150e-09
5.4075e-01 4.4696e-09
5.4203e-01 3.9835e-09
5.4281e-01 3.5502e-09
5.4309e-01 3.4792e-09
5.5354e-01 4.1044e-09
5.5473e-01 4.4696e-09
5.5636e-01 5.0150e-09
5.5718e-01 5.6270e-09
5.5768e-01 6.3136e-09
5.5821e-01 7.0841e-09
5.5858e-01 7.9486e-09
5.5881e-01 8.9186e-09
5.5884e-01 9.1991e-09
5.6031e-01 1.0007e-08
5.6183e-01 1.1228e-08
5.6378e-01 1.2598e-08
5.6420e-01 1.2837e-08
5.6664e-01 1.4136e-08
5.6894e-01 1.5861e-08
5.6960e-01 1.6626e-08
5.7161e-01 1.7796e-08
5.7441e-01 1.9968e-08
5.7506e-01 2.0703e-08
5.7749e-01 2.2404e-08
5.8057e-01 2.5055e-08
5.8070e-01 2.5139e-08
5.8585e-01 2.8206e-08
5.8613e-01 2.8445e-08
5.9143e-01 3.1648e-08
5.9174e-01 3.1881e-08
5.9741e-01 3.5186e-08
5.9796e-01 3.5510e-08
6.0314e-01 3.8584e-08
6.0536e-01 3.9844e-08
6.0891e-01 4.2851e-08
6.1427e-01 4.4706e-08
6.1475e-01 4.5344e-08
6.1947e-01 5.0161e-08
6.2064e-01 5.4489e-08
6.2259e-01 5.6283e-08
6.2658e-01 5.7025e-08
6.3258e-01 5.9250e-08
6.3588e-01 6.3151e-08
6.3864e-01 6.5272e-08
6.4476e-01 6.9610e-08
6.4571e-01 7.0857e-08
6.5094e-01 7.8955e-08
6.5134e-01 7.9504e-08
6.5494e-01 8.9206e-08
6.5094e-01 9.9077e-08
6.5085e-01 1.0009e-07
6.5094e-01 1.0022e-07
6.5717e-01 1.0874e-07
6.5826e-01 1.1231e-07
6.6240e-01 1.2601e-07
6.5717e-01 1.3887e-07
6.5094e-01 1.3688e-07
6.4476e-01 1.3548e-07
6.3864e-01 1.3380e-07
6.3258e-01 1.3682e-07
6.2658e-01 1.2981e-07
6.2177e-01 1.2601e-07
6.2064e-01 1.2542e-07
6.1559e-01 1.2601e-07
6.1475e-01 1.2609e-07
6.1471e-01 1.2601e-07
6.0891e-01 1.1781e-07
6.0531e-01 1.1231e-07
6.0314e-01 1.0818e-07
5.9741e-01 1.0190e-07
5.9659e-01 1.0009e-07
5.9233e-01 8.9206e-08
5.9174e-01 8.7457e-08
5.8831e-01 7.9504e-08
5.8613e-01 7.3668e-08
5.8500e-01 7.0857e-08
5.8140e-01 6.3151e-08
5.8057e-01 6.1081e-08
5.7651e-01 5.6283e-08
5.7506e-01 5.4528e-08
5.6960e-01 5.1221e-08
5.6922e-01 5.0161e-08
5.6579e-01 4.4706e-08
5.6420e-01 4.2542e-08
5.6347e-01 3.9844e-08
5.6250e-01 3.5510e-08
5.6074e-01 3.1648e-08
5.5936e-01 2.8206e-08
5.5912e-01 2.5139e-08
5.5885e-01 2.2404e-08
5.5884e-01 2.2364e-08
5.5884e-01 2.2404e-08
5.5875e-01 2.5139e-08
5.5857e-01 2.8206e-08
5.5785e-01 3.1648e-08
5.5509e-01 3.5510e-08
5.5354e-01 3.6941e-08
5.5211e-01 3.5510e-08
5.4956e-01 3.1648e-08
5.4889e-01 2.8206e-08
5.4872e-01 2.5139e-08
5.4864e-01 2.2404e-08
5.4854e-01 1.9968e-08
5.4843e-01 1.7796e-08
5.4845e-01 1.5861e-08
5.4849e-01 1.4136e-08
5.4852e-01 1.2598e-08
5.4857e-01 1.1228e-08
5.4864e-01 1.0007e-08
5.4872e-01 8.9186e-09
5.4895e-01 7.9486e-09
5.4930e-01 7.0841e-09
5.4978e-01 6.3136e-09
5.5024e-01 5.6270e-09
5.5098e-01 5.0150e-09
5.5245e-01 4.4696e-09
5.5354e-01 4.1044e-09
3.5200e-02 7.2168e-05
3.5537e-02 7.1946e-05
3.5878e-02 7.1765e-05
3.6222e-02 7.1616e-05
3.6569e-02 7.1494e-05
3.6919e-02 7.1309e-05
3.7266e-02 7.9559e-05
3.6919e-02 8.8733e-05
3.6793e-02 8.9268e-05
3.6569e-02 9.6173e-05
3.6222e-02 9.9796e-05
3.5878e-02 9.9722e-05
3.5537e-02 9.9632e-05
3.5200e-02 9.9522e-05
3.4886e-02 8.9268e-05
3.4915e-02 7.9559e-05
3.5200e-02 7.2168e-05
3.1696e-02 1.9579e-04
3.1999e-02 1.8008e-04
3.2279e-02 1.9986e-04
3.1999e-02 2.2206e-04
3.1696e-02 2.0443e-04
3.1640e-02 1.9986e-04
3.1696e-02 1.9579e-04
3.3883e-02 3.9981e-04
3.4204e-02 4.4747e-04
3.3883e-02 5.0089e-04
3.3566e-02 4.4747e-04
3.3883e-02 3.9981e-04
3.5537e-02 6.1179e-04
3.5533e-02 6.3209e-04
3.5530e-02 7.0923e-04
3.5535e-02 7.9577e-04
3.5537e-02 8.9288e-04
3.5537e-02 8.9288e-04
3.5878e-02 8.9288e-04
3.6222e-02 8.9288e-04
3.6569e-02 8.9288e-04
3.6919e-02 8.9307e-04
3.6919e-02 8.9288e-04
3.6919e-02 7.9577e-04
3.6920e-02 7.0923e-04
3.7273e-02 6.3222e-04
3.7630e-02 6.3223e-04
3.7990e-02 6.3223e-04
3.8354e-02 6.3223e-04
3.8721e-02 6.3222e-04
3.8851e-02 6.3209e-04
3.8721e-02 6.2115e-04
3.8354e-02 6.2246e-04
3.7990e-02 6.2361e-04
3.7630e-02 6.2466e-04
3.7273e-02 6.2561e-04
3.6919e-02 6.2317e-04
3.6569e-02 6.2112e-04
3.6222e-02 6.1863e-04
3.5878e-02 6.1555e-04
3.5537e-02 6.1179e-04
