1.3501e-01 1.7309e-10
1.3513e-01 1.7788e-10
1.3558e-01 1.9959e-10
1.3587e-01 2.2394e-10
1.3602e-01 2.5127e-10
1.3611e-01 2.8193e-10
1.3618e-01 3.1634e-10
1.3622e-01 3.5494e-10
1.3625e-01 3.9825e-10
1.3627e-01 4.4685e-10
1.3628e-01 5.0138e-10
1.3629e-01 5.6257e-10
1.3629e-01 6.3122e-10
1.3629e-01 7.0825e-10
1.3630e-01 7.9468e-10
1.3630e-01 8.9165e-10
1.3630e-01 1.0005e-09
1.3630e-01 1.1225e-09
1.3630e-01 1.2595e-09
1.3630e-01 1.4132e-09
1.3630e-01 1.5857e-09
1.3630e-01 1.7792e-09
1.3630e-01 1.9963e-09
1.3630e-01 2.2399e-09
1.3630e-01 2.5133e-09
1.3630e-01 2.8200e-09
1.3630e-01 3.1641e-09
1.3630e-01 3.5502e-09
1.3630e-01 3.9835e-09
1.3630e-01 4.4696e-09
1.3630e-01 5.0150e-09
1.3630e-01 5.6270e-09
1.3630e-01 6.3136e-09
1.3630e-01 7.0841e-09
1.3630e-01 7.9486e-09
1.3630e-01 8.2643e-09
1.3663e-01 8.9186e-09
1.3708e-01 1.0007e-08
1.3732e-01 1.1228e-08
1.3744e-01 1.2598e-08
1.3754e-01 1.4136e-08
1.3760e-01 1.5861e-08
1.3761e-01 1.6124e-08
1.3810e-01 1.7796e-08
1.3863e-01 1.9968e-08
1.3885e-01 2.2404e-08
1.3892e-01 2.3765e-08
1.3925e-01 2.5139e-08
1.3999e-01 2.8206e-08
1.4026e-01 3.1285e-08
1.4034e-01 3.1648e-08
1.4127e-01 3.5510e-08
1.4160e-01 3.8472e-08
1.4192e-01 3.9844e-08
1.4287e-01 4.4706e-08
1.4296e-01 4.5379e-08
1.4401e-01 5.0161e-08
1.4432e-01 5.2049e-08
1.4525e-01 5.6283e-08
1.4571e-01 5.8704e-08
1.4671e-01 6.3151e-08
1.4710e-01 6.4918e-08
1.4851e-01 7.0798e-08
1.4853e-01 7.0857e-08
1.4993e-01 7.5853e-08
1.5095e-01 7.9504e-08
1.5137e-01 8.0959e-08
1.5282e-01 8.5747e-08
1.5398e-01 8.9206e-08
1.5428e-01 9.0120e-08
1.5576e-01 9.5701e-08
1.5692e-01 1.0009e-07
1.5725e-01 1.0138e-07
1.5876e-01 1.0717e-07
1.6002e-01 1.1231e-07
1.6028e-01 1.1324e-07
1.6182e-01 1.1840e-07
1.6337e-01 1.2421e-07
1.6388e-01 1.2601e-07
1.6493e-01 1.2921e-07
1.6651e-01 1.3403e-07
1.6811e-01 1.3985e-07
1.6854e-01 1.4139e-07
1.6972e-01 1.4429e-07
1.7134e-01 1.4849e-07
1.7299e-01 1.5371e-07
1.7464e-01 1.5811e-07
1.7493e-01 1.5864e-07
1.7632e-01 1.5994e-07
1.7800e-01 1.6136e-07
1.7971e-01 1.6267e-07
1.8143e-01 1.6419e-07
1.8317e-01 1.6581e-07
1.8492e-01 1.6854e-07
1.8670e-01 1.7170e-07
1.8848e-01 1.7468e-07
1.9029e-01 1.7740e-07
1.9075e-01 1.7800e-07
1.9211e-01 1.8018e-07
1.9395e-01 1.8332e-07
1.9581e-01 1.8757e-07
1.9769e-01 1.9140e-07
1.9958e-01 1.9473e-07
2.0149e-01 1.9780e-07
2.0267e-01 1.9972e-07
2.0342e-01 2.0062e-07
2.0537e-01 2.0270e-07
2.0734e-01 2.0495e-07
2.0932e-01 2.0737e-07
2.1133e-01 2.0989e-07
2.1335e-01 2.1267e-07
2.1540e-01 2.1577e-07
2.1746e-01 2.1948e-07
2.1933e-01 2.2410e-07
2.1954e-01 2.2472e-07
2.2165e-01 2.3004e-07
2.2377e-01 2.3463e-07
2.2591e-01 2.3888e-07
2.2808e-01 2.4309e-07
2.3026e-01 2.4753e-07
2.3134e-01 2.5144e-07
2.3247e-01 2.5417e-07
2.3470e-01 2.6041e-07
2.3694e-01 2.6703e-07
2.3921e-01 2.7455e-07
2.4118e-01 2.8213e-07
2.4151e-01 2.8472e-07
2.4382e-01 3.0280e-07
2.4507e-01 3.1656e-07
2.4615e-01 3.2670e-07
2.4851e-01 3.5360e-07
2.4865e-01 3.5519e-07
2.5089e-01 3.6626e-07
2.5330e-01 3.8089e-07
2.5563e-01 3.9853e-07
2.5572e-01 3.9933e-07
2.5817e-01 4.1848e-07
2.5880e-01 4.4716e-07
2.5924e-01 5.0173e-07
2.6012e-01 5.6296e-07
2.6054e-01 6.3166e-07
2.6065e-01 6.5844e-07
2.6314e-01 6.5650e-07
2.6566e-01 6.5501e-07
2.6821e-01 6.5344e-07
2.7078e-01 6.5197e-07
2.7337e-01 6.5046e-07
2.7599e-01 6.4319e-07
2.7863e-01 6.3321e-07
2.7902e-01 6.3166e-07
2.8130e-01 6.2137e-07
2.8400e-01 6.1005e-07
2.8672e-01 5.9778e-07
2.8947e-01 5.8030e-07
2.9224e-01 5.9400e-07
2.9504e-01 6.1245e-07
2.9786e-01 6.2735e-07
2.9842e-01 6.3166e-07
3.0072e-01 6.5209e-07
3.0360e-01 6.7891e-07
3.0651e-01 6.9327e-07
3.0793e-01 7.0874e-07
3.0944e-01 7.2725e-07
3.1241e-01 7.4266e-07
3.1540e-01 7.6114e-07
3.1784e-01 7.9522e-07
3.1842e-01 8.0145e-07
3.2147e-01 8.7672e-07
3.2211e-01 8.9227e-07
3.2455e-01 9.5943e-07
3.2551e-01 1.0012e-06
3.2753e-01 1.1233e-06
3.2766e-01 1.1316e-06
3.2943e-01 1.2604e-06
3.3048e-01 1.4142e-06
3.3080e-01 1.4846e-06
3.3148e-01 1.5868e-06
3.3238e-01 1.7804e-06
3.3290e-01 1.9977e-06
3.3329e-01 2.2415e-06
3.3359e-01 2.5150e-06
3.3377e-01 2.8219e-06
3.3384e-01 3.1663e-06
3.3391e-01 3.5527e-06
3.3394e-01 3.9862e-06
3.3395e-01 4.4727e-06
3.3396e-01 5.0185e-06
3.3397e-01 5.5471e-06
3.3400e-01 5.0185e-06
3.3405e-01 4.4727e-06
3.3409e-01 3.9862e-06
3.3414e-01 3.5527e-06
3.3432e-01 3.1663e-06
3.3454e-01 2.8219e-06
3.3466e-01 2.5150e-06
3.3520e-01 2.2415e-06
3.3596e-01 1.9977e-06
3.3672e-01 1.7804e-06
3.3717e-01 1.7092e-06
3.3741e-01 1.5868e-06
3.3785e-01 1.4142e-06
3.3873e-01 1.2604e-06
3.4031e-01 1.1233e-06
3.4040e-01 1.1158e-06
3.4171e-01 1.0012e-06
3.4342e-01 8.9227e-07
3.4366e-01 8.7164e-07
3.4428e-01 7.9522e-07
3.4622e-01 7.0874e-07
3.4695e-01 6.8599e-07
3.4879e-01 6.3166e-07
3.5027e-01 5.9793e-07
3.5190e-01 5.6296e-07
3.5363e-01 5.3165e-07
3.5594e-01 5.0173e-07
3.5702e-01 4.8642e-07
3.5935e-01 4.4716e-07
3.6044e-01 4.3029e-07
3.6275e-01 3.9853e-07
3.6389e-01 3.8373e-07
3.6737e-01 3.5739e-07
3.6758e-01 3.5519e-07
3.7089e-01 3.2556e-07
3.7198e-01 3.1656e-07
3.7445e-01 2.9867e-07
3.7742e-01 2.8213e-07
3.7803e-01 2.7844e-07
3.8165e-01 2.6190e-07
3.8531e-01 2.7349e-07
3.8642e-01 2.5144e-07
3.8809e-01 2.2410e-07
3.8900e-01 2.1846e-07
3.9273e-01 2.0800e-07
3.9506e-01 1.9972e-07
3.9649e-01 1.9387e-07
4.0029e-01 1.8148e-07
4.0137e-01 1.7800e-07
4.0412e-01 1.6894e-07
4.0691e-01 1.5864e-07
4.0799e-01 1.5437e-07
4.1190e-01 1.4643e-07
4.1469e-01 1.4139e-07
4.1585e-01 1.3953e-07
4.1983e-01 1.2808e-07
4.2159e-01 1.2601e-07
4.2385e-01 1.2363e-07
4.2736e-01 1.1231e-07
4.2791e-01 1.1105e-07
4.3075e-01 1.1231e-07
4.3201e-01 1.1296e-07
4.3225e-01 1.1231e-07
4.3615e-01 1.0257e-07
4.3724e-01 1.0009e-07
4.3965e-01 8.9206e-08
4.4033e-01 8.8311e-08
4.4455e-01 8.5720e-08
4.4881e-01 8.0628e-08
4.4953e-01 7.9504e-08
4.5311e-01 7.3632e-08
4.5505e-01 7.0857e-08
4.5745e-01 6.7205e-08
4.6152e-01 6.3151e-08
4.6183e-01 6.2850e-08
4.6625e-01 5.7932e-08
4.6796e-01 5.6283e-08
4.7072e-01 5.3464e-08
4.7439e-01 5.0161e-08
4.7523e-01 4.9378e-08
4.7978e-01 4.5494e-08
4.8057e-01 4.4706e-08
4.8438e-01 4.1454e-08
4.8649e-01 3.9844e-08
4.8902e-01 3.7949e-08
4.9134e-01 3.5510e-08
4.9370e-01 3.3746e-08
4.9620e-01 3.1648e-08
4.9843e-01 3.0175e-08
5.0182e-01 2.8206e-08
5.0321e-01 2.6906e-08
5.0507e-01 2.5139e-08
5.0803e-01 2.2888e-08
5.0869e-01 2.2404e-08
5.1268e-01 1.9968e-08
5.1289e-01 1.9834e-08
5.1591e-01 1.7796e-08
5.1781e-01 1.6329e-08
5.1824e-01 1.5861e-08
5.2143e-01 1.4136e-08
5.2277e-01 1.3232e-08
5.2340e-01 1.2598e-08
5.2576e-01 1.1228e-08
5.2777e-01 1.0309e-08
5.2820e-01 1.0007e-08
5.3001e-01 8.9186e-09
5.3154e-01 7.9486e-09
5.3283e-01 7.4129e-09
5.3318e-01 7.0841e-09
5.3475e-01 6.3136e-09
5.3627e-01 5.6270e-09
5.3757e-01 5.0150e-09
5.3793e-01 4.9024e-09
5.3801e-01 4.4696e-09
5.3819e-01 3.9835e-09
5.3875e-01 3.5502e-09
5.3955e-01 3.1641e-09
5.4027e-01 2.8200e-09
5.4171e-01 2.5133e-09
5.4309e-01 2.3391e-09
5.4441e-01 2.5133e-09
5.4579e-01 2.8200e-09
5.4647e-01 3.1641e-09
5.4727e-01 3.5502e-09
5.4781e-01 3.9835e-09
5.4797e-01 4.4696e-09
5.4804e-01 5.0150e-09
5.4808e-01 5.6270e-09
5.4816e-01 6.3136e-09
5.4821e-01 7.0841e-09
5.4824e-01 7.9486e-09
5.4824e-01 8.9186e-09
5.4825e-01 1.0007e-08
5.4827e-01 1.1228e-08
5.4825e-01 1.2598e-08
5.4826e-01 1.4136e-08
5.4827e-01 1.5861e-08
5.4827e-01 1.7796e-08
5.4826e-01 1.9968e-08
5.4824e-01 2.2404e-08
5.4815e-01 2.5139e-08
5.4792e-01 2.8206e-08
5.4747e-01 3.1648e-08
5.4683e-01 3.5510e-08
5.4309e-01 3.9009e-08
5.3908e-01 3.5510e-08
5.3837e-01 3.1648e-08
5.3793e-01 2.9221e-08
5.3779e-01 3.1648e-08
5.3768e-01 3.5510e-08
5.3750e-01 3.9844e-08
5.3692e-01 4.4706e-08
5.3554e-01 5.0161e-08
5.3283e-01 5.5594e-08
5.3278e-01 5.6283e-08
5.3252e-01 6.3151e-08
5.3178e-01 7.0857e-08
5.2992e-01 7.9504e-08
5.2777e-01 8.7395e-08
5.2745e-01 8.9206e-08
5.2418e-01 1.0009e-07
5.2277e-01 1.0551e-07
5.2221e-01 1.1231e-07
5.1924e-01 1.2601e-07
5.1781e-01 1.3435e-07
5.1711e-01 1.4139e-07
5.1375e-01 1.5864e-07
5.1289e-01 1.6440e-07
5.1161e-01 1.7800e-07
5.0816e-01 1.9972e-07
5.0803e-01 2.0056e-07
5.0321e-01 2.2341e-07
5.0320e-01 2.2410e-07
5.0270e-01 2.5144e-07
5.0164e-01 2.8213e-07
4.9908e-01 3.1656e-07
4.9843e-01 3.2271e-07
4.9607e-01 3.1656e-07
4.9370e-01 3.1308e-07
4.9301e-01 3.1656e-07
4.8902e-01 3.4376e-07
4.8817e-01 3.5519e-07
4.8438e-01 3.9405e-07
4.8372e-01 3.9853e-07
4.7978e-01 4.3542e-07
4.7828e-01 4.4716e-07
4.7523e-01 4.7942e-07
4.7328e-01 5.0173e-07
4.7072e-01 5.3509e-07
4.6887e-01 5.6296e-07
4.6625e-01 6.0336e-07
4.6499e-01 6.3166e-07
4.6183e-01 6.9090e-07
4.6148e-01 7.0874e-07
4.5904e-01 7.9522e-07
4.5745e-01 8.3514e-07
4.5311e-01 8.9151e-07
4.5307e-01 8.9227e-07
4.4881e-01 9.9403e-07
4.4878e-01 1.0012e-06
4.4836e-01 1.1233e-06
4.4660e-01 1.2604e-06
4.4455e-01 1.3419e-06
4.4337e-01 1.4142e-06
4.4033e-01 1.5419e-06
4.3615e-01 1.5450e-06
4.3513e-01 1.5868e-06
4.3201e-01 1.7309e-06
4.3152e-01 1.7804e-06
4.2791e-01 1.9854e-06
4.2789e-01 1.9977e-06
4.2774e-01 2.2415e-06
4.2681e-01 2.5150e-06
4.2385e-01 2.7698e-06
4.2374e-01 2.8219e-06
4.2283e-01 3.1663e-06
4.1983e-01 3.5170e-06
4.1701e-01 3.5527e-06
4.1585e-01 3.6112e-06
4.1307e-01 3.9862e-06
4.1190e-01 4.1317e-06
4.1038e-01 4.4727e-06
4.0799e-01 4.8389e-06
4.0786e-01 5.0185e-06
4.0724e-01 5.6309e-06
4.0439e-01 6.3180e-06
4.0412e-01 6.3781e-06
4.0029e-01 7.0715e-06
4.0020e-01 7.0890e-06
3.9649e-01 7.8950e-06
3.9622e-01 7.9541e-06
3.9273e-01 8.8295e-06
3.8916e-01 7.9541e-06
3.8900e-01 7.9358e-06
3.8540e-01 7.0890e-06
3.8531e-01 7.0735e-06
3.8529e-01 7.0890e-06
3.8472e-01 7.9541e-06
3.8165e-01 8.8342e-06
3.8165e-01 8.9247e-06
3.8164e-01 1.0014e-05
3.8158e-01 1.1236e-05
3.8098e-01 1.2607e-05
3.7803e-01 1.4067e-05
3.7790e-01 1.4145e-05
3.7445e-01 1.5850e-05
3.7089e-01 1.5008e-05
3.6932e-01 1.4145e-05
3.6759e-01 1.2607e-05
3.6737e-01 1.1394e-05
3.6389e-01 1.1797e-05
3.6044e-01 1.1785e-05
3.6042e-01 1.2607e-05
3.6039e-01 1.4145e-05
3.6018e-01 1.5872e-05
3.5838e-01 1.7808e-05
3.5702e-01 1.8736e-05
3.5702e-01 1.9982e-05
3.5702e-01 2.2420e-05
3.5701e-01 2.5156e-05
3.5698e-01 2.8226e-05
3.5674e-01 3.1670e-05
3.5363e-01 3.5453e-05
3.5359e-01 3.5535e-05
3.5094e-01 3.9871e-05
3.5027e-01 4.0850e-05
3.4833e-01 4.4737e-05
3.4695e-01 4.7025e-05
3.4366e-01 4.8030e-05
3.4178e-01 4.4737e-05
3.4049e-01 3.9871e-05
3.4042e-01 3.5535e-05
3.4041e-01 3.1670e-05
3.4040e-01 2.8226e-05
3.4040e-01 2.5705e-05
3.3986e-01 2.5156e-05
3.3771e-01 2.2420e-05
3.3734e-01 1.9982e-05
3.3723e-01 1.7808e-05
3.3717e-01 1.6513e-05
3.3643e-01 1.5872e-05
3.3515e-01 1.4145e-05
3.3436e-01 1.2607e-05
3.3411e-01 1.1236e-05
3.3404e-01 1.0014e-05
3.3400e-01 8.9247e-06
3.3399e-01 7.9541e-06
3.3397e-01 7.0890e-06
3.3397e-01 6.9716e-06
3.3397e-01 7.0890e-06
3.3397e-01 7.9541e-06
3.3397e-01 8.9247e-06
3.3397e-01 1.0014e-05
3.3397e-01 1.1236e-05
3.3397e-01 1.2607e-05
3.3397e-01 1.4145e-05
3.3397e-01 1.5872e-05
3.3397e-01 1.7808e-05
3.3397e-01 1.9982e-05
3.3397e-01 2.2420e-05
3.3397e-01 2.5156e-05
3.3397e-01 2.8226e-05
3.3396e-01 3.1670e-05
3.3395e-01 3.5535e-05
3.3392e-01 3.9871e-05
3.3376e-01 4.4737e-05
3.3273e-01 5.0196e-05
3.3080e-01 5.4341e-05
3.2916e-01 5.6322e-05
3.2766e-01 5.9289e-05
3.2498e-01 5.6322e-05
3.2455e-01 5.6220e-05
3.2147e-01 5.4332e-05
3.1954e-01 5.0196e-05
3.1856e-01 4.4737e-05
3.1845e-01 3.9871e-05
3.1843e-01 3.5535e-05
3.1842e-01 3.4029e-05
3.1676e-01 3.1670e-05
3.1559e-01 2.8226e-05
3.1540e-01 2.5156e-05
3.1540e-01 2.5121e-05
3.1275e-01 2.2420e-05
3.1241e-01 2.1536e-05
3.1059e-01 1.9982e-05
3.0944e-01 1.8743e-05
3.0934e-01 1.9982e-05
3.0894e-01 2.2420e-05
3.0651e-01 2.4935e-05
3.0651e-01 2.5156e-05
3.0648e-01 2.8226e-05
3.0633e-01 3.1670e-05
3.0501e-01 3.5535e-05
3.0360e-01 3.7790e-05
3.0131e-01 3.5535e-05
3.0072e-01 3.5392e-05
2.9786e-01 3.4789e-05
2.9504e-01 3.4085e-05
2.9227e-01 3.1670e-05
2.9224e-01 3.1664e-05
2.8947e-01 3.1316e-05
2.8672e-01 3.0980e-05
2.8400e-01 3.0076e-05
2.8138e-01 2.8226e-05
2.8130e-01 2.8214e-05
2.7863e-01 2.7978e-05
2.7599e-01 2.7707e-05
2.7337e-01 2.7322e-05
2.7078e-01 2.6695e-05
2.6821e-01 2.5770e-05
2.6675e-01 2.5156e-05
2.6566e-01 2.5068e-05
2.6314e-01 2.4865e-05
2.6065e-01 2.4652e-05
2.6047e-01 2.5156e-05
2.5817e-01 2.7873e-05
2.5572e-01 2.7814e-05
2.5330e-01 2.7740e-05
2.5089e-01 2.7646e-05
2.4851e-01 2.7529e-05
2.4615e-01 2.7379e-05
2.4382e-01 2.7211e-05
2.4151e-01 2.7124e-05
2.3921e-01 2.7092e-05
2.3694e-01 2.6942e-05
2.3470e-01 2.6753e-05
2.3247e-01 2.6758e-05
2.3026e-01 2.6946e-05
2.2808e-01 2.7153e-05
2.2591e-01 2.7368e-05
2.2377e-01 2.7578e-05
2.2165e-01 2.7776e-05
2.1954e-01 2.7961e-05
2.1746e-01 2.8067e-05
2.1540e-01 2.7943e-05
2.1335e-01 2.7798e-05
2.1133e-01 2.7694e-05
2.0932e-01 2.7445e-05
2.0734e-01 2.7114e-05
2.0537e-01 2.6959e-05
2.0342e-01 2.7420e-05
2.0149e-01 2.7744e-05
1.9958e-01 2.7963e-05
1.9769e-01 2.8105e-05
1.9581e-01 2.8191e-05
1.9395e-01 2.8212e-05
1.9211e-01 2.8150e-05
1.9029e-01 2.8073e-05
1.8848e-01 2.7962e-05
1.8670e-01 2.7791e-05
1.8492e-01 2.7496e-05
1.8317e-01 2.7140e-05
1.8143e-01 2.6971e-05
1.7971e-01 2.6701e-05
1.7800e-01 2.6271e-05
1.7632e-01 2.5565e-05
1.7561e-01 2.5156e-05
1.7464e-01 2.5134e-05
1.7299e-01 2.5099e-05
1.7134e-01 2.5071e-05
1.6972e-01 2.5022e-05
1.6811e-01 2.4953e-05
1.6651e-01 2.4846e-05
1.6493e-01 2.4682e-05
1.6337e-01 2.4437e-05
1.6182e-01 2.3927e-05
1.6028e-01 2.2806e-05
1.5995e-01 2.2420e-05
1.5876e-01 2.2300e-05
1.5725e-01 2.2065e-05
1.5576e-01 2.1517e-05
1.5447e-01 1.9982e-05
1.5428e-01 1.9954e-05
1.5282e-01 1.9695e-05
1.5137e-01 1.8514e-05
1.5083e-01 1.7808e-05
1.4993e-01 1.7623e-05
1.4851e-01 1.6185e-05
1.4827e-01 1.5872e-05
1.4710e-01 1.5505e-05
1.4596e-01 1.4145e-05
1.4571e-01 1.4038e-05
1.4440e-01 1.2607e-05
1.4432e-01 1.2559e-05
1.4301e-01 1.1236e-05
1.4296e-01 1.1186e-05
1.4168e-01 1.0014e-05
1.4160e-01 9.8315e-06
1.4051e-01 8.9247e-06
1.4027e-01 7.9541e-06
1.4026e-01 7.9321e-06
1.3898e-01 7.0890e-06
1.3892e-01 6.3180e-06
1.3892e-01 6.2653e-06
1.3773e-01 5.6309e-06
1.3762e-01 5.0185e-06
1.3761e-01 4.4727e-06
1.3761e-01 4.3693e-06
1.3659e-01 3.9862e-06
1.3631e-01 3.5527e-06
1.3630e-01 3.1663e-06
1.3630e-01 2.8219e-06
1.3630e-01 2.5150e-06
1.3630e-01 2.2415e-06
1.3630e-01 2.2303e-06
1.3509e-01 1.9977e-06
1.3502e-01 1.7804e-06
1.3501e-01 1.5868e-06
1.3501e-01 1.4142e-06
1.3501e-01 1.2604e-06
1.3501e-01 1.1233e-06
1.3501e-01 1.0012e-06
1.3501e-01 8.9227e-07
1.3501e-01 7.9522e-07
1.3501e-01 7.0874e-07
1.3501e-01 6.3166e-07
1.3501e-01 5.6296e-07
1.3501e-01 5.0173e-07
1.3501e-01 4.4716e-07
1.3501e-01 3.9853e-07
1.3501e-01 3.5519e-07
1.3501e-01 3.1656e-07
1.3501e-01 2.8213e-07
1.3501e-01 2.5144e-07
1.3501e-01 2.2410e-07
1.3501e-01 1.9972e-07
1.3501e-01 1.7800e-07
1.3501e-01 1.5864e-07
1.3501e-01 1.4139e-07
1.3501e-01 1.2601e-07
1.3501e-01 1.1231e-07
1.3501e-01 1.0009e-07
1.3501e-01 8.9206e-08
1.3501e-01 7.9504e-08
1.3501e-01 7.0857e-08
1.3501e-01 6.3151e-08
1.3501e-01 5.6283e-08
1.3501e-01 5.0161e-08
1.3501e-01 4.7940e-08
1.3501e-01 5.0161e-08
1.3501e-01 5.6283e-08
1.3501e-01 6.3151e-08
1.3501e-01 7.0857e-08
1.3501e-01 7.9504e-08
1.3501e-01 8.9206e-08
1.3501e-01 1.0009e-07
1.3501e-01 1.1231e-07
1.3501e-01 1.2601e-07
1.3501e-01 1.4139e-07
1.3501e-01 1.5864e-07
1.3501e-01 1.7800e-07
1.3501e-01 1.9972e-07
1.3501e-01 2.2410e-07
1.3501e-01 2.5144e-07
1.3501e-01 2.8213e-07
1.3501e-01 3.1656e-07
1.3501e-01 3.5519e-07
1.3501e-01 3.9853e-07
1.3501e-01 4.4716e-07
1.3501e-01 5.0173e-07
1.3501e-01 5.6296e-07
1.3501e-01 6.3166e-07
1.3501e-01 7.0874e-07
1.3501e-01 7.9522e-07
1.3501e-01 8.9227e-07
1.3501e-01 1.0012e-06
1.3501e-01 1.1233e-06
1.3501e-01 1.2604e-06
1.3501e-01 1.4142e-06
1.3501e-01 1.5868e-06
1.3501e-01 1.7804e-06
1.3496e-01 1.9977e-06
1.3373e-01 2.2372e-06
1.3373e-01 2.2415e-06
1.3373e-01 2.5150e-06
1.3373e-01 2.8219e-06
1.3373e-01 3.1663e-06
1.3373e-01 3.5527e-06
1.3371e-01 3.9862e-06
1.3319e-01 4.4727e-06
1.3246e-01 4.7939e-06
1.3246e-01 5.0185e-06
1.3246e-01 5.6309e-06
1.3243e-01 6.3180e-06
1.3146e-01 7.0890e-06
1.3120e-01 7.2677e-06
1.3120e-01 7.9541e-06
1.3114e-01 8.9247e-06
1.2996e-01 9.9924e-06
1.2996e-01 1.0014e-05
1.2993e-01 1.1236e-05
1.2913e-01 1.2607e-05
1.2872e-01 1.3118e-05
1.2868e-01 1.4145e-05
1.2755e-01 1.5872e-05
1.2750e-01 1.5952e-05
1.2737e-01 1.7808e-05
1.2629e-01 1.9802e-05
1.2627e-01 1.9982e-05
1.2554e-01 2.2420e-05
1.2509e-01 2.3450e-05
1.2486e-01 2.5156e-05
1.2391e-01 2.7641e-05
1.2380e-01 2.8226e-05
1.2273e-01 3.1372e-05
1.2265e-01 3.1670e-05
1.2157e-01 3.5296e-05
1.2150e-01 3.5535e-05
1.2041e-01 3.9604e-05
1.2032e-01 3.9871e-05
1.1927e-01 4.4336e-05
1.1913e-01 4.4737e-05
1.1814e-01 4.9462e-05
1.1787e-01 5.0196e-05
1.1702e-01 5.4754e-05
1.1649e-01 5.6322e-05
1.1591e-01 5.9867e-05
1.1504e-01 6.3195e-05
1.1481e-01 6.4801e-05
1.1372e-01 7.0823e-05
1.1370e-01 7.0906e-05
1.1264e-01 7.9106e-05
1.1253e-01 7.9559e-05
1.1157e-01 8.7988e-05
1.1131e-01 8.9268e-05
1.1051e-01 9.7232e-05
1.0966e-01 1.0016e-04
1.0946e-01 1.0247e-04
1.0842e-01 1.1155e-04
1.0819e-01 1.1238e-04
1.0740e-01 1.2241e-04
1.0638e-01 1.2598e-04
1.0635e-01 1.2610e-04
1.0537e-01 1.3991e-04
1.0489e-01 1.4149e-04
1.0437e-01 1.5013e-04
1.0338e-01 1.5829e-04
1.0328e-01 1.5875e-04
1.0240e-01 1.7541e-04
1.0187e-01 1.7813e-04
1.0142e-01 1.8783e-04
1.0046e-01 1.9925e-04
1.0036e-01 1.9986e-04
9.9509e-02 2.2074e-04
9.8944e-02 2.2425e-04
9.8564e-02 2.3486e-04
9.7629e-02 2.5077e-04
9.7526e-02 2.5162e-04
9.6703e-02 2.7752e-04
9.5998e-02 2.8232e-04
9.5785e-02 2.8991e-04
9.4876e-02 3.1534e-04
9.4717e-02 3.1677e-04
9.3976e-02 3.4707e-04
9.3084e-02 3.5534e-04
9.3076e-02 3.5543e-04
9.2201e-02 3.9609e-04
9.1840e-02 3.9880e-04
9.1326e-02 4.2565e-04
9.0460e-02 4.4612e-04
9.0331e-02 4.4747e-04
8.9601e-02 4.8996e-04
8.8790e-02 5.0208e-04
8.8751e-02 5.0461e-04
8.7909e-02 5.5659e-04
8.7626e-02 5.6335e-04
8.7075e-02 6.0416e-04
8.6249e-02 6.3170e-04
8.6236e-02 6.3209e-04
8.5430e-02 7.0309e-04
8.5225e-02 7.0923e-04
8.4620e-02 7.6977e-04
8.3817e-02 7.9555e-04
8.3811e-02 7.9577e-04
8.3022e-02 8.8898e-04
8.2875e-02 8.9288e-04
8.2234e-02 9.7857e-04
8.1454e-02 1.0017e-03
8.1451e-02 1.0018e-03
8.0681e-02 1.1196e-03
8.0562e-02 1.1241e-03
7.9915e-02 1.2363e-03
7.9416e-02 1.2613e-03
7.9157e-02 1.3122e-03
7.8406e-02 1.4128e-03
7.8376e-02 1.4152e-03
7.7662e-02 1.5772e-03
7.7572e-02 1.5879e-03
7.6925e-02 1.7550e-03
7.6744e-02 1.7817e-03
7.6195e-02 1.9427e-03
7.5897e-02 1.9991e-03
7.5472e-02 2.1415e-03
7.5065e-02 2.2430e-03
7.4756e-02 2.3608e-03
7.4299e-02 2.5167e-03
7.4047e-02 2.6257e-03
7.3638e-02 2.8239e-03
7.3344e-02 2.9681e-03
7.3066e-02 3.1685e-03
7.2648e-02 3.4012e-03
7.2509e-02 3.5551e-03
7.1959e-02 3.9027e-03
7.1910e-02 3.9890e-03
7.1276e-02 4.4439e-03
7.1265e-02 4.4757e-03
7.0657e-02 5.0219e-03
7.0600e-02 5.0741e-03
7.0517e-02 5.6348e-03
6.9930e-02 6.2397e-03
6.9924e-02 6.3224e-03
6.9645e-02 7.0939e-03
6.9266e-02 7.5895e-03
6.9257e-02 7.9596e-03
6.8706e-02 8.9309e-03
6.8609e-02 9.0917e-03
6.8606e-02 1.0021e-02
6.8430e-02 1.1244e-02
6.7958e-02 1.2242e-02
6.7958e-02 1.2616e-02
6.7950e-02 1.4155e-02
6.7313e-02 1.5881e-02
6.7313e-02 1.5883e-02
6.7313e-02 1.7821e-02
6.7312e-02 1.9995e-02
6.7264e-02 2.2435e-02
6.6674e-02 2.4980e-02
6.6674e-02 2.5173e-02
6.6674e-02 2.8245e-02
6.6674e-02 3.1692e-02
6.6670e-02 3.5559e-02
6.6281e-02 3.9899e-02
6.6042e-02 4.1755e-02
6.6038e-02 4.4768e-02
6.5730e-02 5.0231e-02
6.5415e-02 5.3346e-02
6.5103e-02 5.0231e-02
6.4798e-02 4.4768e-02
6.4794e-02 3.9899e-02
6.4794e-02 3.7536e-02
6.4517e-02 3.5559e-02
6.4184e-02 3.1692e-02
6.4180e-02 2.8245e-02
6.4180e-02 2.5173e-02
6.4180e-02 2.4517e-02
6.3723e-02 2.2435e-02
6.3573e-02 1.9995e-02
6.3571e-02 1.7821e-02
6.3571e-02 1.7642e-02
6.3030e-02 1.5883e-02
6.2968e-02 1.4155e-02
6.2967e-02 1.3914e-02
6.2470e-02 1.2616e-02
6.2371e-02 1.1244e-02
6.2370e-02 1.1216e-02
6.1796e-02 1.0021e-02
6.1778e-02 9.8896e-03
6.1264e-02 8.9309e-03
6.1192e-02 8.7875e-03
6.0692e-02 7.9596e-03
6.0611e-02 7.8916e-03
6.0066e-02 7.0939e-03
6.0036e-02 7.0812e-03
5.9467e-02 6.7506e-03
5.9128e-02 6.3224e-03
5.8902e-02 6.2843e-03
5.8343e-02 5.9051e-03
5.8101e-02 5.6348e-03
5.7790e-02 5.5783e-03
5.7242e-02 5.2488e-03
5.6972e-02 5.0219e-03
5.6698e-02 4.9766e-03
5.6160e-02 4.7510e-03
5.5760e-02 4.4757e-03
5.5628e-02 4.4484e-03
5.5100e-02 4.3614e-03
5.4577e-02 4.2764e-03
5.4059e-02 4.1552e-03
5.3546e-02 4.0096e-03
5.3475e-02 3.9890e-03
5.3038e-02 3.9770e-03
5.2535e-02 3.9622e-03
5.2036e-02 3.9192e-03
5.1543e-02 3.8135e-03
5.1053e-02 3.5779e-03
5.1010e-02 3.5551e-03
5.0569e-02 3.5467e-03
5.0089e-02 3.5372e-03
4.9614e-02 3.5263e-03
4.9143e-02 3.5119e-03
4.8677e-02 3.4890e-03
4.8215e-02 3.4538e-03
4.7758e-02 3.4117e-03
4.7304e-02 3.3650e-03
4.6856e-02 3.3165e-03
4.6411e-02 3.2653e-03
4.5971e-02 3.2073e-03
4.5687e-02 3.1685e-03
4.5534e-02 3.1678e-03
4.5102e-02 3.1661e-03
4.4674e-02 3.1649e-03
4.4250e-02 3.1640e-03
4.3831e-02 3.1650e-03
4.3415e-02 3.1672e-03
4.3230e-02 3.1685e-03
4.3003e-02 3.2132e-03
4.2595e-02 3.2870e-03
4.2191e-02 3.3483e-03
4.1790e-02 3.4034e-03
4.1394e-02 3.3589e-03
4.1001e-02 3.2650e-03
4.0612e-02 3.1726e-03
4.0589e-02 3.1685e-03
4.0227e-02 3.1666e-03
3.9845e-02 3.1657e-03
3.9467e-02 3.1650e-03
3.9092e-02 3.1659e-03
3.8721e-02 3.1683e-03
3.8692e-02 3.1685e-03
3.8354e-02 3.2673e-03
3.7990e-02 3.3492e-03
3.7630e-02 3.4096e-03
3.7273e-02 3.4537e-03
3.6919e-02 3.4784e-03
3.6569e-02 3.4940e-03
3.6222e-02 3.5063e-03
3.5878e-02 3.5164e-03
3.5537e-02 3.5251e-03
3.5200e-02 3.5335e-03
3.4897e-02 3.1685e-03
3.4868e-02 2.8239e-03
3.4866e-02 2.5167e-03
3.5200e-02 2.2431e-03
3.5537e-02 2.2431e-03
3.5878e-02 2.2432e-03
3.6222e-02 2.2432e-03
3.6569e-02 2.2432e-03
3.6572e-02 2.2430e-03
3.6569e-02 2.2415e-03
3.6222e-02 2.2421e-03
3.5878e-02 2.2419e-03
3.5537e-02 2.2417e-03
3.5200e-02 2.2417e-03
3.4868e-02 1.9991e-03
3.4866e-02 1.8531e-03
3.4535e-02 1.8488e-03
3.4208e-02 1.8432e-03
3.3883e-02 1.8548e-03
3.3562e-02 1.7885e-03
3.3504e-02 1.7817e-03
3.3243e-02 1.7569e-03
3.3100e-02 1.5879e-03
3.2928e-02 1.5211e-03
3.2615e-02 1.5208e-03
3.2589e-02 1.5879e-03
3.2306e-02 1.7643e-03
3.1999e-02 1.7817e-03
3.1696e-02 1.7815e-03
3.1395e-02 1.7449e-03
3.1128e-02 1.5879e-03
3.1199e-02 1.4152e-03
3.1395e-02 1.3138e-03
3.1696e-02 1.3149e-03
3.1999e-02 1.3168e-03
3.2306e-02 1.3195e-03
3.2615e-02 1.3230e-03
3.2928e-02 1.3275e-03
3.2928e-02 1.2613e-03
3.2928e-02 1.1241e-03
3.3243e-02 1.0019e-03
3.3562e-02 1.0018e-03
3.3883e-02 1.0018e-03
3.4208e-02 1.0018e-03
3.4216e-02 1.0018e-03
3.4535e-02 8.9530e-04
3.4866e-02 8.9288e-04
3.4866e-02 8.9288e-04
3.4969e-02 7.9577e-04
3.5124e-02 7.0923e-04
3.5200e-02 6.8340e-04
3.5380e-02 7.0923e-04
3.5537e-02 7.1759e-04
3.5669e-02 7.0923e-04
3.5878e-02 6.7328e-04
3.6222e-02 6.3368e-04
3.6569e-02 6.3303e-04
3.6919e-02 6.3219e-04
3.6919e-02 6.3209e-04
3.6919e-02 6.3176e-04
3.6601e-02 5.6335e-04
3.6569e-02 5.6335e-04
3.6222e-02 5.6335e-04
3.5878e-02 5.6327e-04
3.5537e-02 5.3329e-04
3.5379e-02 5.0208e-04
3.5537e-02 4.7612e-04
3.5878e-02 4.4755e-04
3.6222e-02 4.4747e-04
3.6569e-02 4.4747e-04
3.6582e-02 4.4747e-04
3.6919e-02 4.0001e-04
3.6919e-02 3.9880e-04
3.6919e-02 3.5543e-04
3.7018e-02 3.1677e-04
3.6919e-02 2.9429e-04
3.6801e-02 2.8232e-04
3.6569e-02 2.8230e-04
3.6222e-02 2.8232e-04
3.5878e-02 2.8232e-04
3.5537e-02 2.8232e-04
3.5536e-02 2.8232e-04
3.5200e-02 3.1668e-04
3.4866e-02 3.0780e-04
3.4624e-02 2.8232e-04
3.4866e-02 2.6005e-04
3.4866e-02 2.5162e-04
3.4866e-02 2.2425e-04
3.4866e-02 2.1164e-04
3.4713e-02 1.9986e-04
3.4538e-02 1.7813e-04
3.4866e-02 1.5901e-04
3.4867e-02 1.5875e-04
3.4887e-02 1.4149e-04
3.5189e-02 1.2610e-04
3.4873e-02 1.1238e-04
3.4869e-02 1.0016e-04
3.5200e-02 8.9387e-05
3.5537e-02 8.9362e-05
3.5878e-02 8.9288e-05
3.5881e-02 8.9268e-05
3.6222e-02 7.9856e-05
3.6569e-02 7.9640e-05
3.6919e-02 7.9624e-05
3.6924e-02 7.9559e-05
3.6927e-02 7.0906e-05
3.6919e-02 7.0521e-05
3.6569e-02 7.0494e-05
3.6222e-02 7.0141e-05
3.5905e-02 6.3195e-05
3.6222e-02 5.7004e-05
3.6569e-02 5.6689e-05
3.6919e-02 5.6663e-05
3.6928e-02 5.6322e-05
3.7008e-02 5.0196e-05
3.7273e-02 4.6086e-05
3.7547e-02 5.0196e-05
3.7630e-02 5.0348e-05
3.7990e-02 5.0361e-05
3.8354e-02 5.0359e-05
3.8721e-02 5.0353e-05
3.9092e-02 5.0336e-05
3.9467e-02 5.0272e-05
3.9486e-02 5.0196e-05
3.9845e-02 4.5189e-05
4.0227e-02 4.4993e-05
4.0612e-02 4.4929e-05
4.1001e-02 4.4883e-05
4.1394e-02 4.4847e-05
4.1401e-02 4.4737e-05
4.1405e-02 3.9871e-05
4.1394e-02 3.8839e-05
4.1001e-02 3.5886e-05
4.0904e-02 3.5535e-05
4.0612e-02 3.5401e-05
4.0470e-02 3.5535e-05
4.0227e-02 3.6890e-05
3.9845e-02 3.9255e-05
3.9467e-02 3.9160e-05
3.9154e-02 3.5535e-05
3.9147e-02 3.1670e-05
3.9182e-02 2.8226e-05
3.9467e-02 2.5868e-05
3.9776e-02 2.5156e-05
3.9845e-02 2.4675e-05
4.0227e-02 2.3965e-05
4.0612e-02 2.3857e-05
4.1001e-02 2.3758e-05
4.1394e-02 2.3667e-05
4.1537e-02 2.2420e-05
4.1573e-02 1.9982e-05
4.1790e-02 1.8315e-05
4.2191e-02 1.8082e-05
4.2595e-02 1.7819e-05
4.2609e-02 1.7808e-05
4.3003e-02 1.6909e-05
4.3415e-02 1.6314e-05
4.3831e-02 1.5918e-05
4.3892e-02 1.5872e-05
4.4250e-02 1.5477e-05
4.4674e-02 1.5118e-05
4.5102e-02 1.4807e-05
4.5534e-02 1.4535e-05
4.5971e-02 1.4294e-05
4.6263e-02 1.4145e-05
4.6411e-02 1.3947e-05
4.6856e-02 1.3224e-05
4.7304e-02 1.2643e-05
4.7346e-02 1.2607e-05
4.7758e-02 1.2055e-05
4.8215e-02 1.1426e-05
4.8331e-02 1.1236e-05
4.8677e-02 1.0852e-05
4.9143e-02 1.0426e-05
4.9614e-02 1.0180e-05
5.0089e-02 1.0082e-05
5.0458e-02 1.0014e-05
5.0569e-02 9.9865e-06
5.1053e-02 9.8522e-06
5.1543e-02 9.6953e-06
5.2036e-02 9.5041e-06
5.2535e-02 9.3008e-06
5.3038e-02 9.1362e-06
5.3546e-02 8.9646e-06
5.3665e-02 8.9247e-06
5.4059e-02 8.7811e-06
5.4577e-02 8.6380e-06
5.5100e-02 8.5964e-06
5.5628e-02 8.6045e-06
5.6160e-02 8.5900e-06
5.6698e-02 8.5724e-06
5.7242e-02 8.5578e-06
5.7790e-02 8.6533e-06
5.8343e-02 8.8822e-06
5.8409e-02 8.9247e-06
5.8902e-02 9.1066e-06
5.9467e-02 9.3010e-06
6.0036e-02 9.5988e-06
6.0611e-02 9.4288e-06
6.1192e-02 9.4134e-06
6.1778e-02 9.7673e-06
6.1956e-02 1.0014e-05
6.2370e-02 1.0472e-05
6.2759e-02 1.1236e-05
6.2967e-02 1.1705e-05
6.3486e-02 1.2607e-05
6.3571e-02 1.2949e-05
6.3966e-02 1.4145e-05
6.4180e-02 1.4607e-05
6.4425e-02 1.5872e-05
6.4670e-02 1.7808e-05
6.4794e-02 1.9113e-05
6.4878e-02 1.9982e-05
6.5082e-02 2.2420e-05
6.5208e-02 2.5156e-05
6.5262e-02 2.8226e-05
6.5323e-02 3.1670e-05
6.5367e-02 3.5535e-05
6.5392e-02 3.9871e-05
6.5402e-02 4.4737e-05
6.5409e-02 5.0196e-05
6.5415e-02 5.4810e-05
6.5422e-02 5.0196e-05
6.5432e-02 4.4737e-05
6.5453e-02 3.9871e-05
6.5486e-02 3.5535e-05
6.5533e-02 3.1670e-05
6.5578e-02 2.8226e-05
6.5673e-02 2.5156e-05
6.5830e-02 2.2420e-05
6.6003e-02 1.9982e-05
6.6042e-02 1.9734e-05
6.6183e-02 1.7808e-05
6.6333e-02 1.5872e-05
6.6537e-02 1.4145e-05
6.6674e-02 1.3292e-05
6.6786e-02 1.2607e-05
6.7138e-02 1.1236e-05
6.7313e-02 1.0672e-05
6.7495e-02 1.0014e-05
6.7958e-02 8.9921e-06
6.7989e-02 8.9247e-06
6.8441e-02 7.9541e-06
6.8609e-02 7.6636e-06
6.9031e-02 7.0890e-06
6.9266e-02 6.7481e-06
6.9674e-02 6.3180e-06
6.9930e-02 6.0805e-06
7.0464e-02 5.6309e-06
7.0600e-02 5.5248e-06
7.1276e-02 5.0385e-06
7.1304e-02 5.0185e-06
7.1959e-02 4.5671e-06
7.2121e-02 4.4727e-06
7.2648e-02 4.1574e-06
7.3011e-02 3.9862e-06
7.3344e-02 3.8182e-06
7.4029e-02 3.5527e-06
7.4047e-02 3.5450e-06
7.4756e-02 3.2969e-06
7.5193e-02 3.1663e-06
7.5472e-02 3.0802e-06
7.6195e-02 2.8828e-06
7.6434e-02 2.8219e-06
7.6925e-02 2.6956e-06
7.7662e-02 2.5298e-06
7.7729e-02 2.5150e-06
7.8406e-02 2.3565e-06
7.9034e-02 2.2415e-06
7.9157e-02 2.2161e-06
7.9915e-02 2.0722e-06
8.0413e-02 1.9977e-06
8.0681e-02 1.9514e-06
8.1454e-02 1.8307e-06
8.1819e-02 1.7804e-06
8.2234e-02 1.7124e-06
8.3022e-02 1.6191e-06
8.3340e-02 1.5868e-06
8.3817e-02 1.5270e-06
8.4620e-02 1.4479e-06
8.5002e-02 1.4142e-06
8.5430e-02 1.3699e-06
8.6249e-02 1.3043e-06
8.6768e-02 1.2604e-06
8.7075e-02 1.2335e-06
8.7909e-02 1.1749e-06
8.8570e-02 1.1233e-06
8.8751e-02 1.1086e-06
8.9601e-02 1.0462e-06
9.0328e-02 1.0012e-06
9.0460e-02 9.9183e-07
9.1326e-02 9.3270e-07
9.2048e-02 8.9227e-07
9.2201e-02 8.8150e-07
9.3084e-02 8.3288e-07
9.3976e-02 7.9645e-07
9.4004e-02 7.9522e-07
9.4876e-02 7.5306e-07
9.5785e-02 7.1895e-07
9.6042e-02 7.0874e-07
9.6703e-02 6.8047e-07
9.7629e-02 6.4834e-07
9.8069e-02 6.3166e-07
9.8564e-02 6.1119e-07
9.9509e-02 5.7412e-07
9.9822e-02 5.6296e-07
1.0046e-01 5.3736e-07
1.0142e-01 5.0662e-07
1.0157e-01 5.0173e-07
1.0240e-01 4.7093e-07
1.0330e-01 4.4716e-07
1.0338e-01 4.4445e-07
1.0437e-01 4.1273e-07
1.0494e-01 3.9853e-07
1.0537e-01 3.8523e-07
1.0638e-01 3.5998e-07
1.0660e-01 3.5519e-07
1.0740e-01 3.3515e-07
1.0824e-01 3.1656e-07
1.0842e-01 3.1256e-07
1.0946e-01 2.8963e-07
1.0990e-01 2.8213e-07
1.1051e-01 2.7282e-07
1.1157e-01 2.5515e-07
1.1179e-01 2.5144e-07
1.1264e-01 2.3793e-07
1.1352e-01 2.2410e-07
1.1372e-01 2.2124e-07
1.1481e-01 2.0347e-07
1.1506e-01 1.9972e-07
1.1591e-01 1.8681e-07
1.1652e-01 1.7800e-07
1.1702e-01 1.7092e-07
1.1790e-01 1.5864e-07
1.1814e-01 1.5547e-07
1.1922e-01 1.4139e-07
1.1927e-01 1.4075e-07
1.2041e-01 1.2643e-07
1.2044e-01 1.2601e-07
1.2157e-01 1.1280e-07
1.2161e-01 1.1231e-07
1.2270e-01 1.0009e-07
1.2273e-01 9.9837e-08
1.2375e-01 8.9206e-08
1.2391e-01 8.7792e-08
1.2474e-01 7.9504e-08
1.2509e-01 7.6472e-08
1.2561e-01 7.0857e-08
1.2629e-01 6.5571e-08
1.2649e-01 6.3151e-08
1.2738e-01 5.6283e-08
1.2750e-01 5.5424e-08
1.2791e-01 5.0161e-08
1.2872e-01 4.5359e-08
1.2878e-01 4.4706e-08
1.2913e-01 3.9844e-08
1.2996e-01 3.5624e-08
1.2997e-01 3.5510e-08
1.3022e-01 3.1648e-08
1.3064e-01 2.8206e-08
1.3120e-01 2.5987e-08
1.3126e-01 2.5139e-08
1.3142e-01 2.2404e-08
1.3169e-01 1.9968e-08
1.3217e-01 1.7796e-08
1.3246e-01 1.6867e-08
1.3249e-01 1.5861e-08
1.3254e-01 1.4136e-08
1.3263e-01 1.2598e-08
1.3277e-01 1.1228e-08
1.3299e-01 1.0007e-08
1.3334e-01 8.9186e-09
1.3373e-01 8.2074e-09
1.3373e-01 7.9486e-09
1.3373e-01 7.0841e-09
1.3373e-01 6.3136e-09
1.3373e-01 5.6270e-09
1.3373e-01 5.0150e-09
1.3373e-01 4.4696e-09
1.3373e-01 3.9835e-09
1.3373e-01 3.5502e-09
1.3373e-01 3.1641e-09
1.3373e-01 2.8200e-09
1.3373e-01 2.5133e-09
1.3373e-01 2.2399e-09
1.3373e-01 1.9963e-09
1.3373e-01 1.7792e-09
1.3373e-01 1.5857e-09
1.3373e-01 1.4132e-09
1.3373e-01 1.2595e-09
1.3373e-01 1.1225e-09
1.3373e-01 1.0005e-09
1.3373e-01 8.9165e-10
1.3373e-01 7.9468e-10
1.3374e-01 7.0825e-10
1.3374e-01 6.3122e-10
1.3374e-01 5.6257e-10
1.3375e-01 5.0138e-10
1.3376e-01 4.4685e-10
1.3378e-01 3.9825e-10
1.3381e-01 3.5494e-10
1.3385e-01 3.1634e-10
1.3392e-01 2.8193e-10
1.3401e-01 2.5127e-10
1.3416e-01 2.2394e-10
1.3445e-01 1.9959e-10
1.3489e-01 1.7788e-10
1.3501e-01 1.7309e-10
5.5354e-01 2.6079e-09
5.5512e-01 2.8200e-09
5.5643e-01 3.1641e-09
5.5730e-01 3.5502e-09
5.5812e-01 3.9835e-09
5.5863e-01 4.4696e-09
5.5884e-01 4.8673e-09
5.5957e-01 5.0150e-09
5.6093e-01 5.6270e-09
5.6209e-01 6.3136e-09
5.6390e-01 7.0841e-09
5.6420e-01 7.2418e-09
5.6690e-01 7.9486e-09
5.6855e-01 8.9186e-09
5.6960e-01 9.4713e-09
5.7151e-01 1.0007e-08
5.7414e-01 1.1228e-08
5.7506e-01 1.1629e-08
5.7835e-01 1.2598e-08
5.8057e-01 1.3533e-08
5.8258e-01 1.4136e-08
5.8613e-01 1.5526e-08
5.8724e-01 1.5861e-08
5.9174e-01 1.7388e-08
5.9307e-01 1.7796e-08
5.9741e-01 1.9171e-08
6.0059e-01 1.9968e-08
6.0314e-01 2.0710e-08
6.0891e-01 2.2352e-08
6.0908e-01 2.2404e-08
6.1475e-01 2.4569e-08
6.1643e-01 2.5139e-08
6.2064e-01 2.6537e-08
6.2519e-01 2.8206e-08
6.2658e-01 2.9181e-08
6.3258e-01 3.0617e-08
6.3582e-01 3.1648e-08
6.3864e-01 3.4762e-08
6.4120e-01 3.5510e-08
6.4093e-01 3.9844e-08
6.4476e-01 4.2540e-08
6.4954e-01 4.4706e-08
6.5094e-01 4.5167e-08
6.5717e-01 4.7032e-08
6.6347e-01 4.9881e-08
6.6415e-01 5.0161e-08
6.6982e-01 5.2170e-08
6.7624e-01 5.4545e-08
6.8148e-01 5.6283e-08
6.8272e-01 5.6769e-08
6.8926e-01 6.0882e-08
6.9303e-01 6.3151e-08
6.9586e-01 6.4708e-08
7.0253e-01 6.8587e-08
7.0627e-01 7.0857e-08
7.0926e-01 7.1969e-08
7.1605e-01 7.4214e-08
7.2291e-01 7.6500e-08
7.2644e-01 7.9504e-08
7.2984e-01 8.6323e-08
7.3145e-01 8.9206e-08
7.2984e-01 9.3276e-08
7.2831e-01 1.0009e-07
7.2291e-01 1.0892e-07
7.2159e-01 1.1231e-07
7.2103e-01 1.2601e-07
7.2291e-01 1.3751e-07
7.2481e-01 1.4139e-07
7.2291e-01 1.4621e-07
7.1605e-01 1.5580e-07
7.1340e-01 1.5864e-07
7.0926e-01 1.6184e-07
7.0253e-01 1.6723e-07
6.9586e-01 1.7216e-07
6.8926e-01 1.7688e-07
6.8844e-01 1.7800e-07
6.8272e-01 1.8371e-07
6.7624e-01 1.8778e-07
6.6982e-01 1.9001e-07
6.6347e-01 1.9094e-07
6.5717e-01 1.8951e-07
6.5141e-01 1.7800e-07
6.5094e-01 1.7745e-07
6.4476e-01 1.7435e-07
6.3864e-01 1.7158e-07
6.3258e-01 1.6959e-07
6.2761e-01 1.5864e-07
6.2658e-01 1.5763e-07
6.2064e-01 1.5327e-07
6.1475e-01 1.5185e-07
6.0891e-01 1.4365e-07
6.0769e-01 1.4139e-07
6.0314e-01 1.3763e-07
5.9741e-01 1.3273e-07
5.9512e-01 1.2601e-07
5.9174e-01 1.1853e-07
5.8941e-01 1.1231e-07
5.8613e-01 1.0503e-07
5.8414e-01 1.0009e-07
5.8063e-01 8.9206e-08
5.8057e-01 8.9089e-08
5.7506e-01 7.9593e-08
5.7501e-01 7.9504e-08
5.7031e-01 7.0857e-08
5.6960e-01 6.9348e-08
5.6582e-01 6.3151e-08
5.6491e-01 5.6283e-08
5.6420e-01 5.4002e-08
5.6170e-01 5.0161e-08
5.6005e-01 4.4706e-08
5.5954e-01 3.9844e-08
5.5914e-01 3.5510e-08
5.5887e-01 3.1648e-08
5.5884e-01 3.1474e-08
5.5880e-01 3.1648e-08
5.5799e-01 3.5510e-08
5.5715e-01 3.9844e-08
5.5354e-01 4.3310e-08
5.5021e-01 3.9844e-08
5.4942e-01 3.5510e-08
5.4870e-01 3.1648e-08
5.4845e-01 2.8206e-08
5.4837e-01 2.5139e-08
5.4833e-01 2.2404e-08
5.4832e-01 1.9968e-08
5.4832e-01 1.7796e-08
5.4833e-01 1.5861e-08
5.4833e-01 1.4136e-08
5.4832e-01 1.2598e-08
5.4833e-01 1.1228e-08
5.4834e-01 1.0007e-08
5.4835e-01 8.9186e-09
5.4838e-01 7.9486e-09
5.4843e-01 7.0841e-09
5.4852e-01 6.3136e-09
5.4857e-01 5.6270e-09
5.4865e-01 5.0150e-09
5.4887e-01 4.4696e-09
5.4936e-01 3.9835e-09
5.5012e-01 3.5502e-09
5.5090e-01 3.1641e-09
5.5210e-01 2.8200e-09
5.5354e-01 2.6079e-09
3.6919e-02 2.4365e-05
3.6986e-02 2.5156e-05
3.6919e-02 2.5587e-05
3.6684e-02 2.5156e-05
3.6919e-02 2.4365e-05
3.3243e-02 8.2239e-05
3.3474e-02 8.9268e-05
3.3243e-02 9.7153e-05
3.3015e-02 8.9268e-05
3.3243e-02 8.2239e-05
3.5537e-02 1.1231e-04
3.5532e-02 1.1238e-04
3.5211e-02 1.2610e-04
3.5516e-02 1.4149e-04
3.5537e-02 1.4152e-04
3.5878e-02 1.4152e-04
3.6222e-02 1.4151e-04
3.6569e-02 1.4151e-04
3.6919e-02 1.4151e-04
3.7273e-02 1.4151e-04
3.7630e-02 1.4150e-04
3.7990e-02 1.4150e-04
3.8283e-02 1.4149e-04
3.8354e-02 1.3854e-04
3.8721e-02 1.2633e-04
3.9092e-02 1.2612e-04
3.9093e-02 1.2610e-04
3.9093e-02 1.1238e-04
3.9092e-02 1.1232e-04
3.8721e-02 1.1233e-04
3.8354e-02 1.1233e-04
3.7990e-02 1.1234e-04
3.7630e-02 1.1234e-04
3.7273e-02 1.1234e-04
3.6919e-02 1.1234e-04
3.6569e-02 1.1233e-04
3.6222e-02 1.1231e-04
3.5878e-02 1.1229e-04
3.5537e-02 1.1231e-04
3.3562e-02 2.8369e-04
3.3883e-02 2.8233e-04
3.4208e-02 2.8360e-04
3.4524e-02 3.1677e-04
3.4208e-02 3.5403e-04
3.3883e-02 3.5542e-04
3.3562e-02 3.5394e-04
3.3255e-02 3.1677e-04
3.3562e-02 2.8369e-04
3.1395e-02 3.7677e-04
3.1696e-02 3.8228e-04
3.1868e-02 3.9880e-04
3.1696e-02 4.1734e-04
3.1395e-02 4.2309e-04
3.1246e-02 3.9880e-04
3.1395e-02 3.7677e-04
3.3883e-02 8.6093e-04
3.4009e-02 8.9288e-04
3.3883e-02 9.2872e-04
3.3776e-02 8.9288e-04
3.3883e-02 8.6093e-04
3.0220e-02 1.8469e-03
3.0423e-02 1.9991e-03
3.0220e-02 2.1698e-03
3.0007e-02 1.9991e-03
3.0220e-02 1.8469e-03
