1.1691e-01 1.0000e-08
1.1691e-01 1.1220e-08
1.1691e-01 1.2590e-08
1.1691e-01 1.4126e-08
1.1691e-01 1.5850e-08
1.1691e-01 1.7784e-08
1.1691e-01 1.9954e-08
1.1691e-01 2.2389e-08
1.1691e-01 2.5121e-08
1.1691e-01 2.8187e-08
1.1691e-01 3.1626e-08
1.1691e-01 3.5486e-08
1.1691e-01 3.9816e-08
1.1691e-01 4.4675e-08
1.1691e-01 5.0127e-08
1.1691e-01 5.6244e-08
1.1691e-01 6.3107e-08
1.1691e-01 7.0808e-08
1.1691e-01 7.9449e-08
1.1691e-01 8.9145e-08
1.1691e-01 1.0002e-07
1.1691e-01 1.1223e-07
1.1691e-01 1.2592e-07
1.1691e-01 1.4129e-07
1.1691e-01 1.5853e-07
1.1691e-01 1.7788e-07
1.1691e-01 1.9959e-07
1.1691e-01 2.2394e-07
1.1691e-01 2.5127e-07
1.1691e-01 2.8193e-07
1.1691e-01 3.1634e-07
1.1691e-01 3.5494e-07
1.1691e-01 3.9825e-07
1.1691e-01 4.4685e-07
1.1691e-01 5.0138e-07
1.1691e-01 5.6257e-07
1.1691e-01 6.3122e-07
1.1691e-01 7.0825e-07
1.1691e-01 7.9468e-07
1.1691e-01 8.9165e-07
1.1691e-01 1.0005e-06
1.1691e-01 1.1225e-06
1.1691e-01 1.2595e-06
1.1691e-01 1.4132e-06
1.1691e-01 1.5857e-06
1.1691e-01 1.7792e-06
1.1691e-01 1.9963e-06
1.1691e-01 2.2399e-06
1.1691e-01 2.5133e-06
1.1692e-01 2.8200e-06
1.1692e-01 3.1641e-06
1.1692e-01 3.5502e-06
1.1692e-01 3.9835e-06
1.1692e-01 4.4696e-06
1.1692e-01 5.0150e-06
1.1692e-01 5.6270e-06
1.1692e-01 6.3136e-06
1.1692e-01 7.0841e-06
1.1692e-01 7.9486e-06
1.1692e-01 8.9186e-06
1.1692e-01 1.0007e-05
1.1692e-01 1.1228e-05
1.1693e-01 1.2598e-05
1.1693e-01 1.4136e-05
1.1693e-01 1.5861e-05
1.1693e-01 1.7796e-05
1.1693e-01 1.9968e-05
1.1694e-01 2.2404e-05
1.1694e-01 2.5139e-05
1.1694e-01 2.8206e-05
1.1695e-01 3.1648e-05
1.1695e-01 3.5510e-05
1.1695e-01 3.9844e-05
1.1696e-01 4.4706e-05
1.1696e-01 5.0161e-05
1.1697e-01 5.6283e-05
1.1698e-01 6.3151e-05
1.1699e-01 7.0857e-05
1.1699e-01 7.9504e-05
1.1700e-01 8.9206e-05
1.1702e-01 1.0009e-04
1.1703e-01 1.1231e-04
1.1704e-01 1.2601e-04
1.1706e-01 1.4139e-04
1.1708e-01 1.5864e-04
1.1710e-01 1.7800e-04
1.1712e-01 1.9972e-04
1.1714e-01 2.2410e-04
1.1717e-01 2.5144e-04
1.1720e-01 2.8213e-04
1.1724e-01 3.1656e-04
1.1728e-01 3.5519e-04
1.1732e-01 3.9853e-04
1.1737e-01 4.4716e-04
1.1742e-01 5.0173e-04
1.1748e-01 5.6296e-04
1.1755e-01 6.3166e-04
1.1763e-01 7.0874e-04
1.1771e-01 7.9522e-04
1.1780e-01 8.9227e-04
1.1791e-01 1.0012e-03
1.1802e-01 1.1233e-03
1.1815e-01 1.2604e-03
1.1829e-01 1.4142e-03
1.1845e-01 1.5868e-03
1.1862e-01 1.7804e-03
1.1881e-01 1.9977e-03
1.1902e-01 2.2415e-03
1.1925e-01 2.5150e-03
1.1949e-01 2.8219e-03
1.1977e-01 3.1663e-03
1.2006e-01 3.5527e-03
1.2038e-01 3.9862e-03
1.2072e-01 4.4727e-03
1.2108e-01 5.0185e-03
1.2147e-01 5.6309e-03
1.2188e-01 6.3180e-03
1.2231e-01 7.0890e-03
1.2276e-01 7.9541e-03
1.2322e-01 8.9247e-03
1.2370e-01 1.0014e-02
1.2418e-01 1.1236e-02
1.2466e-01 1.2607e-02
1.2507e-01 1.4145e-02
1.2544e-01 1.5872e-02
1.2577e-01 1.7808e-02
1.2606e-01 1.9982e-02
1.2610e-01 2.0318e-02
1.2910e-01 2.2420e-02
1.3227e-01 2.5156e-02
1.3497e-01 2.8226e-02
1.3718e-01 3.1670e-02
1.3894e-01 3.5535e-02
1.4029e-01 3.9871e-02
1.4120e-01 4.4737e-02
1.4149e-01 4.7148e-02
1.4562e-01 5.0196e-02
1.5194e-01 5.6322e-02
1.5572e-01 6.3195e-02
1.5783e-01 7.0906e-02
1.5875e-01 7.7992e-02
1.6108e-01 7.9559e-02
1.7195e-01 8.9268e-02
1.7645e-01 1.0016e-01
1.7810e-01 1.1238e-01
1.7813e-01 1.1269e-01
1.9417e-01 1.2610e-01
1.9897e-01 1.4149e-01
1.9986e-01 1.4970e-01
2.1138e-01 1.5875e-01
2.2265e-01 1.7813e-01
2.2425e-01 1.9443e-01
2.3078e-01 1.9986e-01
2.5006e-01 2.2425e-01
2.5162e-01 2.4223e-01
2.6192e-01 2.5162e-01
2.8159e-01 2.8232e-01
2.8232e-01 2.9105e-01
3.0779e-01 3.1677e-01
3.1655e-01 3.5543e-01
3.1677e-01 3.5692e-01
3.5393e-01 3.9880e-01
3.5543e-01 4.2354e-01
3.7673e-01 4.4747e-01
3.9864e-01 5.0208e-01
3.9880e-01 5.0271e-01
4.4695e-01 5.6335e-01
4.4747e-01 5.7109e-01
4.9593e-01 6.3209e-01
5.0207e-01 7.0923e-01
5.0208e-01 7.0931e-01
5.6327e-01 7.9577e-01
5.6335e-01 7.9595e-01
6.3196e-01 8.9288e-01
6.3209e-01 8.9401e-01
7.0843e-01 1.0018e+00
7.0923e-01 1.0189e+00
7.8365e-01 1.1241e+00
7.9577e-01 1.2613e+00
7.9577e-01 1.2613e+00
8.9288e-01 1.4152e+00
8.9288e-01 1.4152e+00
1.0018e+00 1.5879e+00
1.0018e+00 1.5879e+00
1.1241e+00 1.7817e+00
1.1241e+00 1.7817e+00
1.2613e+00 1.9991e+00
1.2613e+00 1.9992e+00
1.4152e+00 2.2430e+00
1.4152e+00 2.2431e+00
1.5878e+00 2.5167e+00
1.5879e+00 2.5178e+00
1.7810e+00 2.8239e+00
1.7817e+00 2.8500e+00
1.9826e+00 3.1685e+00
1.9991e+00 3.5551e+00
1.9991e+00 3.5551e+00
2.2430e+00 3.9890e+00
2.2430e+00 3.9891e+00
2.5167e+00 4.4757e+00
2.5167e+00 4.4759e+00
2.8238e+00 5.0219e+00
2.8239e+00 5.0248e+00
3.1669e+00 5.6348e+00
3.1685e+00 5.7657e+00
3.4815e+00 6.3224e+00
3.1685e+00 6.9470e+00
2.8895e+00 6.3224e+00
2.8239e+00 6.3191e+00
2.5182e+00 5.6348e+00
2.5167e+00 5.6345e+00
2.2431e+00 5.0219e+00
2.2430e+00 5.0218e+00
1.9991e+00 4.4757e+00
1.9991e+00 4.4757e+00
1.7817e+00 3.9890e+00
1.7817e+00 3.9890e+00
1.5879e+00 3.5551e+00
1.5879e+00 3.5551e+00
1.4152e+00 3.1685e+00
1.4152e+00 3.1685e+00
1.2613e+00 2.8239e+00
1.2613e+00 2.8239e+00
1.1241e+00 2.5167e+00
1.1241e+00 2.5167e+00
1.0018e+00 2.2430e+00
1.0018e+00 2.2430e+00
8.9288e-01 1.9991e+00
8.9288e-01 1.9991e+00
7.9577e-01 1.7817e+00
7.9577e-01 1.7817e+00
7.0923e-01 1.7649e+00
6.3877e-01 1.5879e+00
6.3209e-01 1.5866e+00
5.6387e-01 1.4152e+00
5.6335e-01 1.4149e+00
5.0219e-01 1.2613e+00
5.0208e-01 1.2611e+00
4.4753e-01 1.1241e+00
4.4747e-01 1.1241e+00
3.9880e-01 1.0140e+00
3.9449e-01 1.0018e+00
3.5543e-01 9.9611e-01
3.1879e-01 8.9288e-01
3.1677e-01 8.9225e-01
2.8253e-01 7.9577e-01
2.8232e-01 7.9540e-01
2.5162e-01 7.5386e-01
2.3750e-01 7.0923e-01
2.2425e-01 7.0567e-01
2.0092e-01 6.3209e-01
1.9986e-01 6.3126e-01
1.7813e-01 5.9256e-01
1.6985e-01 5.6335e-01
1.5875e-01 5.6003e-01
1.4207e-01 5.0208e-01
1.4149e-01 5.0133e-01
1.2610e-01 4.9075e-01
1.1473e-01 4.4747e-01
1.1238e-01 4.4578e-01
1.0016e-01 4.2969e-01
9.2561e-02 3.9880e-01
8.9268e-02 3.9645e-01
7.9559e-02 3.8258e-01
7.3313e-02 3.5543e-01
7.0906e-02 3.5284e-01
6.3195e-02 3.4570e-01
5.6964e-02 3.1677e-01
5.6322e-02 3.1532e-01
5.0196e-02 3.0982e-01
4.4737e-02 2.9744e-01
4.1828e-02 2.8232e-01
3.9871e-02 2.7764e-01
3.5535e-02 2.7068e-01
3.1670e-02 2.6273e-01
2.9599e-02 2.5162e-01
2.8226e-02 2.4599e-01
2.5156e-02 2.3627e-01
2.2420e-02 2.2640e-01
2.1853e-02 2.2425e-01
1.9982e-02 2.1886e-01
1.7808e-02 2.0956e-01
1.6187e-02 1.9986e-01
1.5872e-02 1.9948e-01
1.4145e-02 1.9662e-01
1.2607e-02 1.9203e-01
1.1236e-02 1.8562e-01
1.0070e-02 1.7813e-01
1.0014e-02 1.7805e-01
8.9247e-03 1.7647e-01
7.9541e-03 1.7452e-01
7.0890e-03 1.7218e-01
6.3180e-03 1.6954e-01
5.6309e-03 1.6674e-01
5.0185e-03 1.6391e-01
4.4727e-03 1.6116e-01
4.0190e-03 1.5875e-01
3.9862e-03 1.5869e-01
3.5527e-03 1.5797e-01
3.1663e-03 1.5732e-01
2.8219e-03 1.5674e-01
2.5150e-03 1.5615e-01
2.2415e-03 1.5559e-01
1.9977e-03 1.5508e-01
1.7804e-03 1.5461e-01
1.5868e-03 1.5419e-01
1.4142e-03 1.5381e-01
1.2604e-03 1.5347e-01
1.1233e-03 1.5317e-01
1.0012e-03 1.5290e-01
8.9227e-04 1.5266e-01
7.9522e-04 1.5244e-01
7.0874e-04 1.5226e-01
6.3166e-04 1.5209e-01
5.6296e-04 1.5194e-01
5.0173e-04 1.5181e-01
4.4716e-04 1.5169e-01
3.9853e-04 1.5158e-01
3.5519e-04 1.5149e-01
3.1656e-04 1.5141e-01
2.8213e-04 1.5134e-01
2.5144e-04 1.5127e-01
2.2410e-04 1.5121e-01
1.9972e-04 1.5116e-01
1.7800e-04 1.5112e-01
1.5864e-04 1.5108e-01
1.4139e-04 1.5104e-01
1.2601e-04 1.5101e-01
1.1231e-04 1.5098e-01
1.0009e-04 1.5095e-01
8.9206e-05 1.5093e-01
7.9504e-05 1.5091e-01
7.0857e-05 1.5089e-01
6.3151e-05 1.5088e-01
5.6283e-05 1.5086e-01
5.0161e-05 1.5085e-01
4.4706e-05 1.5084e-01
3.9844e-05 1.5083e-01
3.5510e-05 1.5082e-01
3.1648e-05 1.5081e-01
2.8206e-05 1.5080e-01
2.5139e-05 1.5080e-01
2.2404e-05 1.5079e-01
1.9968e-05 1.5079e-01
1.7796e-05 1.5078e-01
1.5861e-05 1.5078e-01
1.4136e-05 1.5077e-01
1.2598e-05 1.5077e-01
1.1228e-05 1.5077e-01
1.0007e-05 1.5077e-01
8.9186e-06 1.5076e-01
7.9486e-06 1.5076e-01
7.0841e-06 1.5076e-01
6.3136e-06 1.5076e-01
5.6270e-06 1.5076e-01
5.0150e-06 1.5075e-01
4.4696e-06 1.5075e-01
3.9835e-06 1.5075e-01
3.5502e-06 1.5075e-01
3.1641e-06 1.5075e-01
2.8200e-06 1.5075e-01
2.5133e-06 1.5075e-01
2.2399e-06 1.5075e-01
1.9963e-06 1.5075e-01
1.7792e-06 1.5075e-01
1.5857e-06 1.5075e-01
1.4132e-06 1.5075e-01
1.2595e-06 1.5075e-01
1.1225e-06 1.5075e-01
1.0005e-06 1.5075e-01
8.9165e-07 1.5075e-01
7.9468e-07 1.5075e-01
7.0825e-07 1.5075e-01
6.3122e-07 1.5075e-01
5.6257e-07 1.5075e-01
5.0138e-07 1.5075e-01
4.4685e-07 1.5075e-01
3.9825e-07 1.5075e-01
3.5494e-07 1.5075e-01
3.1634e-07 1.5075e-01
2.8193e-07 1.5075e-01
2.5127e-07 1.5075e-01
2.2394e-07 1.5075e-01
1.9959e-07 1.5075e-01
1.7788e-07 1.5075e-01
1.5853e-07 1.5074e-01
1.4129e-07 1.5074e-01
1.2592e-07 1.5074e-01
1.1223e-07 1.5074e-01
1.0002e-07 1.5074e-01
8.9145e-08 1.5074e-01
7.9449e-08 1.5074e-01
7.0808e-08 1.5074e-01
6.3107e-08 1.5074e-01
5.6244e-08 1.5074e-01
5.0127e-08 1.5074e-01
4.4675e-08 1.5074e-01
3.9816e-08 1.5074e-01
3.5486e-08 1.5074e-01
3.1626e-08 1.5074e-01
2.8187e-08 1.5074e-01
2.5121e-08 1.5074e-01
2.2389e-08 1.5074e-01
1.9954e-08 1.5074e-01
1.7784e-08 1.5074e-01
1.5850e-08 1.5074e-01
1.4126e-08 1.5074e-01
1.2590e-08 1.5074e-01
1.1220e-08 1.5074e-01
1.0000e-08 1.5074e-01
1.0000e-08 3.4019e-02
1.1220e-08 3.4019e-02
1.2590e-08 3.4019e-02
1.4126e-08 3.4019e-02
1.5850e-08 3.4019e-02
1.7784e-08 3.4019e-02
1.9954e-08 3.4019e-02
2.2389e-08 3.4019e-02
2.5121e-08 3.4019e-02
2.8187e-08 3.4019e-02
3.1626e-08 3.4019e-02
3.5486e-08 3.4019e-02
3.9816e-08 3.4019e-02
4.4675e-08 3.4019e-02
5.0127e-08 3.4019e-02
5.6244e-08 3.4019e-02
6.3107e-08 3.4019e-02
7.0808e-08 3.4019e-02
7.9449e-08 3.4019e-02
8.9145e-08 3.4019e-02
1.0002e-07 3.4019e-02
1.1223e-07 3.4019e-02
1.2592e-07 3.4019e-02
1.4129e-07 3.4019e-02
1.5853e-07 3.4019e-02
1.7788e-07 3.4019e-02
1.9959e-07 3.4019e-02
2.2394e-07 3.4019e-02
2.5127e-07 3.4019e-02
2.8193e-07 3.4019e-02
3.1634e-07 3.4019e-02
3.5494e-07 3.4019e-02
3.9825e-07 3.4019e-02
4.4685e-07 3.4019e-02
5.0138e-07 3.4019e-02
5.6257e-07 3.4019e-02
6.3122e-07 3.4019e-02
7.0825e-07 3.4019e-02
7.9468e-07 3.4019e-02
8.9165e-07 3.4019e-02
1.0005e-06 3.4019e-02
1.1225e-06 3.4019e-02
1.2595e-06 3.4019e-02
1.4132e-06 3.4019e-02
1.5857e-06 3.4019e-02
1.7792e-06 3.4019e-02
1.9963e-06 3.4019e-02
2.2399e-06 3.4019e-02
2.5133e-06 3.4019e-02
2.8200e-06 3.4019e-02
3.1641e-06 3.4019e-02
3.5502e-06 3.4019e-02
3.9835e-06 3.4019e-02
4.4696e-06 3.4019e-02
5.0150e-06 3.4019e-02
5.6270e-06 3.4018e-02
6.3136e-06 3.4019e-02
7.0841e-06 3.4018e-02
7.9486e-06 3.4018e-02
8.9186e-06 3.4018e-02
1.0007e-05 3.4018e-02
1.1228e-05 3.4018e-02
1.2598e-05 3.4018e-02
1.4136e-05 3.4018e-02
1.5861e-05 3.4017e-02
1.7796e-05 3.4017e-02
1.9968e-05 3.4016e-02
2.2404e-05 3.4016e-02
2.5139e-05 3.4015e-02
2.8206e-05 3.4014e-02
3.1648e-05 3.4013e-02
3.5510e-05 3.4011e-02
3.9844e-05 3.4009e-02
4.4706e-05 3.4007e-02
5.0161e-05 3.4004e-02
5.6283e-05 3.4001e-02
6.3151e-05 3.3997e-02
7.0857e-05 3.3991e-02
7.9504e-05 3.3984e-02
8.9206e-05 3.3976e-02
1.0009e-04 3.3966e-02
1.1231e-04 3.3954e-02
1.2601e-04 3.3939e-02
1.4139e-04 3.3920e-02
1.5864e-04 3.3898e-02
1.7800e-04 3.3871e-02
1.9972e-04 3.3838e-02
2.2410e-04 3.3799e-02
2.5144e-04 3.3752e-02
2.8213e-04 3.3696e-02
3.1656e-04 3.3629e-02
3.5519e-04 3.3551e-02
3.9853e-04 3.3458e-02
4.4716e-04 3.3349e-02
5.0173e-04 3.3222e-02
5.6296e-04 3.3073e-02
6.3166e-04 3.2900e-02
7.0874e-04 3.2710e-02
7.9522e-04 3.2539e-02
8.9227e-04 3.2287e-02
1.0012e-03 3.1921e-02
1.0604e-03 3.1670e-02
1.1233e-03 3.0776e-02
1.2050e-03 2.8226e-02
1.2604e-03 2.6942e-02
1.3540e-03 2.5156e-02
1.4142e-03 2.4764e-02
1.5868e-03 2.3811e-02
1.7804e-03 2.3016e-02
1.9816e-03 2.2420e-02
1.9977e-03 2.2266e-02
2.1126e-03 1.9982e-02
1.9977e-03 1.8309e-02
1.9295e-03 1.7808e-02
1.9977e-03 1.7613e-02
2.2415e-03 1.7282e-02
2.5150e-03 1.7145e-02
2.8219e-03 1.7082e-02
3.1663e-03 1.7392e-02
3.3464e-03 1.7808e-02
3.5527e-03 1.8063e-02
3.9862e-03 1.8320e-02
4.4727e-03 1.8646e-02
4.9233e-03 1.9982e-02
5.0185e-03 2.0080e-02
5.6309e-03 2.0162e-02
5.9505e-03 1.9982e-02
6.3180e-03 1.9150e-02
6.8136e-03 1.9982e-02
7.0890e-03 2.0839e-02
7.9541e-03 2.0103e-02
8.9247e-03 2.0926e-02
9.3924e-03 2.2420e-02
1.0014e-02 2.4512e-02
1.0303e-02 2.5156e-02
1.1236e-02 2.6165e-02
1.2157e-02 2.8226e-02
1.2607e-02 2.8840e-02
1.4145e-02 2.9584e-02
1.5331e-02 3.1670e-02
1.5872e-02 3.2020e-02
1.6652e-02 3.1670e-02
1.6110e-02 2.8226e-02
1.5872e-02 2.7952e-02
1.4429e-02 2.5156e-02
1.4145e-02 2.4047e-02
1.3230e-02 2.2420e-02
1.2825e-02 1.9982e-02
1.2607e-02 1.9125e-02
1.1778e-02 1.7808e-02
1.1236e-02 1.6916e-02
1.0578e-02 1.5872e-02
1.0014e-02 1.5120e-02
9.2232e-03 1.4145e-02
9.1597e-03 1.2607e-02
8.9247e-03 1.1716e-02
8.7936e-03 1.1236e-02
7.9541e-03 1.0448e-02
7.6476e-03 1.0014e-02
7.9541e-03 8.9625e-03
7.9698e-03 8.9247e-03
7.9541e-03 8.9119e-03
7.1556e-03 7.9541e-03
7.1479e-03 7.0890e-03
7.0890e-03 7.0478e-03
6.5355e-03 6.3180e-03
6.5819e-03 5.6309e-03
6.3180e-03 5.3761e-03
6.0281e-03 5.0185e-03
6.0347e-03 4.4727e-03
6.0359e-03 3.9862e-03
5.6309e-03 3.8112e-03
5.4618e-03 3.5527e-03
5.5524e-03 3.1663e-03
5.6309e-03 2.9619e-03
6.1118e-03 2.8219e-03
6.1298e-03 2.5150e-03
6.1261e-03 2.2415e-03
6.0842e-03 1.9977e-03
5.9504e-03 1.7804e-03
5.8216e-03 1.5868e-03
5.7588e-03 1.4142e-03
5.7229e-03 1.2604e-03
5.7004e-03 1.1233e-03
5.6853e-03 1.0012e-03
5.6748e-03 8.9227e-04
5.6671e-03 7.9522e-04
5.6613e-03 7.0874e-04
5.6570e-03 6.3166e-04
5.6530e-03 5.6296e-04
5.6410e-03 5.0173e-04
5.6309e-03 4.5387e-04
5.6201e-03 4.4716e-04
5.5479e-03 3.9853e-04
5.4940e-03 3.5519e-04
5.4524e-03 3.1656e-04
5.4197e-03 2.8213e-04
5.3934e-03 2.5144e-04
5.3720e-03 2.2410e-04
5.3543e-03 1.9972e-04
5.3396e-03 1.7800e-04
5.3272e-03 1.5864e-04
5.3167e-03 1.4139e-04
5.3078e-03 1.2601e-04
5.3002e-03 1.1231e-04
5.2936e-03 1.0009e-04
5.2878e-03 8.9206e-05
5.2829e-03 7.9504e-05
5.2786e-03 7.0857e-05
5.2748e-03 6.3151e-05
5.2715e-03 5.6283e-05
5.2686e-03 5.0161e-05
5.2661e-03 4.4706e-05
5.2639e-03 3.9844e-05
5.2619e-03 3.5510e-05
5.2602e-03 3.1648e-05
5.2586e-03 2.8206e-05
5.2573e-03 2.5139e-05
5.2561e-03 2.2404e-05
5.2550e-03 1.9968e-05
5.2541e-03 1.7796e-05
5.2533e-03 1.5861e-05
5.2525e-03 1.4136e-05
5.2519e-03 1.2598e-05
5.2513e-03 1.1228e-05
5.2508e-03 1.0007e-05
5.2503e-03 8.9186e-06
5.2499e-03 7.9486e-06
5.2495e-03 7.0841e-06
5.2492e-03 6.3136e-06
5.2489e-03 5.6270e-06
5.2486e-03 5.0150e-06
5.2484e-03 4.4696e-06
5.2482e-03 3.9835e-06
5.2480e-03 3.5502e-06
5.2479e-03 3.1641e-06
5.2477e-03 2.8200e-06
5.2476e-03 2.5133e-06
5.2475e-03 2.2399e-06
5.2474e-03 1.9963e-06
5.2473e-03 1.7792e-06
5.2472e-03 1.5857e-06
5.2471e-03 1.4132e-06
5.2471e-03 1.2595e-06
5.2470e-03 1.1225e-06
5.2470e-03 1.0005e-06
5.2469e-03 8.9165e-07
5.2469e-03 7.9468e-07
5.2469e-03 7.0825e-07
5.2468e-03 6.3122e-07
5.2468e-03 5.6257e-07
5.2468e-03 5.0138e-07
5.2467e-03 4.4685e-07
5.2467e-03 3.9825e-07
5.2467e-03 3.5494e-07
5.2467e-03 3.1634e-07
5.2467e-03 2.8193e-07
5.2467e-03 2.5127e-07
5.2466e-03 2.2394e-07
5.2466e-03 1.9959e-07
5.2466e-03 1.7788e-07
5.2466e-03 1.5853e-07
5.2466e-03 1.4129e-07
5.2466e-03 1.2592e-07
5.2466e-03 1.1223e-07
5.2466e-03 1.0002e-07
5.2466e-03 8.9145e-08
5.2466e-03 7.9449e-08
5.2466e-03 7.0808e-08
5.2466e-03 6.3107e-08
5.2466e-03 5.6244e-08
5.2466e-03 5.0127e-08
5.2466e-03 4.4675e-08
5.2466e-03 3.9816e-08
5.2466e-03 3.5486e-08
5.2466e-03 3.1626e-08
5.2466e-03 2.8187e-08
5.2466e-03 2.5121e-08
5.2466e-03 2.2389e-08
5.2466e-03 1.9954e-08
5.2466e-03 1.7784e-08
5.2466e-03 1.5850e-08
5.2466e-03 1.4126e-08
5.2466e-03 1.2590e-08
5.2466e-03 1.1220e-08
5.2466e-03 1.0000e-08
1.0000e-08 4.0559e-02
1.1220e-08 4.0559e-02
1.2590e-08 4.0559e-02
1.4126e-08 4.0559e-02
1.5850e-08 4.0559e-02
1.7784e-08 4.0559e-02
1.9954e-08 4.0559e-02
2.2389e-08 4.0559e-02
2.5121e-08 4.0559e-02
2.8187e-08 4.0559e-02
3.1626e-08 4.0559e-02
3.5486e-08 4.0559e-02
3.9816e-08 4.0559e-02
4.4675e-08 4.0559e-02
5.0127e-08 4.0559e-02
5.6244e-08 4.0559e-02
6.3107e-08 4.0559e-02
7.0808e-08 4.0559e-02
7.9449e-08 4.0559e-02
8.9145e-08 4.0559e-02
1.0002e-07 4.0559e-02
1.1223e-07 4.0559e-02
1.2592e-07 4.0559e-02
1.4129e-07 4.0559e-02
1.5853e-07 4.0559e-02
1.7788e-07 4.0559e-02
1.9959e-07 4.0559e-02
2.2394e-07 4.0559e-02
2.5127e-07 4.0559e-02
2.8193e-07 4.0559e-02
3.1634e-07 4.0559e-02
3.5494e-07 4.0559e-02
3.9825e-07 4.0559e-02
4.4685e-07 4.0559e-02
5.0138e-07 4.0559e-02
5.6257e-07 4.0559e-02
6.3122e-07 4.0559e-02
7.0825e-07 4.0559e-02
7.9468e-07 4.0559e-02
8.9165e-07 4.0559e-02
1.0005e-06 4.0559e-02
1.1225e-06 4.0559e-02
1.2595e-06 4.0559e-02
1.4132e-06 4.0559e-02
1.5857e-06 4.0559e-02
1.7792e-06 4.0559e-02
1.9963e-06 4.0559e-02
2.2399e-06 4.0559e-02
2.5133e-06 4.0559e-02
2.8200e-06 4.0559e-02
3.1641e-06 4.0560e-02
3.5502e-06 4.0560e-02
3.9835e-06 4.0560e-02
4.4696e-06 4.0560e-02
5.0150e-06 4.0560e-02
5.6270e-06 4.0560e-02
6.3136e-06 4.0561e-02
7.0841e-06 4.0561e-02
7.9486e-06 4.0561e-02
8.9186e-06 4.0561e-02
1.0007e-05 4.0562e-02
1.1228e-05 4.0562e-02
1.2598e-05 4.0562e-02
1.4136e-05 4.0563e-02
1.5861e-05 4.0563e-02
1.7796e-05 4.0563e-02
1.9968e-05 4.0564e-02
2.2404e-05 4.0564e-02
2.5139e-05 4.0564e-02
2.8206e-05 4.0564e-02
3.1648e-05 4.0565e-02
3.5510e-05 4.0565e-02
3.9844e-05 4.0564e-02
4.4706e-05 4.0564e-02
5.0161e-05 4.0563e-02
5.6283e-05 4.0562e-02
6.3151e-05 4.0560e-02
7.0857e-05 4.0557e-02
7.9504e-05 4.0552e-02
8.9206e-05 4.0547e-02
1.0009e-04 4.0539e-02
1.1231e-04 4.0528e-02
1.2601e-04 4.0514e-02
1.4139e-04 4.0496e-02
1.5864e-04 4.0472e-02
1.7800e-04 4.0441e-02
1.9972e-04 4.0400e-02
2.2410e-04 4.0347e-02
2.5144e-04 4.0278e-02
2.8213e-04 4.0190e-02
3.1656e-04 4.0077e-02
3.5519e-04 3.9934e-02
3.7035e-04 3.9871e-02
3.5519e-04 3.9732e-02
3.1656e-04 3.9412e-02
2.8213e-04 3.9151e-02
2.5144e-04 3.8936e-02
2.2410e-04 3.8760e-02
1.9972e-04 3.8614e-02
1.7800e-04 3.8493e-02
1.5864e-04 3.8393e-02
1.4139e-04 3.8309e-02
1.2601e-04 3.8239e-02
1.1231e-04 3.8180e-02
1.0009e-04 3.8130e-02
8.9206e-05 3.8088e-02
7.9504e-05 3.8053e-02
7.0857e-05 3.8023e-02
6.3151e-05 3.7997e-02
5.6283e-05 3.7976e-02
5.0161e-05 3.7957e-02
4.4706e-05 3.7941e-02
3.9844e-05 3.7927e-02
3.5510e-05 3.7915e-02
3.1648e-05 3.7905e-02
2.8206e-05 3.7896e-02
2.5139e-05 3.7888e-02
2.2404e-05 3.7882e-02
1.9968e-05 3.7876e-02
1.7796e-05 3.7871e-02
1.5861e-05 3.7866e-02
1.4136e-05 3.7863e-02
1.2598e-05 3.7859e-02
1.1228e-05 3.7856e-02
1.0007e-05 3.7853e-02
8.9186e-06 3.7851e-02
7.9486e-06 3.7849e-02
7.0841e-06 3.7847e-02
6.3136e-06 3.7845e-02
5.6270e-06 3.7844e-02
5.0150e-06 3.7843e-02
4.4696e-06 3.7842e-02
3.9835e-06 3.7841e-02
3.5502e-06 3.7840e-02
3.1641e-06 3.7839e-02
2.8200e-06 3.7838e-02
2.5133e-06 3.7838e-02
2.2399e-06 3.7837e-02
1.9963e-06 3.7837e-02
1.7792e-06 3.7836e-02
1.5857e-06 3.7836e-02
1.4132e-06 3.7836e-02
1.2595e-06 3.7835e-02
1.1225e-06 3.7835e-02
1.0005e-06 3.7835e-02
8.9165e-07 3.7834e-02
7.9468e-07 3.7834e-02
7.0825e-07 3.7834e-02
6.3122e-07 3.7834e-02
5.6257e-07 3.7834e-02
5.0138e-07 3.7834e-02
4.4685e-07 3.7834e-02
3.9825e-07 3.7834e-02
3.5494e-07 3.7833e-02
3.1634e-07 3.7833e-02
2.8193e-07 3.7833e-02
2.5127e-07 3.7833e-02
2.2394e-07 3.7833e-02
1.9959e-07 3.7833e-02
1.7788e-07 3.7833e-02
1.5853e-07 3.7833e-02
1.4129e-07 3.7833e-02
1.2592e-07 3.7833e-02
1.1223e-07 3.7833e-02
1.0002e-07 3.7833e-02
8.9145e-08 3.7833e-02
7.9449e-08 3.7833e-02
7.0808e-08 3.7833e-02
6.3107e-08 3.7833e-02
5.6244e-08 3.7833e-02
5.0127e-08 3.7833e-02
4.4675e-08 3.7833e-02
3.9816e-08 3.7833e-02
3.5486e-08 3.7833e-02
3.1626e-08 3.7833e-02
2.8187e-08 3.7833e-02
2.5121e-08 3.7833e-02
2.2389e-08 3.7833e-02
1.9954e-08 3.7833e-02
1.7784e-08 3.7833e-02
1.5850e-08 3.7833e-02
1.4126e-08 3.7833e-02
1.2590e-08 3.7833e-02
1.1220e-08 3.7833e-02
1.0000e-08 3.7833e-02
6.3180e-03 3.0280e-03
6.2048e-03 3.1663e-03
6.2313e-03 3.5527e-03
6.3180e-03 3.6543e-03
6.3854e-03 3.5527e-03
6.3349e-03 3.1663e-03
6.3180e-03 3.0280e-03
5.6309e-03 1.7462e-02
5.7012e-03 1.7808e-02
5.6309e-03 1.8187e-02
5.5608e-03 1.7808e-02
5.6309e-03 1.7462e-02
1.7808e-02 3.4295e-02
1.7682e-02 3.5535e-02
1.7808e-02 3.5928e-02
1.8157e-02 3.5535e-02
1.7808e-02 3.4295e-02
1.9982e-02 3.8425e-02
1.9533e-02 3.9871e-02
1.9982e-02 4.0516e-02
2.0796e-02 3.9871e-02
1.9982e-02 3.8425e-02
2.2420e-02 4.3113e-02
2.2097e-02 4.4737e-02
2.2420e-02 4.5015e-02
2.5017e-02 5.0196e-02
2.5156e-02 5.0548e-02
2.8226e-02 5.2089e-02
2.8322e-02 5.0196e-02
2.8226e-02 4.9936e-02
2.5307e-02 4.4737e-02
2.5156e-02 4.4445e-02
2.2420e-02 4.3113e-02
3.9871e-02 7.9294e-02
3.9836e-02 7.9559e-02
3.9871e-02 7.9589e-02
4.0071e-02 7.9559e-02
3.9871e-02 7.9294e-02
4.4737e-02 8.8895e-02
4.4723e-02 8.9268e-02
4.4737e-02 8.9286e-02
4.4813e-02 8.9268e-02
4.4737e-02 8.8895e-02
5.0196e-02 1.0002e-01
5.0187e-02 1.0016e-01
5.0196e-02 1.0018e-01
5.0247e-02 1.0016e-01
5.0196e-02 1.0002e-01
