1.0000e-02 2.6939e-04
1.0096e-02 2.6663e-04
1.0193e-02 2.6328e-04
1.0290e-02 2.5988e-04
1.0389e-02 2.5706e-04
1.0488e-02 2.5519e-04
1.0589e-02 2.5419e-04
1.0635e-02 2.5162e-04
1.0690e-02 2.4404e-04
1.0793e-02 2.3271e-04
1.0896e-02 2.2523e-04
1.0910e-02 2.2425e-04
1.1000e-02 2.1760e-04
1.1106e-02 2.1056e-04
1.1212e-02 2.0523e-04
1.1319e-02 2.0491e-04
1.1428e-02 2.0464e-04
1.1537e-02 2.0442e-04
1.1648e-02 2.0477e-04
1.1759e-02 2.0532e-04
1.1872e-02 2.0560e-04
1.1937e-02 1.9986e-04
1.1986e-02 1.9617e-04
1.2101e-02 1.8788e-04
1.2217e-02 1.8039e-04
1.2252e-02 1.7813e-04
1.2334e-02 1.7242e-04
1.2452e-02 1.6560e-04
1.2571e-02 1.5991e-04
1.2607e-02 1.5875e-04
1.2691e-02 1.5569e-04
1.2813e-02 1.5167e-04
1.2936e-02 1.4804e-04
1.3060e-02 1.4479e-04
1.3185e-02 1.4165e-04
1.3191e-02 1.4149e-04
1.3311e-02 1.3770e-04
1.3439e-02 1.3584e-04
1.3567e-02 1.3402e-04
1.3697e-02 1.3243e-04
1.3829e-02 1.3093e-04
1.3961e-02 1.2950e-04
1.4095e-02 1.2800e-04
1.4180e-02 1.2610e-04
1.4230e-02 1.2472e-04
1.4366e-02 1.2116e-04
1.4504e-02 1.1788e-04
1.4643e-02 1.1473e-04
1.4755e-02 1.1238e-04
1.4783e-02 1.1177e-04
1.4925e-02 1.0912e-04
1.5068e-02 1.0709e-04
1.5212e-02 1.0493e-04
1.5358e-02 1.0259e-04
1.5492e-02 1.0016e-04
1.5505e-02 9.9892e-05
1.5653e-02 9.6899e-05
1.5803e-02 9.4111e-05
1.5955e-02 9.2606e-05
1.6107e-02 9.1305e-05
1.6262e-02 8.9980e-05
1.6343e-02 8.9268e-05
1.6417e-02 8.8503e-05
1.6575e-02 8.6936e-05
1.6734e-02 8.5438e-05
1.6894e-02 8.3784e-05
1.7056e-02 8.2187e-05
1.7219e-02 8.0621e-05
1.7331e-02 7.9559e-05
1.7384e-02 7.8945e-05
1.7550e-02 7.7079e-05
1.7719e-02 7.5268e-05
1.7888e-02 7.3793e-05
1.8060e-02 7.2359e-05
1.8233e-02 7.1147e-05
1.8270e-02 7.0906e-05
1.8407e-02 6.9985e-05
1.8584e-02 6.8809e-05
1.8762e-02 6.7556e-05
1.8941e-02 6.5806e-05
1.9123e-02 6.4138e-05
1.9228e-02 6.3195e-05
1.9306e-02 6.2375e-05
1.9491e-02 6.0534e-05
1.9678e-02 5.8862e-05
1.9866e-02 5.7423e-05
2.0057e-02 5.6459e-05
2.0083e-02 5.6322e-05
2.0249e-02 5.5217e-05
2.0443e-02 5.4079e-05
2.0638e-02 5.3125e-05
2.0836e-02 5.2230e-05
2.1036e-02 5.1456e-05
2.1237e-02 5.0784e-05
2.1421e-02 5.0196e-05
2.1441e-02 5.0061e-05
2.1646e-02 4.8846e-05
2.1853e-02 4.7854e-05
2.2063e-02 4.6986e-05
2.2274e-02 4.6049e-05
2.2487e-02 4.4737e-05
2.2488e-02 4.4728e-05
2.2703e-02 4.2865e-05
2.2920e-02 4.1340e-05
2.3140e-02 4.0058e-05
2.3173e-02 3.9871e-05
2.3362e-02 3.8624e-05
2.3585e-02 3.7506e-05
2.3811e-02 3.7130e-05
2.4040e-02 3.6769e-05
2.4270e-02 3.6423e-05
2.4502e-02 3.6093e-05
2.4737e-02 3.5776e-05
2.4882e-02 3.5535e-05
2.4974e-02 3.5327e-05
2.5213e-02 3.4418e-05
2.5455e-02 3.3579e-05
2.5699e-02 3.2772e-05
2.5945e-02 3.1980e-05
2.6047e-02 3.1670e-05
2.6193e-02 3.1217e-05
2.6444e-02 3.0527e-05
2.6698e-02 2.9949e-05
2.6953e-02 2.9383e-05
2.7211e-02 2.8840e-05
2.7472e-02 2.8335e-05
2.7531e-02 2.8226e-05
2.7735e-02 2.7748e-05
2.8001e-02 2.7148e-05
2.8269e-02 2.6525e-05
2.8540e-02 2.5931e-05
2.8813e-02 2.5357e-05
2.8910e-02 2.5156e-05
2.9089e-02 2.4660e-05
2.9368e-02 2.3939e-05
2.9649e-02 2.3320e-05
2.9933e-02 2.2930e-05
3.0220e-02 2.2593e-05
3.0376e-02 2.2420e-05
3.0510e-02 2.2219e-05
3.0802e-02 2.1788e-05
3.1097e-02 2.1389e-05
3.1395e-02 2.0999e-05
3.1696e-02 2.0583e-05
3.1999e-02 2.0217e-05
3.2222e-02 1.9982e-05
3.2306e-02 1.9848e-05
3.2615e-02 1.9370e-05
3.2928e-02 1.8923e-05
3.3243e-02 1.8562e-05
3.3562e-02 1.8358e-05
3.3883e-02 1.8161e-05
3.4208e-02 1.7966e-05
3.4501e-02 1.7808e-05
3.4535e-02 1.7784e-05
3.4866e-02 1.7555e-05
3.5200e-02 1.7263e-05
3.5537e-02 1.6849e-05
3.5878e-02 1.6458e-05
3.6222e-02 1.6075e-05
3.6408e-02 1.5872e-05
3.6569e-02 1.5703e-05
3.6919e-02 1.5381e-05
3.7273e-02 1.5067e-05
3.7630e-02 1.4712e-05
3.7990e-02 1.4383e-05
3.8270e-02 1.4145e-05
3.8354e-02 1.4056e-05
3.8721e-02 1.3684e-05
3.9092e-02 1.3355e-05
3.9467e-02 1.3105e-05
3.9845e-02 1.2952e-05
4.0227e-02 1.2802e-05
4.0612e-02 1.2659e-05
4.0756e-02 1.2607e-05
4.1001e-02 1.2478e-05
4.1394e-02 1.2289e-05
4.1790e-02 1.2089e-05
4.2191e-02 1.1854e-05
4.2595e-02 1.1640e-05
4.3003e-02 1.1446e-05
4.3415e-02 1.1268e-05
4.3492e-02 1.1236e-05
4.3831e-02 1.1048e-05
4.4250e-02 1.0845e-05
4.4674e-02 1.0672e-05
4.5102e-02 1.0505e-05
4.5534e-02 1.0344e-05
4.5971e-02 1.0187e-05
4.6411e-02 1.0036e-05
4.6475e-02 1.0014e-05
4.6856e-02 9.8625e-06
4.7304e-02 9.6955e-06
4.7758e-02 9.5405e-06
4.8215e-02 9.3965e-06
4.8677e-02 9.2624e-06
4.9143e-02 9.1370e-06
4.9614e-02 9.0305e-06
5.0089e-02 8.9469e-06
5.0230e-02 8.9247e-06
5.0569e-02 8.8572e-06
5.1053e-02 8.7797e-06
5.1543e-02 8.7210e-06
5.2036e-02 8.6744e-06
5.2535e-02 8.6197e-06
5.3038e-02 8.5373e-06
5.3546e-02 8.4586e-06
5.4059e-02 8.3881e-06
5.4577e-02 8.3305e-06
5.5100e-02 8.2934e-06
5.5628e-02 8.2762e-06
5.6160e-02 8.2552e-06
5.6698e-02 8.2453e-06
5.7242e-02 8.2490e-06
5.7790e-02 8.2646e-06
5.8343e-02 8.2844e-06
5.8902e-02 8.3646e-06
5.9467e-02 8.5320e-06
6.0036e-02 8.7519e-06
6.0365e-02 8.9247e-06
6.0611e-02 9.0336e-06
6.1192e-02 9.4061e-06
6.1778e-02 1.0014e-05
6.1778e-02 1.0014e-05
6.2370e-02 1.0526e-05
6.2967e-02 1.1209e-05
6.2981e-02 1.1236e-05
6.3571e-02 1.2310e-05
6.3672e-02 1.2607e-05
6.4103e-02 1.4145e-05
6.4180e-02 1.4444e-05
6.4460e-02 1.5872e-05
6.4689e-02 1.7808e-05
6.4794e-02 1.9161e-05
6.4881e-02 1.9982e-05
6.5085e-02 2.2420e-05
6.5212e-02 2.5156e-05
6.5289e-02 2.8226e-05
6.5338e-02 3.1670e-05
6.5370e-02 3.5535e-05
6.5390e-02 3.9871e-05
6.5403e-02 4.4737e-05
6.5411e-02 5.0196e-05
6.5415e-02 5.3848e-05
6.5420e-02 5.0196e-05
6.5431e-02 4.4737e-05
6.5447e-02 3.9871e-05
6.5474e-02 3.5535e-05
6.5517e-02 3.1670e-05
6.5582e-02 2.8226e-05
6.5690e-02 2.5156e-05
6.5862e-02 2.2420e-05
6.6042e-02 2.0499e-05
6.6060e-02 1.9982e-05
6.6162e-02 1.7808e-05
6.6316e-02 1.5872e-05
6.6567e-02 1.4145e-05
6.6674e-02 1.3565e-05
6.6814e-02 1.2607e-05
6.7108e-02 1.1236e-05
6.7313e-02 1.0576e-05
6.7489e-02 1.0014e-05
6.7943e-02 8.9247e-06
6.7958e-02 8.8926e-06
6.8443e-02 7.9541e-06
6.8609e-02 7.6976e-06
6.9045e-02 7.0890e-06
6.9266e-02 6.8219e-06
6.9726e-02 6.3180e-06
6.9930e-02 6.1166e-06
7.0479e-02 5.6309e-06
7.0600e-02 5.5308e-06
7.1276e-02 5.0419e-06
7.1311e-02 5.0185e-06
7.1959e-02 4.5973e-06
7.2189e-02 4.4727e-06
7.2648e-02 4.2191e-06
7.3167e-02 3.9862e-06
7.3344e-02 3.9035e-06
7.4047e-02 3.6228e-06
7.4249e-02 3.5527e-06
7.4756e-02 3.3688e-06
7.5430e-02 3.1663e-06
7.5472e-02 3.1533e-06
7.6195e-02 2.9431e-06
7.6712e-02 2.8219e-06
7.6925e-02 2.7679e-06
7.7662e-02 2.5950e-06
7.8084e-02 2.5150e-06
7.8406e-02 2.4466e-06
7.9157e-02 2.3015e-06
7.9516e-02 2.2415e-06
7.9915e-02 2.1666e-06
8.0681e-02 2.0435e-06
8.0995e-02 1.9977e-06
8.1454e-02 1.9231e-06
8.2234e-02 1.8146e-06
8.2514e-02 1.7804e-06
8.3022e-02 1.7101e-06
8.3817e-02 1.6182e-06
8.4123e-02 1.5868e-06
8.4620e-02 1.5283e-06
8.5430e-02 1.4481e-06
8.5817e-02 1.4142e-06
8.6249e-02 1.3715e-06
8.7075e-02 1.2996e-06
8.7593e-02 1.2604e-06
8.7909e-02 1.2345e-06
8.8751e-02 1.1661e-06
8.9380e-02 1.1233e-06
8.9601e-02 1.1071e-06
9.0460e-02 1.0451e-06
9.1191e-02 1.0012e-06
9.1326e-02 9.9227e-07
9.2201e-02 9.3545e-07
9.3024e-02 8.9227e-07
9.3084e-02 8.8876e-07
9.3976e-02 8.3687e-07
9.4876e-02 7.9615e-07
9.4896e-02 7.9522e-07
9.5785e-02 7.4790e-07
9.6703e-02 7.1156e-07
9.6771e-02 7.0874e-07
9.7629e-02 6.6707e-07
9.8564e-02 6.3357e-07
9.8616e-02 6.3166e-07
9.9509e-02 5.9382e-07
1.0045e-01 5.6296e-07
1.0046e-01 5.6271e-07
1.0142e-01 5.2700e-07
1.0227e-01 5.0173e-07
1.0240e-01 4.9753e-07
1.0338e-01 4.6589e-07
1.0407e-01 4.4716e-07
1.0437e-01 4.3822e-07
1.0537e-01 4.1020e-07
1.0584e-01 3.9853e-07
1.0638e-01 3.8395e-07
1.0740e-01 3.5975e-07
1.0759e-01 3.5519e-07
1.0842e-01 3.3468e-07
1.0929e-01 3.1656e-07
1.0946e-01 3.1291e-07
1.1051e-01 2.9128e-07
1.1100e-01 2.8213e-07
1.1157e-01 2.7092e-07
1.1264e-01 2.5274e-07
1.1272e-01 2.5144e-07
1.1372e-01 2.3399e-07
1.1436e-01 2.2410e-07
1.1481e-01 2.1677e-07
1.1591e-01 2.0072e-07
1.1597e-01 1.9972e-07
1.1702e-01 1.8336e-07
1.1737e-01 1.7800e-07
1.1814e-01 1.6660e-07
1.1869e-01 1.5864e-07
1.1927e-01 1.5080e-07
1.1996e-01 1.4139e-07
1.2041e-01 1.3575e-07
1.2117e-01 1.2601e-07
1.2157e-01 1.2134e-07
1.2230e-01 1.1231e-07
1.2273e-01 1.0754e-07
1.2335e-01 1.0009e-07
1.2391e-01 9.4337e-08
1.2433e-01 8.9206e-08
1.2509e-01 8.1863e-08
1.2527e-01 7.9504e-08
1.2618e-01 7.0857e-08
1.2629e-01 6.9986e-08
1.2688e-01 6.3151e-08
1.2750e-01 5.8361e-08
1.2766e-01 5.6283e-08
1.2830e-01 5.0161e-08
1.2872e-01 4.7386e-08
1.2892e-01 4.4706e-08
1.2945e-01 3.9844e-08
1.2996e-01 3.6946e-08
1.3006e-01 3.5510e-08
1.3039e-01 3.1648e-08
1.3097e-01 2.8206e-08
1.3120e-01 2.7182e-08
1.3132e-01 2.5139e-08
1.3152e-01 2.2404e-08
1.3189e-01 1.9968e-08
1.3246e-01 1.7868e-08
1.3246e-01 1.7796e-08
1.3251e-01 1.5861e-08
1.3258e-01 1.4136e-08
1.3270e-01 1.2598e-08
1.3287e-01 1.1228e-08
1.3316e-01 1.0007e-08
1.3361e-01 8.9186e-09
1.3373e-01 8.6956e-09
1.3373e-01 7.9486e-09
1.3373e-01 7.0841e-09
1.3373e-01 6.3136e-09
1.3373e-01 5.6270e-09
1.3373e-01 5.0150e-09
1.3373e-01 4.4696e-09
1.3373e-01 3.9835e-09
1.3373e-01 3.5502e-09
1.3373e-01 3.1641e-09
1.3373e-01 2.8200e-09
1.3373e-01 2.5133e-09
1.3373e-01 2.2399e-09
1.3373e-01 1.9963e-09
1.3373e-01 1.7792e-09
1.3373e-01 1.5857e-09
1.3373e-01 1.4132e-09
1.3373e-01 1.2595e-09
1.3373e-01 1.1225e-09
1.3373e-01 1.0005e-09
1.3373e-01 8.9165e-10
1.3373e-01 7.9468e-10
1.3374e-01 7.0825e-10
1.3374e-01 6.3122e-10
1.3375e-01 5.6257e-10
1.3376e-01 5.0138e-10
1.3377e-01 4.4685e-10
1.3379e-01 3.9825e-10
1.3382e-01 3.5494e-10
1.3388e-01 3.1634e-10
1.3397e-01 2.8193e-10
1.3410e-01 2.5127e-10
1.3432e-01 2.2394e-10
1.3466e-01 1.9959e-10
1.3501e-01 1.8389e-10
1.3536e-01 1.9959e-10
1.3570e-01 2.2394e-10
1.3592e-01 2.5127e-10
1.3606e-01 2.8193e-10
1.3615e-01 3.1634e-10
1.3621e-01 3.5494e-10
1.3624e-01 3.9825e-10
1.3626e-01 4.4685e-10
1.3627e-01 5.0138e-10
1.3628e-01 5.6257e-10
1.3629e-01 6.3122e-10
1.3629e-01 7.0825e-10
1.3630e-01 7.9468e-10
1.3630e-01 8.9165e-10
1.3630e-01 1.0005e-09
1.3630e-01 1.1225e-09
1.3630e-01 1.2595e-09
1.3630e-01 1.4132e-09
1.3630e-01 1.5857e-09
1.3630e-01 1.7792e-09
1.3630e-01 1.9963e-09
1.3630e-01 2.2399e-09
1.3630e-01 2.5133e-09
1.3630e-01 2.8200e-09
1.3630e-01 3.1641e-09
1.3630e-01 3.5502e-09
1.3630e-01 3.9835e-09
1.3630e-01 4.4696e-09
1.3630e-01 5.0150e-09
1.3630e-01 5.6270e-09
1.3630e-01 6.3136e-09
1.3630e-01 7.0841e-09
1.3630e-01 7.9486e-09
1.3630e-01 8.8328e-09
1.3635e-01 8.9186e-09
1.3685e-01 1.0007e-08
1.3717e-01 1.1228e-08
1.3738e-01 1.2598e-08
1.3749e-01 1.4136e-08
1.3757e-01 1.5861e-08
1.3761e-01 1.7202e-08
1.3781e-01 1.7796e-08
1.3834e-01 1.9968e-08
1.3869e-01 2.2404e-08
1.3891e-01 2.5139e-08
1.3892e-01 2.5352e-08
1.3960e-01 2.8206e-08
1.4011e-01 3.1648e-08
1.4026e-01 3.3070e-08
1.4081e-01 3.5510e-08
1.4150e-01 3.9844e-08
1.4160e-01 4.0591e-08
1.4247e-01 4.4706e-08
1.4296e-01 4.7759e-08
1.4348e-01 5.0161e-08
1.4432e-01 5.4748e-08
1.4467e-01 5.6283e-08
1.4571e-01 6.1428e-08
1.4611e-01 6.3151e-08
1.4710e-01 6.7658e-08
1.4787e-01 7.0857e-08
1.4851e-01 7.3573e-08
1.4990e-01 7.9504e-08
1.4993e-01 7.9622e-08
1.5137e-01 8.4782e-08
1.5253e-01 8.9206e-08
1.5282e-01 9.0224e-08
1.5428e-01 9.5015e-08
1.5557e-01 1.0009e-07
1.5576e-01 1.0074e-07
1.5725e-01 1.0591e-07
1.5876e-01 1.1182e-07
1.5889e-01 1.1231e-07
1.6028e-01 1.1670e-07
1.6182e-01 1.2198e-07
1.6294e-01 1.2601e-07
1.6337e-01 1.2732e-07
1.6493e-01 1.3147e-07
1.6651e-01 1.3581e-07
1.6811e-01 1.4050e-07
1.6843e-01 1.4139e-07
1.6972e-01 1.4403e-07
1.7134e-01 1.4748e-07
1.7299e-01 1.5123e-07
1.7464e-01 1.5466e-07
1.7632e-01 1.5767e-07
1.7696e-01 1.5864e-07
1.7800e-01 1.5990e-07
1.7971e-01 1.6206e-07
1.8143e-01 1.6438e-07
1.8317e-01 1.6672e-07
1.8492e-01 1.7067e-07
1.8670e-01 1.7531e-07
1.8773e-01 1.7800e-07
1.8848e-01 1.7984e-07
1.9029e-01 1.8412e-07
1.9211e-01 1.8845e-07
1.9395e-01 1.9285e-07
1.9581e-01 1.9682e-07
1.9724e-01 1.9972e-07
1.9769e-01 2.0038e-07
1.9958e-01 2.0315e-07
2.0149e-01 2.0606e-07
2.0342e-01 2.0908e-07
2.0537e-01 2.1216e-07
2.0734e-01 2.1459e-07
2.0932e-01 2.1663e-07
2.1133e-01 2.1848e-07
2.1335e-01 2.2023e-07
2.1540e-01 2.2179e-07
2.1746e-01 2.2340e-07
2.1778e-01 2.2410e-07
2.1954e-01 2.2830e-07
2.2165e-01 2.3440e-07
2.2377e-01 2.4080e-07
2.2591e-01 2.4766e-07
2.2706e-01 2.5144e-07
2.2808e-01 2.5411e-07
2.3026e-01 2.5990e-07
2.3247e-01 2.6981e-07
2.3461e-01 2.8213e-07
2.3470e-01 2.8249e-07
2.3694e-01 2.9203e-07
2.3921e-01 3.0349e-07
2.4141e-01 3.1656e-07
2.4151e-01 3.1707e-07
2.4382e-01 3.2823e-07
2.4615e-01 3.4595e-07
2.4718e-01 3.5519e-07
2.4851e-01 3.6464e-07
2.5089e-01 3.8318e-07
2.5265e-01 3.9853e-07
2.5330e-01 4.0404e-07
2.5572e-01 4.2455e-07
2.5816e-01 4.4716e-07
2.5817e-01 4.4722e-07
2.6065e-01 4.8050e-07
2.6206e-01 5.0173e-07
2.6314e-01 5.1315e-07
2.6566e-01 5.3909e-07
2.6784e-01 5.6296e-07
2.6821e-01 5.6531e-07
2.7078e-01 5.7848e-07
2.7337e-01 5.8997e-07
2.7599e-01 5.9391e-07
2.7863e-01 5.9722e-07
2.8130e-01 6.0145e-07
2.8400e-01 6.0662e-07
2.8672e-01 6.1202e-07
2.8947e-01 6.1744e-07
2.9224e-01 6.2161e-07
2.9504e-01 6.2689e-07
2.9683e-01 6.3166e-07
2.9786e-01 6.3361e-07
3.0072e-01 6.4001e-07
3.0360e-01 6.4798e-07
3.0651e-01 6.7504e-07
3.0944e-01 6.9748e-07
3.1070e-01 7.0874e-07
3.1241e-01 7.2053e-07
3.1540e-01 7.5454e-07
3.1842e-01 7.8962e-07
3.1866e-01 7.9522e-07
3.2147e-01 8.5959e-07
3.2251e-01 8.9227e-07
3.2455e-01 9.5750e-07
3.2557e-01 1.0012e-06
3.2766e-01 1.1181e-06
3.2774e-01 1.1233e-06
3.2946e-01 1.2604e-06
3.3050e-01 1.4142e-06
3.3080e-01 1.4769e-06
3.3152e-01 1.5868e-06
3.3236e-01 1.7804e-06
3.3300e-01 1.9977e-06
3.3340e-01 2.2415e-06
3.3361e-01 2.5150e-06
3.3376e-01 2.8219e-06
3.3385e-01 3.1663e-06
3.3390e-01 3.5527e-06
3.3394e-01 3.9862e-06
3.3396e-01 4.4727e-06
3.3397e-01 5.0185e-06
3.3397e-01 5.0415e-06
3.3397e-01 5.0185e-06
3.3400e-01 4.4727e-06
3.3406e-01 3.9862e-06
3.3415e-01 3.5527e-06
3.3427e-01 3.1663e-06
3.3446e-01 2.8219e-06
3.3476e-01 2.5150e-06
3.3523e-01 2.2415e-06
3.3594e-01 1.9977e-06
3.3703e-01 1.7804e-06
3.3717e-01 1.7568e-06
3.3749e-01 1.5868e-06
3.3801e-01 1.4142e-06
3.3883e-01 1.2604e-06
3.4017e-01 1.1233e-06
3.4040e-01 1.1043e-06
3.4122e-01 1.0012e-06
3.4266e-01 8.9227e-07
3.4366e-01 8.4425e-07
3.4468e-01 7.9522e-07
3.4695e-01 7.1254e-07
3.4705e-01 7.0874e-07
3.4943e-01 6.3166e-07
3.5027e-01 6.0969e-07
3.5222e-01 5.6296e-07
3.5363e-01 5.3431e-07
3.5528e-01 5.0173e-07
3.5702e-01 4.7350e-07
3.5952e-01 4.4716e-07
3.6044e-01 4.3669e-07
3.6361e-01 3.9853e-07
3.6389e-01 3.9526e-07
3.6737e-01 3.5882e-07
3.6775e-01 3.5519e-07
3.7089e-01 3.2936e-07
3.7282e-01 3.1656e-07
3.7445e-01 3.0449e-07
3.7803e-01 2.8313e-07
3.7822e-01 2.8213e-07
3.8165e-01 2.6275e-07
3.8406e-01 2.5144e-07
3.8531e-01 2.4539e-07
3.8900e-01 2.2788e-07
3.8987e-01 2.2410e-07
3.9273e-01 2.1127e-07
3.9596e-01 1.9972e-07
3.9649e-01 1.9769e-07
4.0029e-01 1.8395e-07
4.0221e-01 1.7800e-07
4.0412e-01 1.7170e-07
4.0799e-01 1.6052e-07
4.0869e-01 1.5864e-07
4.1190e-01 1.4954e-07
4.1523e-01 1.4139e-07
4.1585e-01 1.3981e-07
4.1983e-01 1.2963e-07
4.2144e-01 1.2601e-07
4.2385e-01 1.2039e-07
4.2791e-01 1.1264e-07
4.2807e-01 1.1231e-07
4.3201e-01 1.0408e-07
4.3442e-01 1.0009e-07
4.3615e-01 9.7046e-08
4.4033e-01 9.0286e-08
4.4107e-01 8.9206e-08
4.4455e-01 8.3804e-08
4.4815e-01 7.9504e-08
4.4881e-01 7.8651e-08
4.5311e-01 7.2655e-08
4.5447e-01 7.0857e-08
4.5745e-01 6.6942e-08
4.6094e-01 6.3151e-08
4.6183e-01 6.2139e-08
4.6625e-01 5.7360e-08
4.6728e-01 5.6283e-08
4.7072e-01 5.2689e-08
4.7331e-01 5.0161e-08
4.7523e-01 4.8304e-08
4.7911e-01 4.4706e-08
4.7978e-01 4.4110e-08
4.8438e-01 4.0019e-08
4.8458e-01 3.9844e-08
4.8902e-01 3.6184e-08
4.8980e-01 3.5510e-08
4.9370e-01 3.2408e-08
4.9453e-01 3.1648e-08
4.9843e-01 2.8613e-08
4.9900e-01 2.8206e-08
5.0321e-01 2.5561e-08
5.0373e-01 2.5139e-08
5.0775e-01 2.2404e-08
5.0803e-01 2.2239e-08
5.1115e-01 1.9968e-08
5.1289e-01 1.9011e-08
5.1446e-01 1.7796e-08
5.1781e-01 1.6004e-08
5.1798e-01 1.5861e-08
5.2035e-01 1.4136e-08
5.2277e-01 1.3008e-08
5.2323e-01 1.2598e-08
5.2520e-01 1.1228e-08
5.2777e-01 1.0147e-08
5.2792e-01 1.0007e-08
5.2923e-01 8.9186e-09
5.3126e-01 7.9486e-09
5.3283e-01 7.4260e-09
5.3314e-01 7.0841e-09
5.3402e-01 6.3136e-09
5.3525e-01 5.6270e-09
5.3718e-01 5.0150e-09
5.3793e-01 4.8297e-09
5.3802e-01 4.4696e-09
5.3822e-01 3.9835e-09
5.3854e-01 3.5502e-09
5.3901e-01 3.1641e-09
5.3969e-01 2.8200e-09
5.4092e-01 2.5133e-09
5.4283e-01 2.2399e-09
5.4309e-01 2.2064e-09
5.4334e-01 2.2399e-09
5.4517e-01 2.5133e-09
5.4635e-01 2.8200e-09
5.4700e-01 3.1641e-09
5.4745e-01 3.5502e-09
5.4776e-01 3.9835e-09
5.4794e-01 4.4696e-09
5.4806e-01 5.0150e-09
5.4814e-01 5.6270e-09
5.4819e-01 6.3136e-09
5.4822e-01 7.0841e-09
5.4824e-01 7.9486e-09
5.4826e-01 8.9186e-09
5.4827e-01 1.0007e-08
5.4827e-01 1.1228e-08
5.4828e-01 1.2598e-08
5.4828e-01 1.4136e-08
5.4828e-01 1.5861e-08
5.4828e-01 1.7796e-08
5.4828e-01 1.9968e-08
5.4828e-01 2.2404e-08
5.4828e-01 2.5139e-08
5.4828e-01 2.8206e-08
5.4827e-01 3.1648e-08
5.4826e-01 3.5510e-08
5.4825e-01 3.9844e-08
5.4821e-01 4.4706e-08
5.4812e-01 5.0161e-08
5.4787e-01 5.6283e-08
5.4710e-01 6.3151e-08
5.4309e-01 7.0812e-08
5.3880e-01 6.3151e-08
5.3798e-01 5.6283e-08
5.3793e-01 5.5711e-08
5.3791e-01 5.6283e-08
5.3775e-01 6.3151e-08
5.3753e-01 7.0857e-08
5.3712e-01 7.9504e-08
5.3623e-01 8.9206e-08
5.3383e-01 1.0009e-07
5.3283e-01 1.0374e-07
5.3253e-01 1.1231e-07
5.3188e-01 1.2601e-07
5.3056e-01 1.4139e-07
5.2777e-01 1.5561e-07
5.2726e-01 1.5864e-07
5.2414e-01 1.7800e-07
5.2277e-01 1.8555e-07
5.2165e-01 1.9972e-07
5.1831e-01 2.2410e-07
5.1781e-01 2.2776e-07
5.1598e-01 2.5144e-07
5.1289e-01 2.7503e-07
5.1243e-01 2.8213e-07
5.1020e-01 3.1656e-07
5.0803e-01 3.3927e-07
5.0613e-01 3.5519e-07
5.0321e-01 3.8204e-07
5.0304e-01 3.9853e-07
5.0251e-01 4.4716e-07
5.0095e-01 5.0173e-07
4.9843e-01 5.4790e-07
4.9370e-01 5.4044e-07
4.9139e-01 5.6296e-07
4.8902e-01 5.9421e-07
4.8748e-01 6.3166e-07
4.8438e-01 6.9212e-07
4.8292e-01 7.0874e-07
4.7978e-01 7.5881e-07
4.7706e-01 7.9522e-07
4.7523e-01 8.2911e-07
4.7200e-01 8.9227e-07
4.7072e-01 9.2228e-07
4.6767e-01 1.0012e-06
4.6625e-01 1.0408e-06
4.6410e-01 1.1233e-06
4.6183e-01 1.2014e-06
4.6112e-01 1.2604e-06
4.5808e-01 1.4142e-06
4.5745e-01 1.4472e-06
4.5311e-01 1.5642e-06
4.5247e-01 1.5868e-06
4.4881e-01 1.7390e-06
4.4871e-01 1.7804e-06
4.4804e-01 1.9977e-06
4.4560e-01 2.2415e-06
4.4455e-01 2.3281e-06
4.4253e-01 2.5150e-06
4.4033e-01 2.6856e-06
4.3615e-01 2.6510e-06
4.3380e-01 2.8219e-06
4.3201e-01 2.9682e-06
4.3110e-01 3.1663e-06
4.2791e-01 3.5198e-06
4.2789e-01 3.5527e-06
4.2767e-01 3.9862e-06
4.2680e-01 4.4727e-06
4.2385e-01 4.9767e-06
4.2380e-01 5.0185e-06
4.2311e-01 5.6309e-06
4.1983e-01 6.3135e-06
4.1969e-01 6.3180e-06
4.1585e-01 6.6933e-06
4.1391e-01 7.0890e-06
4.1190e-01 7.5192e-06
4.1066e-01 7.9541e-06
4.0799e-01 8.6609e-06
4.0787e-01 8.9247e-06
4.0716e-01 1.0014e-05
4.0412e-01 1.1162e-05
4.0379e-01 1.1236e-05
4.0029e-01 1.2395e-05
3.9948e-01 1.2607e-05
3.9649e-01 1.3759e-05
3.9525e-01 1.4145e-05
3.9273e-01 1.5272e-05
3.9019e-01 1.4145e-05
3.8900e-01 1.3664e-05
3.8668e-01 1.2607e-05
3.8531e-01 1.1774e-05
3.8482e-01 1.2607e-05
3.8190e-01 1.4145e-05
3.8165e-01 1.4281e-05
3.8163e-01 1.5872e-05
3.8156e-01 1.7808e-05
3.8114e-01 1.9982e-05
3.7878e-01 2.2420e-05
3.7803e-01 2.3117e-05
3.7511e-01 2.5156e-05
3.7445e-01 2.5692e-05
3.7381e-01 2.5156e-05
3.7089e-01 2.3643e-05
3.6950e-01 2.2420e-05
3.6764e-01 1.9982e-05
3.6739e-01 1.7808e-05
3.6737e-01 1.7719e-05
3.6389e-01 1.7762e-05
3.6044e-01 1.7774e-05
3.6044e-01 1.7808e-05
3.6041e-01 1.9982e-05
3.6035e-01 2.2420e-05
3.6005e-01 2.5156e-05
3.5765e-01 2.8226e-05
3.5702e-01 2.8918e-05
3.5702e-01 3.1670e-05
3.5702e-01 3.5535e-05
3.5701e-01 3.9871e-05
3.5697e-01 4.4737e-05
3.5668e-01 5.0196e-05
3.5363e-01 5.6230e-05
3.5360e-01 5.6322e-05
3.5169e-01 6.3195e-05
3.5027e-01 6.6561e-05
3.4913e-01 7.0906e-05
3.4695e-01 7.6707e-05
3.4366e-01 7.7847e-05
3.4123e-01 7.0906e-05
3.4054e-01 6.3195e-05
3.4044e-01 5.6322e-05
3.4041e-01 5.0196e-05
3.4040e-01 4.4737e-05
3.4040e-01 3.9871e-05
3.4040e-01 3.9633e-05
3.3809e-01 3.5535e-05
3.3745e-01 3.1670e-05
3.3726e-01 2.8226e-05
3.3718e-01 2.5156e-05
3.3717e-01 2.4653e-05
3.3550e-01 2.2420e-05
3.3462e-01 1.9982e-05
3.3428e-01 1.7808e-05
3.3411e-01 1.5872e-05
3.3402e-01 1.4145e-05
3.3398e-01 1.2607e-05
3.3397e-01 1.1959e-05
3.3397e-01 1.2607e-05
3.3397e-01 1.4145e-05
3.3397e-01 1.5872e-05
3.3397e-01 1.7808e-05
3.3397e-01 1.9982e-05
3.3397e-01 2.2420e-05
3.3397e-01 2.5156e-05
3.3397e-01 2.8226e-05
3.3397e-01 3.1670e-05
3.3397e-01 3.5535e-05
3.3397e-01 3.9871e-05
3.3396e-01 4.4737e-05
3.3396e-01 5.0196e-05
3.3394e-01 5.6322e-05
3.3387e-01 6.3195e-05
3.3365e-01 7.0906e-05
3.3278e-01 7.9559e-05
3.3080e-01 8.6858e-05
3.3001e-01 8.9268e-05
3.2766e-01 9.7314e-05
3.2455e-01 9.4734e-05
3.2248e-01 8.9268e-05
3.2147e-01 8.8003e-05
3.1919e-01 7.9559e-05
3.1860e-01 7.0906e-05
3.1847e-01 6.3195e-05
3.1843e-01 5.6322e-05
3.1842e-01 5.4401e-05
3.1682e-01 5.0196e-05
3.1569e-01 4.4737e-05
3.1542e-01 3.9871e-05
3.1540e-01 3.9579e-05
3.1309e-01 3.5535e-05
3.1241e-01 3.2247e-05
3.1201e-01 3.1670e-05
3.0964e-01 2.8226e-05
3.0944e-01 2.7882e-05
3.0942e-01 2.8226e-05
3.0921e-01 3.1670e-05
3.0804e-01 3.5535e-05
3.0651e-01 3.8507e-05
3.0650e-01 3.9871e-05
3.0642e-01 4.4737e-05
3.0604e-01 5.0196e-05
3.0420e-01 5.6322e-05
3.0360e-01 5.7871e-05
3.0267e-01 5.6322e-05
3.0072e-01 5.4866e-05
2.9786e-01 5.0561e-05
2.9761e-01 5.0196e-05
2.9504e-01 4.9303e-05
2.9224e-01 4.7522e-05
2.8947e-01 4.5403e-05
2.8884e-01 4.4737e-05
2.8672e-01 4.4314e-05
2.8400e-01 4.3525e-05
2.8130e-01 4.2184e-05
2.7863e-01 4.0424e-05
2.7760e-01 3.9871e-05
2.7599e-01 3.9657e-05
2.7337e-01 3.9263e-05
2.7078e-01 3.8970e-05
2.6821e-01 3.8884e-05
2.6566e-01 3.8986e-05
2.6314e-01 3.9129e-05
2.6065e-01 3.9270e-05
2.5817e-01 3.9377e-05
2.5572e-01 3.9342e-05
2.5330e-01 3.9354e-05
2.5089e-01 3.9406e-05
2.4851e-01 3.9487e-05
2.4615e-01 3.9584e-05
2.4382e-01 3.9634e-05
2.4151e-01 3.9497e-05
2.3921e-01 3.9329e-05
2.3694e-01 3.9079e-05
2.3470e-01 3.8707e-05
2.3247e-01 3.8221e-05
2.3026e-01 3.7688e-05
2.2808e-01 3.7389e-05
2.2591e-01 3.7099e-05
2.2377e-01 3.6824e-05
2.2165e-01 3.6571e-05
2.1954e-01 3.6347e-05
2.1746e-01 3.6371e-05
2.1540e-01 3.7034e-05
2.1335e-01 3.7686e-05
2.1133e-01 3.8411e-05
2.0932e-01 3.8804e-05
2.0734e-01 3.9122e-05
2.0537e-01 3.9261e-05
2.0342e-01 3.9094e-05
2.0149e-01 3.8938e-05
1.9958e-01 3.8754e-05
1.9769e-01 3.8503e-05
1.9581e-01 3.8135e-05
1.9395e-01 3.7843e-05
1.9211e-01 3.8169e-05
1.9029e-01 3.8490e-05
1.8848e-01 3.8786e-05
1.8670e-01 3.9047e-05
1.8492e-01 3.9194e-05
1.8317e-01 3.9143e-05
1.8143e-01 3.8793e-05
1.7971e-01 3.8256e-05
1.7800e-01 3.7414e-05
1.7632e-01 3.6063e-05
1.7577e-01 3.5535e-05
1.7464e-01 3.5490e-05
1.7299e-01 3.5417e-05
1.7134e-01 3.5277e-05
1.6972e-01 3.4945e-05
1.6811e-01 3.4322e-05
1.6651e-01 3.3228e-05
1.6502e-01 3.1670e-05
1.6493e-01 3.1657e-05
1.6337e-01 3.1470e-05
1.6182e-01 3.1216e-05
1.6028e-01 3.0750e-05
1.5876e-01 2.9831e-05
1.5741e-01 2.8226e-05
1.5725e-01 2.8204e-05
1.5576e-01 2.7928e-05
1.5428e-01 2.7109e-05
1.5309e-01 2.5156e-05
1.5282e-01 2.5056e-05
1.5137e-01 2.4161e-05
1.5028e-01 2.2420e-05
1.4993e-01 2.2226e-05
1.4851e-01 2.0613e-05
1.4810e-01 1.9982e-05
1.4710e-01 1.9161e-05
1.4615e-01 1.7808e-05
1.4571e-01 1.7411e-05
1.4444e-01 1.5872e-05
1.4432e-01 1.5774e-05
1.4296e-01 1.4173e-05
1.4294e-01 1.4145e-05
1.4173e-01 1.2607e-05
1.4160e-01 1.2441e-05
1.4060e-01 1.1236e-05
1.4026e-01 1.0660e-05
1.3959e-01 1.0014e-05
1.3911e-01 8.9247e-06
1.3892e-01 8.1795e-06
1.3863e-01 7.9541e-06
1.3780e-01 7.0890e-06
1.3767e-01 6.3180e-06
1.3761e-01 5.6309e-06
1.3761e-01 5.5850e-06
1.3651e-01 5.0185e-06
1.3638e-01 4.4727e-06
1.3631e-01 3.9862e-06
1.3630e-01 3.5527e-06
1.3630e-01 3.1663e-06
1.3630e-01 2.8661e-06
1.3614e-01 2.8219e-06
1.3517e-01 2.5150e-06
1.3504e-01 2.2415e-06
1.3501e-01 1.9977e-06
1.3501e-01 1.7804e-06
1.3501e-01 1.5868e-06
1.3501e-01 1.4142e-06
1.3501e-01 1.2604e-06
1.3501e-01 1.1233e-06
1.3501e-01 1.0012e-06
1.3501e-01 8.9227e-07
1.3501e-01 7.9522e-07
1.3501e-01 7.0874e-07
1.3501e-01 6.3166e-07
1.3501e-01 5.6296e-07
1.3501e-01 5.0173e-07
1.3501e-01 4.4716e-07
1.3501e-01 3.9853e-07
1.3501e-01 3.5519e-07
1.3501e-01 3.1656e-07
1.3501e-01 2.8213e-07
1.3501e-01 2.5144e-07
1.3501e-01 2.2410e-07
1.3501e-01 1.9972e-07
1.3501e-01 1.7800e-07
1.3501e-01 1.5864e-07
1.3501e-01 1.4139e-07
1.3501e-01 1.2601e-07
1.3501e-01 1.1231e-07
1.3501e-01 1.0009e-07
1.3501e-01 8.9206e-08
1.3501e-01 7.9504e-08
1.3501e-01 7.0857e-08
1.3501e-01 6.3151e-08
1.3501e-01 6.1117e-08
1.3501e-01 6.3151e-08
1.3501e-01 7.0857e-08
1.3501e-01 7.9504e-08
1.3501e-01 8.9206e-08
1.3501e-01 1.0009e-07
1.3501e-01 1.1231e-07
1.3501e-01 1.2601e-07
1.3501e-01 1.4139e-07
1.3501e-01 1.5864e-07
1.3501e-01 1.7800e-07
1.3501e-01 1.9972e-07
1.3501e-01 2.2410e-07
1.3501e-01 2.5144e-07
1.3501e-01 2.8213e-07
1.3501e-01 3.1656e-07
1.3501e-01 3.5519e-07
1.3501e-01 3.9853e-07
1.3501e-01 4.4716e-07
1.3501e-01 5.0173e-07
1.3501e-01 5.6296e-07
1.3501e-01 6.3166e-07
1.3501e-01 7.0874e-07
1.3501e-01 7.9522e-07
1.3501e-01 8.9227e-07
1.3501e-01 1.0012e-06
1.3501e-01 1.1233e-06
1.3501e-01 1.2604e-06
1.3501e-01 1.4142e-06
1.3501e-01 1.5868e-06
1.3501e-01 1.7804e-06
1.3501e-01 1.9977e-06
1.3500e-01 2.2415e-06
1.3487e-01 2.5150e-06
1.3373e-01 2.8137e-06
1.3373e-01 2.8219e-06
1.3373e-01 3.1663e-06
1.3373e-01 3.5527e-06
1.3373e-01 3.9862e-06
1.3373e-01 4.4727e-06
1.3368e-01 5.0185e-06
1.3281e-01 5.6309e-06
1.3246e-01 5.8382e-06
1.3246e-01 6.3180e-06
1.3245e-01 7.0890e-06
1.3237e-01 7.9541e-06
1.3120e-01 8.8918e-06
1.3120e-01 8.9247e-06
1.3119e-01 1.0014e-05
1.3100e-01 1.1236e-05
1.2996e-01 1.2431e-05
1.2996e-01 1.2607e-05
1.2985e-01 1.4145e-05
1.2872e-01 1.5777e-05
1.2871e-01 1.5872e-05
1.2853e-01 1.7808e-05
1.2750e-01 1.9720e-05
1.2748e-01 1.9982e-05
1.2674e-01 2.2420e-05
1.2629e-01 2.3503e-05
1.2610e-01 2.5156e-05
1.2509e-01 2.7847e-05
1.2503e-01 2.8226e-05
1.2391e-01 3.1568e-05
1.2389e-01 3.1670e-05
1.2301e-01 3.5535e-05
1.2273e-01 3.6579e-05
1.2229e-01 3.9871e-05
1.2157e-01 4.2910e-05
1.2129e-01 4.4737e-05
1.2041e-01 4.8916e-05
1.2021e-01 5.0196e-05
1.1927e-01 5.5245e-05
1.1911e-01 5.6322e-05
1.1814e-01 6.2165e-05
1.1799e-01 6.3195e-05
1.1702e-01 6.9858e-05
1.1680e-01 7.0906e-05
1.1591e-01 7.7800e-05
1.1549e-01 7.9559e-05
1.1481e-01 8.5568e-05
1.1409e-01 8.9268e-05
1.1372e-01 9.2975e-05
1.1264e-01 1.0016e-04
1.1264e-01 1.0017e-04
1.1157e-01 1.1227e-04
1.1155e-01 1.1238e-04
1.1051e-01 1.2588e-04
1.1048e-01 1.2610e-04
1.0946e-01 1.4048e-04
1.0932e-01 1.4149e-04
1.0842e-01 1.5511e-04
1.0804e-01 1.5875e-04
1.0740e-01 1.7046e-04
1.0640e-01 1.7813e-04
1.0638e-01 1.7862e-04
1.0537e-01 1.9688e-04
1.0518e-01 1.9986e-04
1.0437e-01 2.1866e-04
1.0361e-01 2.2425e-04
1.0338e-01 2.3040e-04
1.0240e-01 2.4845e-04
1.0222e-01 2.5162e-04
1.0142e-01 2.7555e-04
1.0046e-01 2.8139e-04
1.0041e-01 2.8232e-04
9.9509e-02 3.1240e-04
9.9085e-02 3.1677e-04
9.8564e-02 3.3721e-04
9.7629e-02 3.5246e-04
9.7446e-02 3.5543e-04
9.6703e-02 3.8824e-04
9.5785e-02 3.9639e-04
9.5634e-02 3.9880e-04
9.4876e-02 4.3509e-04
9.3976e-02 4.4625e-04
9.3894e-02 4.4747e-04
9.3084e-02 4.8956e-04
9.2234e-02 5.0208e-04
9.2201e-02 5.0418e-04
9.1326e-02 5.5748e-04
9.0903e-02 5.6335e-04
9.0460e-02 5.9578e-04
8.9601e-02 6.3086e-04
8.9493e-02 6.3209e-04
8.8751e-02 6.9633e-04
8.7909e-02 7.0912e-04
8.7899e-02 7.0923e-04
8.7075e-02 7.9377e-04
8.6962e-02 7.9577e-04
8.6249e-02 8.7868e-04
8.5981e-02 8.9288e-04
8.5430e-02 9.6536e-04
8.5080e-02 1.0018e-03
8.4620e-02 1.0710e-03
8.4232e-02 1.1241e-03
8.3817e-02 1.1979e-03
8.3465e-02 1.2613e-03
8.3022e-02 1.3840e-03
8.2773e-02 1.4152e-03
8.2297e-02 1.5879e-03
8.2234e-02 1.6034e-03
8.2074e-02 1.5879e-03
8.1454e-02 1.5753e-03
8.1212e-02 1.5879e-03
8.0681e-02 1.6779e-03
7.9915e-02 1.7703e-03
7.9772e-02 1.7817e-03
7.9157e-02 1.9270e-03
7.8470e-02 1.9991e-03
7.8406e-02 2.0179e-03
7.7662e-02 2.2272e-03
7.7603e-02 2.2430e-03
7.6925e-02 2.4839e-03
7.6811e-02 2.5167e-03
7.6195e-02 2.7667e-03
7.6020e-02 2.8239e-03
7.5472e-02 3.0812e-03
7.5247e-02 3.1685e-03
7.4756e-02 3.4317e-03
7.4506e-02 3.5551e-03
7.4047e-02 3.8354e-03
7.3799e-02 3.9890e-03
7.3344e-02 4.3052e-03
7.3144e-02 4.4757e-03
7.2648e-02 4.8701e-03
7.2537e-02 5.0219e-03
7.1959e-02 5.5453e-03
7.1921e-02 5.6348e-03
7.1276e-02 6.2930e-03
7.1269e-02 6.3224e-03
7.0600e-02 7.0908e-03
7.0600e-02 7.0939e-03
7.0522e-02 7.9596e-03
6.9930e-02 8.9100e-03
6.9929e-02 8.9309e-03
6.9930e-02 9.3574e-03
7.0019e-02 1.0021e-02
6.9930e-02 1.0184e-02
6.9619e-02 1.1244e-02
6.9266e-02 1.2097e-02
6.9211e-02 1.2616e-02
6.9028e-02 1.4155e-02
6.8609e-02 1.5316e-02
6.8600e-02 1.5883e-02
6.8494e-02 1.7821e-02
6.7958e-02 1.9703e-02
6.7957e-02 1.9995e-02
6.7953e-02 2.2435e-02
6.7748e-02 2.5173e-02
6.7313e-02 2.7311e-02
6.7313e-02 2.8245e-02
6.7313e-02 3.1692e-02
6.7297e-02 3.5559e-02
6.6674e-02 3.9843e-02
6.6674e-02 3.9899e-02
6.6674e-02 4.4768e-02
6.6674e-02 5.0231e-02
6.6674e-02 5.6361e-02
6.6487e-02 6.3238e-02
6.6042e-02 6.8868e-02
6.6041e-02 7.0955e-02
6.6002e-02 7.9614e-02
6.5415e-02 8.8727e-02
6.4834e-02 7.9614e-02
6.4795e-02 7.0955e-02
6.4797e-02 6.3238e-02
6.4794e-02 6.0791e-02
6.4404e-02 5.6361e-02
6.4180e-02 5.0231e-02
6.4180e-02 4.4768e-02
6.4180e-02 3.9899e-02
6.4180e-02 3.9505e-02
6.3628e-02 3.5559e-02
6.3571e-02 3.1692e-02
6.3571e-02 2.8245e-02
6.3571e-02 2.8181e-02
6.2980e-02 2.5173e-02
6.2967e-02 2.2435e-02
6.2967e-02 2.2331e-02
6.2396e-02 1.9995e-02
6.2370e-02 1.7821e-02
6.2370e-02 1.7815e-02
6.1780e-02 1.5883e-02
6.1778e-02 1.5809e-02
6.1217e-02 1.4155e-02
6.1192e-02 1.3997e-02
6.0670e-02 1.2616e-02
6.0611e-02 1.2494e-02
6.0083e-02 1.1244e-02
6.0036e-02 1.1195e-02
5.9481e-02 1.0021e-02
5.9467e-02 1.0001e-02
5.8902e-02 9.5082e-03
5.8585e-02 8.9309e-03
5.8343e-02 8.8122e-03
5.7817e-02 7.9596e-03
5.7790e-02 7.9497e-03
5.7242e-02 7.7032e-03
5.6832e-02 7.0939e-03
5.6698e-02 7.0730e-03
5.6160e-02 6.8883e-03
5.5717e-02 6.3224e-03
5.5628e-02 6.3167e-03
5.5100e-02 6.2698e-03
5.4577e-02 6.1061e-03
5.4059e-02 5.7085e-03
5.3959e-02 5.6348e-03
5.3546e-02 5.6114e-03
5.3038e-02 5.5331e-03
5.2535e-02 5.3738e-03
5.2036e-02 5.3770e-03
5.1543e-02 5.4921e-03
5.1053e-02 5.5627e-03
5.0569e-02 5.6019e-03
5.0089e-02 5.6223e-03
4.9614e-02 5.6323e-03
4.9143e-02 5.6246e-03
4.8677e-02 5.6123e-03
4.8215e-02 5.6069e-03
4.7758e-02 5.6068e-03
4.7304e-02 5.6096e-03
4.6856e-02 5.6136e-03
4.6411e-02 5.5970e-03
4.5971e-02 5.5243e-03
4.5534e-02 5.3039e-03
4.5237e-02 5.0219e-03
4.5102e-02 5.0113e-03
4.4674e-02 4.9991e-03
4.4250e-02 4.9941e-03
4.3831e-02 4.9910e-03
4.3415e-02 4.9879e-03
4.3003e-02 4.9855e-03
4.2595e-02 4.9837e-03
4.2191e-02 4.9826e-03
4.1790e-02 4.9822e-03
4.1394e-02 4.9830e-03
4.1001e-02 4.9847e-03
4.0612e-02 4.9866e-03
4.0227e-02 4.9887e-03
3.9845e-02 4.9909e-03
3.9467e-02 4.9905e-03
3.9092e-02 4.9918e-03
3.8721e-02 4.9934e-03
3.8354e-02 4.9949e-03
3.7990e-02 4.9964e-03
3.7630e-02 4.9979e-03
3.7273e-02 4.9997e-03
3.6919e-02 4.9973e-03
3.6569e-02 4.9924e-03
3.6222e-02 4.9868e-03
3.5878e-02 4.9806e-03
3.5537e-02 4.9751e-03
3.5200e-02 4.9731e-03
3.4866e-02 4.9821e-03
3.4535e-02 4.9950e-03
3.4208e-02 5.0147e-03
3.4152e-02 5.0219e-03
3.3883e-02 5.2353e-03
3.3562e-02 5.3747e-03
3.3243e-02 5.4547e-03
3.2928e-02 5.4348e-03
3.2615e-02 5.3901e-03
3.2306e-02 5.3622e-03
3.1999e-02 5.3586e-03
3.1696e-02 5.3803e-03
3.1395e-02 5.4203e-03
3.1097e-02 5.4763e-03
3.0802e-02 5.5216e-03
3.0510e-02 5.5547e-03
3.0220e-02 5.5793e-03
2.9933e-02 5.5985e-03
2.9649e-02 5.6133e-03
2.9368e-02 5.6204e-03
2.9089e-02 5.6253e-03
2.8813e-02 5.6294e-03
2.8540e-02 5.6326e-03
2.8327e-02 5.6348e-03
2.8269e-02 5.6622e-03
2.8001e-02 5.8022e-03
2.7735e-02 5.8683e-03
2.7472e-02 5.9174e-03
2.7211e-02 5.9689e-03
2.6953e-02 6.0206e-03
2.6698e-02 6.0705e-03
2.6444e-02 6.1172e-03
2.6193e-02 6.1835e-03
2.5945e-02 6.2289e-03
2.5699e-02 6.2502e-03
2.5455e-02 6.2702e-03
2.5213e-02 6.2976e-03
2.5051e-02 6.3224e-03
2.4974e-02 6.4151e-03
2.4737e-02 6.5281e-03
2.4502e-02 6.6164e-03
2.4270e-02 6.7164e-03
2.4040e-02 6.8156e-03
2.3811e-02 6.9027e-03
2.3585e-02 6.9718e-03
2.3362e-02 6.9935e-03
2.3140e-02 7.0027e-03
2.2920e-02 7.0086e-03
2.2703e-02 7.0127e-03
2.2488e-02 7.0171e-03
2.2274e-02 7.0260e-03
2.2063e-02 7.0326e-03
2.1853e-02 7.0474e-03
2.1646e-02 7.0792e-03
2.1503e-02 7.0939e-03
2.1441e-02 7.1167e-03
2.1327e-02 7.0939e-03
2.1237e-02 7.0892e-03
2.1123e-02 7.0939e-03
2.1036e-02 7.1078e-03
2.0992e-02 7.0939e-03
2.0836e-02 7.0863e-03
2.0638e-02 7.0874e-03
2.0443e-02 7.0927e-03
2.0412e-02 7.0939e-03
2.0249e-02 7.1910e-03
2.0057e-02 7.3540e-03
1.9866e-02 7.5393e-03
1.9678e-02 7.6132e-03
1.9491e-02 7.6676e-03
1.9306e-02 7.7179e-03
1.9123e-02 7.7582e-03
1.8941e-02 7.7890e-03
1.8762e-02 7.7764e-03
1.8584e-02 7.8202e-03
1.8407e-02 7.8722e-03
1.8233e-02 7.9268e-03
1.8151e-02 7.9596e-03
1.8060e-02 8.2123e-03
1.7888e-02 8.5554e-03
1.7719e-02 8.7578e-03
1.7550e-02 8.8062e-03
1.7384e-02 8.8439e-03
1.7219e-02 8.8639e-03
1.7056e-02 8.8806e-03
1.6894e-02 8.8985e-03
1.6734e-02 8.9206e-03
1.6575e-02 8.8991e-03
1.6417e-02 8.8649e-03
1.6262e-02 8.8394e-03
1.6107e-02 8.8336e-03
1.5955e-02 8.8476e-03
1.5803e-02 8.8739e-03
1.5653e-02 8.8991e-03
1.5505e-02 8.9151e-03
1.5358e-02 8.9259e-03
1.5280e-02 8.9309e-03
1.5212e-02 9.1397e-03
1.5068e-02 9.4825e-03
1.4925e-02 9.6835e-03
1.4783e-02 9.7690e-03
1.4643e-02 9.8232e-03
1.4504e-02 9.8635e-03
1.4366e-02 9.8976e-03
1.4230e-02 9.9299e-03
1.4095e-02 9.9631e-03
1.3961e-02 1.0017e-02
1.3951e-02 1.0021e-02
1.3829e-02 1.0288e-02
1.3697e-02 1.0572e-02
1.3567e-02 1.0817e-02
1.3439e-02 1.0988e-02
1.3311e-02 1.1105e-02
1.3185e-02 1.1130e-02
1.3060e-02 1.1148e-02
1.2936e-02 1.1159e-02
1.2813e-02 1.1171e-02
1.2691e-02 1.1187e-02
1.2571e-02 1.1203e-02
1.2452e-02 1.1235e-02
1.2420e-02 1.1244e-02
1.2334e-02 1.1568e-02
1.2217e-02 1.1953e-02
1.2101e-02 1.2232e-02
1.1986e-02 1.2404e-02
1.1872e-02 1.2471e-02
1.1759e-02 1.2494e-02
1.1648e-02 1.2528e-02
1.1537e-02 1.2567e-02
1.1428e-02 1.2606e-02
1.1401e-02 1.2616e-02
1.1319e-02 1.2975e-02
1.1212e-02 1.3368e-02
1.1106e-02 1.3559e-02
1.1000e-02 1.3679e-02
1.0896e-02 1.3782e-02
1.0793e-02 1.3875e-02
1.0690e-02 1.3956e-02
1.0589e-02 1.4024e-02
1.0488e-02 1.4076e-02
1.0389e-02 1.4119e-02
1.0302e-02 1.4155e-02
1.0290e-02 1.4217e-02
1.0193e-02 1.4712e-02
1.0096e-02 1.5009e-02
1.0000e-02 1.5237e-02
5.5354e-01 2.5140e-09
5.5564e-01 2.8200e-09
5.5699e-01 3.1641e-09
5.5778e-01 3.5502e-09
5.5831e-01 3.9835e-09
5.5866e-01 4.4696e-09
5.5884e-01 4.8697e-09
5.5950e-01 5.0150e-09
5.6168e-01 5.6270e-09
5.6317e-01 6.3136e-09
5.6420e-01 7.0451e-09
5.6435e-01 7.0841e-09
5.6725e-01 7.9486e-09
5.6920e-01 8.9186e-09
5.6960e-01 9.1640e-09
5.7234e-01 1.0007e-08
5.7497e-01 1.1228e-08
5.7506e-01 1.1277e-08
5.7896e-01 1.2598e-08
5.8057e-01 1.3356e-08
5.8297e-01 1.4136e-08
5.8613e-01 1.5397e-08
5.8757e-01 1.5861e-08
5.9174e-01 1.7395e-08
5.9300e-01 1.7796e-08
5.9741e-01 1.9318e-08
5.9938e-01 1.9968e-08
6.0314e-01 2.1288e-08
6.0650e-01 2.2404e-08
6.0891e-01 2.3215e-08
6.1475e-01 2.5127e-08
6.1479e-01 2.5139e-08
6.2064e-01 2.6885e-08
6.2488e-01 2.8206e-08
6.2658e-01 2.8683e-08
6.3258e-01 3.0368e-08
6.3660e-01 3.1648e-08
6.3864e-01 3.2222e-08
6.4476e-01 3.3940e-08
6.4959e-01 3.5510e-08
6.5094e-01 3.5894e-08
6.5717e-01 3.7610e-08
6.6347e-01 3.9683e-08
6.6398e-01 3.9844e-08
6.6982e-01 4.1485e-08
6.7624e-01 4.3519e-08
6.7980e-01 4.4706e-08
6.8272e-01 4.5671e-08
6.8926e-01 4.7699e-08
6.9586e-01 4.9865e-08
6.9675e-01 5.0161e-08
7.0253e-01 5.2035e-08
7.0926e-01 5.4465e-08
7.1392e-01 5.6283e-08
7.1605e-01 5.7031e-08
7.2291e-01 5.9613e-08
7.2981e-01 6.3151e-08
7.2984e-01 6.3167e-08
7.3683e-01 6.6791e-08
7.4304e-01 7.0857e-08
7.4389e-01 7.1451e-08
7.5101e-01 7.6655e-08
7.5444e-01 7.9504e-08
7.5821e-01 8.2742e-08
7.6465e-01 8.9206e-08
7.6547e-01 9.0196e-08
7.7234e-01 1.0009e-07
7.7280e-01 1.0086e-07
7.7839e-01 1.1231e-07
7.8020e-01 1.1684e-07
7.8360e-01 1.2601e-07
7.8603e-01 1.4139e-07
7.8763e-01 1.5864e-07
7.8768e-01 1.5972e-07
7.8864e-01 1.7800e-07
7.8832e-01 1.9972e-07
7.8768e-01 2.0803e-07
7.8641e-01 2.2410e-07
7.8115e-01 2.5144e-07
7.8020e-01 2.5551e-07
7.7280e-01 2.8097e-07
7.7198e-01 2.8213e-07
7.6547e-01 2.9319e-07
7.5821e-01 3.0679e-07
7.5180e-01 3.1656e-07
7.5101e-01 3.1799e-07
7.4389e-01 3.3053e-07
7.3683e-01 3.4035e-07
7.2984e-01 3.4594e-07
7.2291e-01 3.4996e-07
7.1605e-01 3.5432e-07
7.1479e-01 3.5519e-07
7.0926e-01 3.6250e-07
7.0253e-01 3.7085e-07
6.9586e-01 3.7620e-07
6.8926e-01 3.7696e-07
6.8272e-01 3.7787e-07
6.7624e-01 3.7803e-07
6.6982e-01 3.7887e-07
6.6347e-01 3.7921e-07
6.5717e-01 3.7844e-07
6.5094e-01 3.6062e-07
6.4897e-01 3.5519e-07
6.4476e-01 3.5010e-07
6.3864e-01 3.4400e-07
6.3258e-01 3.4187e-07
6.2659e-01 3.1656e-07
6.2658e-01 3.1653e-07
6.2064e-01 3.0583e-07
6.1475e-01 2.9857e-07
6.0985e-01 2.8213e-07
6.0891e-01 2.8010e-07
6.0314e-01 2.6061e-07
6.0005e-01 2.5144e-07
5.9741e-01 2.4694e-07
5.9289e-01 2.2410e-07
5.9174e-01 2.1871e-07
5.8767e-01 1.9972e-07
5.8613e-01 1.9290e-07
5.8291e-01 1.7800e-07
5.8057e-01 1.6567e-07
5.7855e-01 1.5864e-07
5.7506e-01 1.4880e-07
5.7294e-01 1.4139e-07
5.6960e-01 1.2797e-07
5.6909e-01 1.2601e-07
5.6562e-01 1.1231e-07
5.6424e-01 1.0009e-07
5.6420e-01 9.9803e-08
5.6086e-01 8.9206e-08
5.5966e-01 7.9504e-08
5.5924e-01 7.0857e-08
5.5897e-01 6.3151e-08
5.5884e-01 6.0071e-08
5.5855e-01 6.3151e-08
5.5718e-01 7.0857e-08
5.5354e-01 7.8145e-08
5.5016e-01 7.0857e-08
5.4889e-01 6.3151e-08
5.4852e-01 5.6283e-08
5.4839e-01 5.0161e-08
5.4834e-01 4.4706e-08
5.4832e-01 3.9844e-08
5.4831e-01 3.5510e-08
5.4831e-01 3.1648e-08
5.4830e-01 2.8206e-08
5.4830e-01 2.5139e-08
5.4830e-01 2.2404e-08
5.4830e-01 1.9968e-08
5.4830e-01 1.7796e-08
5.4830e-01 1.5861e-08
5.4831e-01 1.4136e-08
5.4831e-01 1.2598e-08
5.4832e-01 1.1228e-08
5.4833e-01 1.0007e-08
5.4834e-01 8.9186e-09
5.4836e-01 7.9486e-09
5.4840e-01 7.0841e-09
5.4845e-01 6.3136e-09
5.4854e-01 5.6270e-09
5.4866e-01 5.0150e-09
5.4886e-01 4.4696e-09
5.4918e-01 3.9835e-09
5.4967e-01 3.5502e-09
5.5039e-01 3.1641e-09
5.5162e-01 2.8200e-09
5.5354e-01 2.5140e-09
8.5011e-01 9.3250e-08
8.5294e-01 1.0009e-07
8.5487e-01 1.1231e-07
8.5532e-01 1.2601e-07
8.5512e-01 1.4139e-07
8.5495e-01 1.5864e-07
8.5438e-01 1.7800e-07
8.5309e-01 1.9972e-07
8.5134e-01 2.2410e-07
8.5011e-01 2.3964e-07
8.4341e-01 2.2410e-07
8.4204e-01 2.2105e-07
8.4111e-01 2.2410e-07
8.3712e-01 2.5144e-07
8.3405e-01 2.7026e-07
8.3265e-01 2.5144e-07
8.3196e-01 2.2410e-07
8.3190e-01 1.9972e-07
8.3252e-01 1.7800e-07
8.3368e-01 1.5864e-07
8.3405e-01 1.5472e-07
8.3744e-01 1.4139e-07
8.4144e-01 1.2601e-07
8.4204e-01 1.2399e-07
8.4414e-01 1.1231e-07
8.4742e-01 1.0009e-07
8.5011e-01 9.3250e-08
