5.4565e-01 1.5327e-10
5.4672e-01 1.5853e-10
5.4985e-01 1.7788e-10
5.5183e-01 1.9959e-10
5.5308e-01 2.2394e-10
5.5386e-01 2.5127e-10
5.5436e-01 2.8193e-10
5.5467e-01 3.1634e-10
5.5486e-01 3.5494e-10
5.5499e-01 3.9825e-10
5.5507e-01 4.4685e-10
5.5512e-01 5.0138e-10
5.5512e-01 5.0617e-10
5.5851e-01 5.6257e-10
5.6091e-01 6.3122e-10
5.6246e-01 7.0825e-10
5.6343e-01 7.9468e-10
5.6405e-01 8.9165e-10
5.6443e-01 1.0005e-09
5.6467e-01 1.1225e-09
5.6476e-01 1.1807e-09
5.6724e-01 1.2595e-09
5.7063e-01 1.4132e-09
5.7272e-01 1.5857e-09
5.7405e-01 1.7792e-09
5.7456e-01 1.8808e-09
5.7727e-01 1.9963e-09
5.8124e-01 2.2399e-09
5.8378e-01 2.5133e-09
5.8454e-01 2.6232e-09
5.8820e-01 2.8200e-09
5.9255e-01 3.1641e-09
5.9468e-01 3.4263e-09
5.9672e-01 3.5502e-09
6.0230e-01 3.9835e-09
6.0501e-01 4.3110e-09
6.0724e-01 4.4696e-09
6.1323e-01 5.0150e-09
6.1551e-01 5.3127e-09
6.1916e-01 5.6270e-09
6.2488e-01 6.3136e-09
6.2619e-01 6.5174e-09
6.3135e-01 7.0841e-09
6.3649e-01 7.9486e-09
6.3706e-01 8.0625e-09
6.4296e-01 8.9186e-09
6.4749e-01 1.0007e-08
6.4812e-01 1.0196e-08
6.5310e-01 1.1228e-08
6.5712e-01 1.2598e-08
6.5937e-01 1.3878e-08
6.6016e-01 1.4136e-08
6.6460e-01 1.5861e-08
6.6737e-01 1.7796e-08
6.6918e-01 1.9968e-08
6.7035e-01 2.2404e-08
6.7081e-01 2.3932e-08
6.7384e-01 2.5139e-08
6.7959e-01 2.8206e-08
6.8246e-01 3.0591e-08
6.8296e-01 2.8206e-08
6.8397e-01 2.5139e-08
6.8559e-01 2.2404e-08
6.8820e-01 1.9968e-08
6.9226e-01 1.7796e-08
6.9430e-01 1.6973e-08
6.9684e-01 1.5861e-08
7.0277e-01 1.4136e-08
7.0636e-01 1.3370e-08
7.1076e-01 1.2598e-08
7.1862e-01 1.1531e-08
7.2153e-01 1.1228e-08
7.3109e-01 1.0329e-08
7.3560e-01 1.0007e-08
7.4378e-01 9.4302e-09
7.5322e-01 8.9186e-09
7.5669e-01 8.7293e-09
7.6983e-01 8.1285e-09
7.7446e-01 7.9486e-09
7.8319e-01 7.5811e-09
7.9678e-01 7.1053e-09
7.9737e-01 7.0841e-09
8.1062e-01 6.5828e-09
8.1866e-01 6.3136e-09
8.2469e-01 6.1027e-09
8.3890e-01 5.6270e-09
8.3900e-01 5.6235e-09
8.5356e-01 5.0726e-09
8.5492e-01 5.0150e-09
8.6838e-01 4.5125e-09
8.6923e-01 4.4696e-09
8.8033e-01 3.9835e-09
8.8345e-01 3.8733e-09
8.8918e-01 3.5502e-09
8.9879e-01 3.1906e-09
8.9912e-01 3.1641e-09
9.0397e-01 2.8200e-09
9.1139e-01 2.5133e-09
9.1439e-01 2.4163e-09
9.1615e-01 2.2399e-09
9.1947e-01 1.9963e-09
9.2416e-01 1.7792e-09
9.3026e-01 1.6060e-09
9.3518e-01 1.7792e-09
9.3882e-01 1.9963e-09
9.4124e-01 2.2399e-09
9.4287e-01 2.5133e-09
9.4390e-01 2.8200e-09
9.4460e-01 3.1641e-09
9.4508e-01 3.5502e-09
9.4540e-01 3.9835e-09
9.4563e-01 4.4696e-09
9.4579e-01 5.0150e-09
9.4589e-01 5.6270e-09
9.4597e-01 6.3136e-09
9.4602e-01 7.0841e-09
9.4605e-01 7.9486e-09
9.4606e-01 8.9186e-09
9.4606e-01 1.0007e-08
9.4604e-01 1.1228e-08
9.4600e-01 1.2598e-08
9.4593e-01 1.4136e-08
9.4582e-01 1.5861e-08
9.4566e-01 1.7796e-08
9.4537e-01 1.9968e-08
9.4481e-01 2.2404e-08
9.4381e-01 2.5139e-08
9.4192e-01 2.8206e-08
9.3717e-01 3.1648e-08
9.3026e-01 3.4690e-08
9.3025e-01 3.5510e-08
9.3022e-01 3.9844e-08
9.3019e-01 4.4706e-08
9.3016e-01 5.0161e-08
9.3010e-01 5.6283e-08
9.3001e-01 6.3151e-08
9.2984e-01 7.0857e-08
9.2947e-01 7.9504e-08
9.2861e-01 8.9206e-08
9.2641e-01 1.0009e-07
9.1997e-01 1.1231e-07
9.1439e-01 1.1934e-07
9.1437e-01 1.2601e-07
9.1434e-01 1.4139e-07
9.1430e-01 1.5864e-07
9.1419e-01 1.7800e-07
9.1395e-01 1.9972e-07
9.1333e-01 2.2410e-07
9.1106e-01 2.5144e-07
9.0368e-01 2.8213e-07
8.9879e-01 2.9757e-07
8.9877e-01 3.1656e-07
8.9874e-01 3.5519e-07
8.9865e-01 3.9853e-07
8.9838e-01 4.4716e-07
8.9748e-01 5.0173e-07
8.9478e-01 5.6296e-07
8.8345e-01 6.3118e-07
8.8345e-01 6.3166e-07
8.8343e-01 7.0874e-07
8.8337e-01 7.9522e-07
8.8320e-01 8.9227e-07
8.8274e-01 1.0012e-06
8.8054e-01 1.1233e-06
8.6950e-01 1.2604e-06
8.6838e-01 1.2751e-06
8.6830e-01 1.4142e-06
8.6805e-01 1.5868e-06
8.6673e-01 1.7804e-06
8.6025e-01 1.9977e-06
8.5356e-01 2.1300e-06
8.5290e-01 2.2415e-06
8.4753e-01 2.5150e-06
8.3900e-01 2.7191e-06
8.3525e-01 2.8219e-06
8.2469e-01 3.0789e-06
8.1542e-01 3.1663e-06
8.1062e-01 3.2746e-06
7.9678e-01 3.4184e-06
7.8319e-01 3.5002e-06
7.6983e-01 3.5442e-06
7.6719e-01 3.5527e-06
7.5669e-01 3.7338e-06
7.4378e-01 3.9173e-06
7.3346e-01 3.9862e-06
7.3109e-01 4.0425e-06
7.1862e-01 4.1918e-06
7.0636e-01 4.1277e-06
7.0022e-01 3.9862e-06
6.9430e-01 3.9401e-06
6.8485e-01 3.5527e-06
6.8248e-01 3.1663e-06
6.8246e-01 3.1625e-06
6.8227e-01 3.1663e-06
6.7081e-01 3.4672e-06
6.6958e-01 3.5527e-06
6.5937e-01 3.9567e-06
6.4812e-01 3.9314e-06
6.3706e-01 3.8662e-06
6.2821e-01 3.5527e-06
6.2619e-01 3.5214e-06
6.1551e-01 3.1900e-06
6.1489e-01 3.1663e-06
6.0545e-01 2.8219e-06
6.0501e-01 2.8001e-06
5.9608e-01 2.5150e-06
5.9468e-01 2.3811e-06
5.8995e-01 2.2415e-06
5.8509e-01 1.9977e-06
5.8458e-01 1.7804e-06
5.8454e-01 1.7618e-06
5.7627e-01 1.5868e-06
5.7471e-01 1.4142e-06
5.7456e-01 1.3831e-06
5.6745e-01 1.2604e-06
5.6505e-01 1.1233e-06
5.6479e-01 1.0012e-06
5.6476e-01 9.7896e-07
5.5794e-01 8.9227e-07
5.5544e-01 7.9522e-07
5.5517e-01 7.0874e-07
5.5513e-01 6.3166e-07
5.5512e-01 5.6296e-07
5.5512e-01 5.0173e-07
5.5512e-01 4.4716e-07
5.5512e-01 3.9853e-07
5.5512e-01 3.5519e-07
5.5512e-01 3.1656e-07
5.5512e-01 2.8213e-07
5.5512e-01 2.5144e-07
5.5512e-01 2.2410e-07
5.5512e-01 1.9972e-07
5.5512e-01 1.7800e-07
5.5512e-01 1.6436e-07
5.5511e-01 1.7800e-07
5.5506e-01 1.9972e-07
5.5468e-01 2.2410e-07
5.4919e-01 2.5144e-07
5.4565e-01 2.6331e-07
5.4565e-01 2.8213e-07
5.4565e-01 3.1656e-07
5.4565e-01 3.5519e-07
5.4565e-01 3.9853e-07
5.4564e-01 4.4716e-07
5.4558e-01 5.0173e-07
5.4531e-01 5.6296e-07
5.4430e-01 6.3166e-07
5.3634e-01 7.0035e-07
5.3634e-01 7.0874e-07
5.3634e-01 7.9522e-07
5.3633e-01 8.9227e-07
5.3629e-01 1.0012e-06
5.3616e-01 1.1233e-06
5.3599e-01 1.2604e-06
5.2719e-01 1.4110e-06
5.2715e-01 1.4142e-06
5.2703e-01 1.5868e-06
5.2703e-01 1.7804e-06
5.1820e-01 1.9950e-06
5.1810e-01 1.9977e-06
5.1807e-01 2.2415e-06
5.1623e-01 2.5150e-06
5.0936e-01 2.7549e-06
5.0918e-01 2.8219e-06
5.0819e-01 3.1663e-06
5.0067e-01 3.5054e-06
5.0014e-01 3.5527e-06
4.9212e-01 3.9781e-06
4.9204e-01 3.9862e-06
4.8913e-01 4.4727e-06
4.8373e-01 4.8520e-06
4.8234e-01 5.0185e-06
4.7547e-01 5.5490e-06
4.7505e-01 5.6309e-06
4.6775e-01 6.3180e-06
4.6736e-01 6.3561e-06
4.6513e-01 7.0890e-06
4.5939e-01 7.7502e-06
4.5840e-01 7.9541e-06
4.5155e-01 8.8735e-06
4.5146e-01 8.9247e-06
4.5068e-01 1.0014e-05
4.4384e-01 1.1176e-05
4.4361e-01 1.1236e-05
4.3754e-01 1.2607e-05
4.3627e-01 1.2872e-05
4.3093e-01 1.4145e-05
4.2883e-01 1.4632e-05
4.2151e-01 1.5705e-05
4.1432e-01 1.5760e-05
4.1020e-01 1.5872e-05
4.0725e-01 1.6390e-05
4.0030e-01 1.7788e-05
4.0019e-01 1.7808e-05
3.9347e-01 1.9859e-05
3.9270e-01 1.9982e-05
3.8676e-01 2.1849e-05
3.8436e-01 2.2420e-05
3.8016e-01 2.4115e-05
3.7367e-01 2.5078e-05
3.7321e-01 2.5156e-05
3.6730e-01 2.7792e-05
3.6165e-01 2.8226e-05
3.6103e-01 2.8493e-05
3.5487e-01 3.0054e-05
3.4882e-01 3.0648e-05
3.4286e-01 3.1093e-05
3.3701e-01 3.1647e-05
3.3691e-01 3.1670e-05
3.3126e-01 3.4924e-05
3.2561e-01 3.5521e-05
3.2547e-01 3.5535e-05
3.2006e-01 3.8802e-05
3.1460e-01 3.9213e-05
3.0923e-01 3.9516e-05
3.0627e-01 3.9871e-05
3.0395e-01 4.1649e-05
2.9877e-01 4.4002e-05
2.9367e-01 4.4711e-05
2.9355e-01 4.4737e-05
2.8866e-01 4.9052e-05
2.8373e-01 4.9955e-05
2.8183e-01 5.0196e-05
2.7889e-01 5.3106e-05
2.7413e-01 5.5709e-05
2.7183e-01 5.6322e-05
2.6946e-01 5.9598e-05
2.6486e-01 6.3165e-05
2.6483e-01 6.3195e-05
2.6034e-01 7.0434e-05
2.5788e-01 7.0906e-05
2.5590e-01 7.3880e-05
2.5153e-01 7.6293e-05
2.4724e-01 7.6831e-05
2.4302e-01 7.8204e-05
2.3888e-01 7.9519e-05
2.3874e-01 7.9559e-05
2.3480e-01 8.6404e-05
2.3079e-01 8.8677e-05
2.2925e-01 8.9268e-05
2.2686e-01 9.4947e-05
2.2299e-01 9.9251e-05
2.1918e-01 1.0014e-04
2.1912e-01 1.0016e-04
2.1544e-01 1.1020e-04
2.1177e-01 1.1175e-04
2.0815e-01 1.1235e-04
2.0805e-01 1.1238e-04
2.0460e-01 1.2387e-04
2.0111e-01 1.2608e-04
2.0109e-01 1.2610e-04
1.9768e-01 1.4054e-04
1.9670e-01 1.4149e-04
1.9431e-01 1.5307e-04
1.9099e-01 1.5846e-04
1.9072e-01 1.5875e-04
1.8773e-01 1.7492e-04
1.8624e-01 1.7813e-04
1.8453e-01 1.8935e-04
1.8138e-01 1.9877e-04
1.8077e-01 1.9986e-04
1.7829e-01 2.1826e-04
1.7524e-01 2.2421e-04
1.7523e-01 2.2425e-04
1.7225e-01 2.5093e-04
1.7204e-01 2.5162e-04
1.6932e-01 2.8006e-04
1.6912e-01 2.8232e-04
1.6643e-01 3.1519e-04
1.6637e-01 3.1677e-04
1.6458e-01 3.5543e-04
1.6359e-01 3.7050e-04
1.6236e-01 3.9880e-04
1.6080e-01 4.2637e-04
1.6073e-01 4.4747e-04
1.5805e-01 5.0130e-04
1.5805e-01 5.0208e-04
1.5805e-01 5.6335e-04
1.5740e-01 6.3209e-04
1.5536e-01 6.9106e-04
1.5536e-01 7.0923e-04
1.5536e-01 7.9577e-04
1.5536e-01 8.9288e-04
1.5533e-01 1.0018e-03
1.5270e-01 1.1233e-03
1.5270e-01 1.1241e-03
1.5270e-01 1.2613e-03
1.5270e-01 1.4152e-03
1.5270e-01 1.5879e-03
1.5270e-01 1.7817e-03
1.5270e-01 1.9991e-03
1.5270e-01 2.2430e-03
1.5270e-01 2.5167e-03
1.5270e-01 2.8239e-03
1.5270e-01 3.1685e-03
1.5270e-01 3.5551e-03
1.5270e-01 3.9890e-03
1.5270e-01 4.4757e-03
1.5270e-01 5.0219e-03
1.5245e-01 5.6348e-03
1.5010e-01 6.2650e-03
1.4778e-01 5.6348e-03
1.4754e-01 5.0219e-03
1.4754e-01 4.4757e-03
1.4754e-01 3.9890e-03
1.4754e-01 3.5551e-03
1.4754e-01 3.1685e-03
1.4754e-01 2.8239e-03
1.4754e-01 2.5167e-03
1.4754e-01 2.2430e-03
1.4754e-01 1.9991e-03
1.4754e-01 1.7817e-03
1.4754e-01 1.5879e-03
1.4754e-01 1.4152e-03
1.4754e-01 1.4135e-03
1.4507e-01 1.2613e-03
1.4502e-01 1.1241e-03
1.4502e-01 1.0018e-03
1.4502e-01 8.9288e-04
1.4502e-01 7.9577e-04
1.4502e-01 7.0923e-04
1.4502e-01 6.3209e-04
1.4502e-01 5.6335e-04
1.4502e-01 5.0208e-04
1.4502e-01 5.0134e-04
1.4261e-01 4.4747e-04
1.4255e-01 3.9880e-04
1.4255e-01 3.5543e-04
1.4255e-01 3.1677e-04
1.4255e-01 2.8232e-04
1.4255e-01 2.5162e-04
1.4255e-01 2.5100e-04
1.4019e-01 2.2425e-04
1.4011e-01 1.9986e-04
1.4011e-01 1.7813e-04
1.4011e-01 1.5875e-04
1.4011e-01 1.4149e-04
1.4011e-01 1.3167e-04
1.3925e-01 1.2610e-04
1.3774e-01 1.1238e-04
1.3772e-01 1.0016e-04
1.3772e-01 8.9268e-05
1.3772e-01 7.9559e-05
1.3772e-01 7.0906e-05
1.3772e-01 6.3195e-05
1.3772e-01 5.6322e-05
1.3772e-01 5.6293e-05
1.3541e-01 5.0196e-05
1.3537e-01 4.4737e-05
1.3537e-01 3.9871e-05
1.3537e-01 3.5535e-05
1.3537e-01 3.1670e-05
1.3537e-01 2.8226e-05
1.3537e-01 2.5156e-05
1.3537e-01 2.2420e-05
1.3537e-01 1.9982e-05
1.3537e-01 1.7808e-05
1.3537e-01 1.5872e-05
1.3537e-01 1.4145e-05
1.3537e-01 1.2607e-05
1.3537e-01 1.1236e-05
1.3537e-01 1.0014e-05
1.3537e-01 8.9247e-06
1.3537e-01 7.9541e-06
1.3537e-01 7.0890e-06
1.3537e-01 7.0670e-06
1.3537e-01 7.0890e-06
1.3537e-01 7.9541e-06
1.3537e-01 8.9247e-06
1.3537e-01 1.0014e-05
1.3537e-01 1.1236e-05
1.3537e-01 1.2607e-05
1.3537e-01 1.4145e-05
1.3537e-01 1.5872e-05
1.3537e-01 1.7808e-05
1.3537e-01 1.9982e-05
1.3537e-01 2.2420e-05
1.3536e-01 2.5156e-05
1.3505e-01 2.8226e-05
1.3306e-01 3.1218e-05
1.3306e-01 3.1670e-05
1.3306e-01 3.5535e-05
1.3306e-01 3.9871e-05
1.3306e-01 4.4737e-05
1.3305e-01 5.0196e-05
1.3268e-01 5.6322e-05
1.3079e-01 6.2098e-05
1.3079e-01 6.3195e-05
1.3078e-01 7.0906e-05
1.3029e-01 7.9559e-05
1.2856e-01 8.7142e-05
1.2855e-01 8.9268e-05
1.2771e-01 1.0016e-04
1.2637e-01 1.0766e-04
1.2618e-01 1.1238e-04
1.2421e-01 1.2498e-04
1.2413e-01 1.2610e-04
1.2209e-01 1.4101e-04
1.2205e-01 1.4149e-04
1.2001e-01 1.5848e-04
1.1999e-01 1.5875e-04
1.1796e-01 1.7785e-04
1.1792e-01 1.7813e-04
1.1595e-01 1.9935e-04
1.1403e-01 1.9986e-04
1.1397e-01 2.0058e-04
1.1203e-01 2.2267e-04
1.1012e-01 2.2370e-04
1.0978e-01 2.2425e-04
1.0824e-01 2.4500e-04
1.0639e-01 2.5018e-04
1.0495e-01 2.5162e-04
1.0458e-01 2.5696e-04
1.0279e-01 2.7837e-04
1.0107e-01 2.8232e-04
1.0104e-01 2.8277e-04
9.9313e-02 3.1176e-04
9.7619e-02 3.1660e-04
9.7557e-02 3.1677e-04
9.5953e-02 3.4818e-04
9.4316e-02 3.5477e-04
9.3838e-02 3.5543e-04
9.2707e-02 3.8105e-04
9.1125e-02 3.9321e-04
8.9570e-02 3.9668e-04
8.8042e-02 3.9828e-04
8.7860e-02 3.9880e-04
8.6540e-02 4.3456e-04
8.5632e-02 4.4747e-04
8.5063e-02 4.6690e-04
8.3612e-02 4.9888e-04
8.3144e-02 5.0208e-04
8.2185e-02 5.3905e-04
8.0783e-02 5.5404e-04
7.9405e-02 5.5660e-04
7.8050e-02 5.5966e-04
7.7395e-02 5.6335e-04
7.6718e-02 5.9674e-04
7.5409e-02 6.2890e-04
7.4123e-02 6.3129e-04
7.3496e-02 6.3209e-04
7.2858e-02 6.6643e-04
7.1615e-02 6.9903e-04
7.0393e-02 7.0131e-04
6.9192e-02 7.0226e-04
6.8012e-02 7.0527e-04
6.6851e-02 7.0803e-04
6.5714e-02 7.0923e-04
6.5711e-02 7.0934e-04
6.4589e-02 7.6489e-04
6.3487e-02 7.8677e-04
6.2404e-02 7.9383e-04
6.1339e-02 7.9570e-04
6.1299e-02 7.9577e-04
6.0293e-02 8.6684e-04
5.9264e-02 8.8663e-04
5.8253e-02 8.9224e-04
5.8110e-02 8.9288e-04
5.7259e-02 9.5850e-04
5.6282e-02 9.8920e-04
5.5322e-02 9.9870e-04
5.4790e-02 1.0018e-03
5.4378e-02 1.0445e-03
5.3450e-02 1.1046e-03
5.2538e-02 1.1203e-03
5.2225e-02 1.1241e-03
5.1642e-02 1.2039e-03
5.0761e-02 1.2577e-03
5.0650e-02 1.2613e-03
4.9895e-02 1.3843e-03
4.9043e-02 1.4098e-03
4.8207e-02 1.4138e-03
4.7726e-02 1.4152e-03
4.7384e-02 1.4334e-03
4.6576e-02 1.4815e-03
4.5781e-02 1.5431e-03
4.5000e-02 1.5776e-03
4.4659e-02 1.5879e-03
4.4232e-02 1.6659e-03
4.3477e-02 1.6916e-03
4.2736e-02 1.7027e-03
4.2006e-02 1.7158e-03
4.1290e-02 1.7552e-03
4.0669e-02 1.7817e-03
4.0585e-02 1.7999e-03
3.9893e-02 1.9409e-03
3.9212e-02 1.9862e-03
3.8714e-02 1.9991e-03
3.8543e-02 2.0382e-03
3.7885e-02 2.1264e-03
3.7239e-02 2.1827e-03
3.6604e-02 2.2150e-03
3.5979e-02 2.2348e-03
3.5365e-02 2.2424e-03
3.5318e-02 2.2430e-03
3.4762e-02 2.3916e-03
3.4169e-02 2.4686e-03
3.3586e-02 2.5000e-03
3.3013e-02 2.5159e-03
3.2981e-02 2.5167e-03
3.2449e-02 2.6634e-03
3.1896e-02 2.7529e-03
3.1352e-02 2.7975e-03
3.0817e-02 2.8166e-03
3.0532e-02 2.8239e-03
3.0291e-02 2.9047e-03
2.9774e-02 3.0315e-03
2.9266e-02 3.0987e-03
2.8767e-02 3.1417e-03
2.8276e-02 3.1624e-03
2.7937e-02 3.1685e-03
2.7794e-02 3.2251e-03
2.7319e-02 3.3803e-03
2.6853e-02 3.4771e-03
2.6395e-02 3.5265e-03
2.5945e-02 3.5469e-03
2.5502e-02 3.5551e-03
2.5500e-02 3.5551e-03
2.5067e-02 3.8297e-03
2.4639e-02 3.9258e-03
2.4219e-02 3.9665e-03
2.3806e-02 3.9846e-03
2.3657e-02 3.9890e-03
2.3399e-02 4.1638e-03
2.3000e-02 4.3371e-03
2.2608e-02 4.4180e-03
2.2222e-02 4.4552e-03
2.1843e-02 4.4706e-03
2.1671e-02 4.4757e-03
2.1470e-02 4.6161e-03
2.1104e-02 4.8195e-03
2.0744e-02 4.9186e-03
2.0390e-02 4.9753e-03
2.0042e-02 5.0003e-03
1.9700e-02 5.0148e-03
1.9532e-02 5.0219e-03
1.9364e-02 5.2164e-03
1.9034e-02 5.4772e-03
1.8709e-02 5.5708e-03
1.8390e-02 5.6076e-03
1.8076e-02 5.6279e-03
1.7964e-02 5.6348e-03
1.7767e-02 5.9096e-03
1.7464e-02 6.1492e-03
1.7166e-02 6.2222e-03
1.6873e-02 6.2664e-03
1.6585e-02 6.2952e-03
1.6303e-02 6.3146e-03
1.6161e-02 6.3224e-03
1.6024e-02 6.5076e-03
1.5751e-02 6.7551e-03
1.5482e-02 6.9157e-03
1.5218e-02 7.0077e-03
1.4958e-02 7.0594e-03
1.4703e-02 7.0838e-03
1.4525e-02 7.0939e-03
1.4452e-02 7.2184e-03
1.4206e-02 7.5941e-03
1.3963e-02 7.7922e-03
1.3725e-02 7.8927e-03
1.3491e-02 7.9375e-03
1.3261e-02 7.9565e-03
1.3220e-02 7.9596e-03
1.3035e-02 8.4419e-03
1.2812e-02 8.7491e-03
1.2594e-02 8.8692e-03
1.2379e-02 8.9119e-03
1.2167e-02 8.9284e-03
1.2140e-02 8.9309e-03
1.1960e-02 9.5071e-03
1.1756e-02 9.8137e-03
1.1555e-02 9.9388e-03
1.1358e-02 9.9884e-03
1.1164e-02 1.0010e-02
1.1049e-02 1.0021e-02
1.0974e-02 1.0301e-02
1.0787e-02 1.0858e-02
1.0603e-02 1.1091e-02
1.0422e-02 1.1169e-02
1.0244e-02 1.1213e-02
1.0069e-02 1.1239e-02
1.0037e-02 1.1244e-02
9.8972e-03 1.1939e-02
9.7284e-03 1.2325e-02
9.5624e-03 1.2477e-02
9.3992e-03 1.2556e-02
9.2389e-03 1.2599e-02
9.1537e-03 1.2616e-02
9.0812e-03 1.3074e-02
8.9263e-03 1.3634e-02
8.7740e-03 1.3914e-02
8.6243e-03 1.4053e-02
8.4771e-03 1.4122e-02
8.3325e-03 1.4153e-02
8.3211e-03 1.4155e-02
8.1903e-03 1.5049e-02
8.0506e-03 1.5530e-02
7.9132e-03 1.5743e-02
7.7782e-03 1.5838e-02
7.6455e-03 1.5875e-02
7.6038e-03 1.5883e-02
7.5151e-03 1.6660e-02
7.3868e-03 1.7364e-02
7.2608e-03 1.7652e-02
7.1369e-03 1.7768e-02
7.0151e-03 1.7811e-02
6.9707e-03 1.7821e-02
6.8955e-03 1.8669e-02
6.7778e-03 1.9500e-02
6.6622e-03 1.9821e-02
6.5485e-03 1.9940e-02
6.4368e-03 1.9985e-02
6.3946e-03 1.9995e-02
6.3269e-03 2.0942e-02
6.2190e-03 2.1887e-02
6.1129e-03 2.2239e-02
6.0086e-03 2.2368e-02
5.9061e-03 2.2408e-02
5.8053e-03 2.2433e-02
5.7826e-03 2.2435e-02
5.7062e-03 2.2942e-02
5.6301e-03 2.2435e-02
5.7062e-03 2.1975e-02
5.7075e-03 1.9995e-02
5.7062e-03 1.9828e-02
5.6166e-03 1.7821e-02
5.6709e-03 1.5883e-02
5.6971e-03 1.4155e-02
5.6089e-03 1.2616e-02
5.6089e-03 1.2571e-02
5.5132e-03 1.2616e-02
5.4191e-03 1.1244e-02
5.5132e-03 1.0021e-02
5.6089e-03 1.0069e-02
5.6095e-03 1.0021e-02
5.7062e-03 8.9381e-03
5.7062e-03 8.9309e-03
5.7062e-03 7.9596e-03
5.7062e-03 7.0939e-03
5.7062e-03 6.3224e-03
5.7062e-03 5.6348e-03
5.7062e-03 5.0219e-03
5.7062e-03 4.4757e-03
5.7062e-03 3.9890e-03
5.7062e-03 3.5551e-03
5.7062e-03 3.1685e-03
5.7062e-03 2.8239e-03
5.7062e-03 2.5167e-03
5.7062e-03 2.2430e-03
5.7062e-03 1.9991e-03
5.7062e-03 1.7817e-03
5.7062e-03 1.5879e-03
5.7062e-03 1.4152e-03
5.7062e-03 1.2613e-03
5.7062e-03 1.1241e-03
5.7062e-03 1.0018e-03
5.7062e-03 8.9288e-04
5.7062e-03 7.9577e-04
5.7062e-03 7.0923e-04
5.7062e-03 6.3209e-04
5.7062e-03 6.3196e-04
5.6091e-03 5.6335e-04
5.7062e-03 5.0220e-04
5.7062e-03 5.0208e-04
5.7062e-03 4.4747e-04
5.7063e-03 3.9880e-04
5.7063e-03 3.5543e-04
5.7065e-03 3.1677e-04
5.7065e-03 2.8232e-04
5.7068e-03 2.5162e-04
5.7073e-03 2.2425e-04
5.7082e-03 1.9986e-04
5.7088e-03 1.7813e-04
5.7094e-03 1.5875e-04
5.7104e-03 1.4149e-04
5.7131e-03 1.2610e-04
5.7198e-03 1.1238e-04
5.7388e-03 1.0016e-04
5.7545e-03 8.9268e-05
5.7678e-03 7.9559e-05
5.7733e-03 7.0906e-05
5.8053e-03 6.5749e-05
5.8362e-03 6.3195e-05
5.9061e-03 5.7884e-05
5.9213e-03 5.6322e-05
5.9949e-03 5.0196e-05
6.0086e-03 4.9044e-05
6.0703e-03 4.4737e-05
6.1129e-03 4.2452e-05
6.1717e-03 3.9871e-05
6.2190e-03 3.7974e-05
6.2960e-03 3.5535e-05
6.3269e-03 3.4303e-05
6.4018e-03 3.1670e-05
6.4368e-03 3.0718e-05
6.5409e-03 2.8226e-05
6.5485e-03 2.8065e-05
6.6622e-03 2.5973e-05
6.7247e-03 2.5156e-05
6.7778e-03 2.4374e-05
6.8955e-03 2.2890e-05
6.9423e-03 2.2420e-05
7.0151e-03 2.1531e-05
7.1369e-03 2.0279e-05
7.1685e-03 1.9982e-05
7.2608e-03 1.9017e-05
7.3868e-03 1.8066e-05
7.4242e-03 1.7808e-05
7.5151e-03 1.7153e-05
7.6455e-03 1.6365e-05
7.7462e-03 1.5872e-05
7.7782e-03 1.5696e-05
7.9132e-03 1.5004e-05
8.0506e-03 1.4400e-05
8.1135e-03 1.4145e-05
8.1903e-03 1.3777e-05
8.3325e-03 1.3175e-05
8.4771e-03 1.2717e-05
8.5135e-03 1.2607e-05
8.6243e-03 1.2197e-05
8.7740e-03 1.1735e-05
8.9263e-03 1.1361e-05
8.9813e-03 1.1236e-05
9.0812e-03 1.0938e-05
9.2389e-03 1.0516e-05
9.3992e-03 1.0159e-05
9.4678e-03 1.0014e-05
9.5624e-03 9.7656e-06
9.7284e-03 9.4136e-06
9.8972e-03 9.1072e-06
1.0009e-02 8.9247e-06
1.0069e-02 8.8039e-06
1.0244e-02 8.4720e-06
1.0422e-02 8.1828e-06
1.0585e-02 7.9541e-06
1.0603e-02 7.9232e-06
1.0787e-02 7.6351e-06
1.0974e-02 7.3813e-06
1.1164e-02 7.1571e-06
1.1227e-02 7.0890e-06
1.1358e-02 6.9135e-06
1.1555e-02 6.6764e-06
1.1756e-02 6.4679e-06
1.1920e-02 6.3180e-06
1.1960e-02 6.2716e-06
1.2167e-02 6.0432e-06
1.2379e-02 5.8423e-06
1.2594e-02 5.6650e-06
1.2639e-02 5.6309e-06
1.2812e-02 5.4698e-06
1.3035e-02 5.2846e-06
1.3261e-02 5.1224e-06
1.3422e-02 5.0185e-06
1.3491e-02 4.9630e-06
1.3725e-02 4.7819e-06
1.3963e-02 4.6239e-06
1.4206e-02 4.4889e-06
1.4237e-02 4.4727e-06
1.4452e-02 4.3273e-06
1.4703e-02 4.1761e-06
1.4958e-02 4.0451e-06
1.5084e-02 3.9862e-06
1.5218e-02 3.9090e-06
1.5482e-02 3.7670e-06
1.5751e-02 3.6432e-06
1.5976e-02 3.5527e-06
1.6024e-02 3.5287e-06
1.6303e-02 3.3952e-06
1.6585e-02 3.2779e-06
1.6873e-02 3.1746e-06
1.6896e-02 3.1663e-06
1.7166e-02 3.0499e-06
1.7464e-02 2.9373e-06
1.7767e-02 2.8401e-06
1.7828e-02 2.8219e-06
1.8076e-02 2.7315e-06
1.8390e-02 2.6301e-06
1.8709e-02 2.5417e-06
1.8817e-02 2.5150e-06
1.9034e-02 2.4501e-06
1.9364e-02 2.3612e-06
1.9700e-02 2.2833e-06
1.9895e-02 2.2415e-06
2.0042e-02 2.2032e-06
2.0390e-02 2.1176e-06
2.0744e-02 2.0430e-06
2.0987e-02 1.9977e-06
2.1104e-02 1.9711e-06
2.1470e-02 1.8942e-06
2.1843e-02 1.8275e-06
2.2144e-02 1.7804e-06
2.2222e-02 1.7656e-06
2.2608e-02 1.6904e-06
2.3000e-02 1.6261e-06
2.3271e-02 1.5868e-06
2.3399e-02 1.5642e-06
2.3806e-02 1.5007e-06
2.4219e-02 1.4479e-06
2.4516e-02 1.4142e-06
2.4639e-02 1.3971e-06
2.5067e-02 1.3410e-06
2.5502e-02 1.2929e-06
2.5835e-02 1.2604e-06
2.5945e-02 1.2475e-06
2.6395e-02 1.1968e-06
2.6853e-02 1.1496e-06
2.7140e-02 1.1233e-06
2.7319e-02 1.1038e-06
2.7794e-02 1.0558e-06
2.8276e-02 1.0179e-06
2.8517e-02 1.0012e-06
2.8767e-02 9.8020e-07
2.9266e-02 9.4180e-07
2.9774e-02 9.0889e-07
3.0062e-02 8.9227e-07
3.0291e-02 8.7628e-07
3.0817e-02 8.4217e-07
3.1352e-02 8.1222e-07
3.1643e-02 7.9522e-07
3.1896e-02 7.7768e-07
3.2449e-02 7.4273e-07
3.3013e-02 7.1326e-07
3.3117e-02 7.0874e-07
3.3586e-02 6.8409e-07
3.4169e-02 6.5854e-07
3.4762e-02 6.3645e-07
3.4897e-02 6.3166e-07
3.5365e-02 6.1147e-07
3.5979e-02 5.8800e-07
3.6604e-02 5.6786e-07
3.6762e-02 5.6296e-07
3.7239e-02 5.4504e-07
3.7885e-02 5.2122e-07
3.8515e-02 5.0173e-07
3.8543e-02 5.0073e-07
3.9212e-02 4.7705e-07
3.9893e-02 4.5932e-07
4.0444e-02 4.4716e-07
4.0585e-02 4.4340e-07
4.1290e-02 4.2546e-07
4.2006e-02 4.0893e-07
4.2484e-02 3.9853e-07
4.2736e-02 3.9205e-07
4.3477e-02 3.7425e-07
4.4232e-02 3.5958e-07
4.4504e-02 3.5519e-07
4.5000e-02 3.4549e-07
4.5781e-02 3.3185e-07
4.6576e-02 3.2016e-07
4.6810e-02 3.1656e-07
4.7384e-02 3.0600e-07
4.8207e-02 2.9260e-07
4.8975e-02 2.8213e-07
4.9043e-02 2.8103e-07
4.9895e-02 2.6845e-07
5.0761e-02 2.5834e-07
5.1439e-02 2.5144e-07
5.1642e-02 2.4895e-07
5.2538e-02 2.3820e-07
5.3450e-02 2.2830e-07
5.3879e-02 2.2410e-07
5.4378e-02 2.1832e-07
5.5322e-02 2.0848e-07
5.6282e-02 2.0028e-07
5.6350e-02 1.9972e-07
5.7259e-02 1.9075e-07
5.8253e-02 1.8254e-07
5.8925e-02 1.7800e-07
5.9264e-02 1.7527e-07
6.0293e-02 1.6788e-07
6.1339e-02 1.6156e-07
6.1847e-02 1.5864e-07
6.2404e-02 1.5485e-07
6.3487e-02 1.4758e-07
6.4589e-02 1.4153e-07
6.4615e-02 1.4139e-07
6.5711e-02 1.3442e-07
6.6851e-02 1.2865e-07
6.7426e-02 1.2601e-07
6.8012e-02 1.2283e-07
6.9192e-02 1.1706e-07
7.0371e-02 1.1231e-07
7.0393e-02 1.1221e-07
7.1615e-02 1.0662e-07
7.2858e-02 1.0193e-07
7.3392e-02 1.0009e-07
7.4123e-02 9.7138e-08
7.5409e-02 9.2478e-08
7.6472e-02 8.9206e-08
7.6718e-02 8.8333e-08
7.8050e-02 8.3774e-08
7.9405e-02 8.0096e-08
7.9632e-02 7.9504e-08
8.0783e-02 7.6052e-08
8.2185e-02 7.2455e-08
8.2899e-02 7.0857e-08
8.3612e-02 6.8998e-08
8.5063e-02 6.5595e-08
8.6295e-02 6.3151e-08
8.6540e-02 6.2594e-08
8.8042e-02 5.9187e-08
8.9563e-02 5.6283e-08
8.9570e-02 5.6268e-08
9.1125e-02 5.2906e-08
9.2707e-02 5.0196e-08
9.2728e-02 5.0161e-08
9.4316e-02 4.7170e-08
9.5953e-02 4.4714e-08
9.5958e-02 4.4706e-08
9.7619e-02 4.1884e-08
9.9105e-02 3.9844e-08
9.9313e-02 3.9529e-08
1.0104e-01 3.6961e-08
1.0217e-01 3.5510e-08
1.0279e-01 3.4647e-08
1.0458e-01 3.2323e-08
1.0513e-01 3.1648e-08
1.0639e-01 3.0008e-08
1.0798e-01 2.8206e-08
1.0824e-01 2.7896e-08
1.1012e-01 2.5676e-08
1.1060e-01 2.5139e-08
1.1203e-01 2.3524e-08
1.1306e-01 2.2404e-08
1.1397e-01 2.1447e-08
1.1538e-01 1.9968e-08
1.1595e-01 1.9403e-08
1.1748e-01 1.7796e-08
1.1796e-01 1.7342e-08
1.1935e-01 1.5861e-08
1.2001e-01 1.5266e-08
1.2102e-01 1.4136e-08
1.2209e-01 1.3192e-08
1.2258e-01 1.2598e-08
1.2412e-01 1.1228e-08
1.2421e-01 1.1156e-08
1.2511e-01 1.0007e-08
1.2637e-01 9.0279e-09
1.2643e-01 8.9186e-09
1.2711e-01 7.9486e-09
1.2818e-01 7.0841e-09
1.2856e-01 6.8417e-09
1.2879e-01 6.3136e-09
1.2924e-01 5.6270e-09
1.2997e-01 5.0150e-09
1.3079e-01 4.5804e-09
1.3080e-01 4.4696e-09
1.3088e-01 3.9835e-09
1.3101e-01 3.5502e-09
1.3121e-01 3.1641e-09
1.3152e-01 2.8200e-09
1.3201e-01 2.5133e-09
1.3280e-01 2.2399e-09
1.3306e-01 2.1689e-09
1.3306e-01 1.9963e-09
1.3307e-01 1.7792e-09
1.3307e-01 1.5857e-09
1.3308e-01 1.4132e-09
1.3310e-01 1.2595e-09
1.3313e-01 1.1225e-09
1.3317e-01 1.0005e-09
1.3323e-01 8.9165e-10
1.3333e-01 7.9468e-10
1.3350e-01 7.0825e-10
1.3376e-01 6.3122e-10
1.3417e-01 5.6257e-10
1.3482e-01 5.0138e-10
1.3537e-01 4.6641e-10
1.3593e-01 5.0138e-10
1.3659e-01 5.6257e-10
1.3701e-01 6.3122e-10
1.3727e-01 7.0825e-10
1.3744e-01 7.9468e-10
1.3754e-01 8.9165e-10
1.3761e-01 1.0005e-09
1.3765e-01 1.1225e-09
1.3768e-01 1.2595e-09
1.3769e-01 1.4132e-09
1.3770e-01 1.5857e-09
1.3771e-01 1.7792e-09
1.3771e-01 1.9963e-09
1.3772e-01 2.2399e-09
1.3772e-01 2.5133e-09
1.3772e-01 2.8200e-09
1.3772e-01 3.1641e-09
1.3772e-01 3.4500e-09
1.3796e-01 3.5502e-09
1.3881e-01 3.9835e-09
1.3934e-01 4.4696e-09
1.3968e-01 5.0150e-09
1.3990e-01 5.6270e-09
1.4003e-01 6.3136e-09
1.4011e-01 7.0394e-09
1.4017e-01 7.0841e-09
1.4119e-01 7.9486e-09
1.4182e-01 8.9186e-09
1.4223e-01 1.0007e-08
1.4248e-01 1.1228e-08
1.4255e-01 1.1658e-08
1.4329e-01 1.2598e-08
1.4409e-01 1.4136e-08
1.4460e-01 1.5861e-08
1.4491e-01 1.7796e-08
1.4502e-01 1.8696e-08
1.4562e-01 1.9968e-08
1.4642e-01 2.2404e-08
1.4692e-01 2.5139e-08
1.4724e-01 2.8206e-08
1.4744e-01 3.1648e-08
1.4754e-01 3.4194e-08
1.4788e-01 3.5510e-08
1.4874e-01 3.9844e-08
1.4929e-01 4.4706e-08
1.4963e-01 5.0161e-08
1.4985e-01 5.6283e-08
1.4998e-01 6.3151e-08
1.5007e-01 7.0857e-08
1.5010e-01 7.4668e-08
1.5014e-01 7.0857e-08
1.5025e-01 6.3151e-08
1.5042e-01 5.6283e-08
1.5070e-01 5.0161e-08
1.5113e-01 4.4706e-08
1.5182e-01 3.9844e-08
1.5270e-01 3.6085e-08
1.5288e-01 3.5510e-08
1.5433e-01 3.1648e-08
1.5536e-01 2.9698e-08
1.5684e-01 2.8206e-08
1.5805e-01 2.7033e-08
1.6080e-01 2.5627e-08
1.6246e-01 2.5139e-08
1.6359e-01 2.4738e-08
1.6643e-01 2.4053e-08
1.6932e-01 2.3618e-08
1.7225e-01 2.3309e-08
1.7524e-01 2.3046e-08
1.7829e-01 2.2807e-08
1.8138e-01 2.2603e-08
1.8453e-01 2.2422e-08
1.8491e-01 2.2404e-08
1.8773e-01 2.2219e-08
1.9099e-01 2.2016e-08
1.9431e-01 2.1817e-08
1.9768e-01 2.1643e-08
2.0111e-01 2.1467e-08
2.0460e-01 2.1288e-08
2.0815e-01 2.1120e-08
2.1177e-01 2.0960e-08
2.1544e-01 2.0800e-08
2.1918e-01 2.0628e-08
2.2299e-01 2.0432e-08
2.2686e-01 2.0245e-08
2.3079e-01 2.0068e-08
2.3364e-01 1.9968e-08
2.3480e-01 1.9913e-08
2.3888e-01 1.9697e-08
2.4302e-01 1.9474e-08
2.4724e-01 1.9269e-08
2.5153e-01 1.9072e-08
2.5590e-01 1.8880e-08
2.6034e-01 1.8682e-08
2.6486e-01 1.8474e-08
2.6946e-01 1.8268e-08
2.7413e-01 1.8066e-08
2.7889e-01 1.7878e-08
2.8097e-01 1.7796e-08
2.8373e-01 1.7649e-08
2.8866e-01 1.7389e-08
2.9367e-01 1.7146e-08
2.9877e-01 1.6915e-08
3.0395e-01 1.6687e-08
3.0923e-01 1.6465e-08
3.1460e-01 1.6243e-08
3.2006e-01 1.6017e-08
3.2379e-01 1.5861e-08
3.2561e-01 1.5760e-08
3.3126e-01 1.5453e-08
3.3701e-01 1.5145e-08
3.4286e-01 1.4834e-08
3.4882e-01 1.4534e-08
3.5487e-01 1.4236e-08
3.5681e-01 1.4136e-08
3.6103e-01 1.3858e-08
3.6730e-01 1.3445e-08
3.7367e-01 1.3043e-08
3.8016e-01 1.2655e-08
3.8107e-01 1.2598e-08
3.8676e-01 1.2163e-08
3.9347e-01 1.1693e-08
4.0030e-01 1.1256e-08
4.0069e-01 1.1228e-08
4.0725e-01 1.0691e-08
4.1432e-01 1.0167e-08
4.1645e-01 1.0007e-08
4.2151e-01 9.5761e-09
4.2883e-01 9.0121e-09
4.3002e-01 8.9186e-09
4.3627e-01 8.3884e-09
4.4200e-01 7.9486e-09
4.4384e-01 7.8004e-09
4.5155e-01 7.1806e-09
4.5269e-01 7.0841e-09
4.5939e-01 6.5326e-09
4.6197e-01 6.3136e-09
4.6736e-01 5.8860e-09
4.7041e-01 5.6270e-09
4.7547e-01 5.2424e-09
4.7809e-01 5.0150e-09
4.8373e-01 4.6032e-09
4.8522e-01 4.4696e-09
4.9212e-01 3.9868e-09
4.9215e-01 3.9835e-09
4.9717e-01 3.5502e-09
5.0067e-01 3.3363e-09
5.0239e-01 3.1641e-09
5.0725e-01 2.8200e-09
5.0936e-01 2.7055e-09
5.1107e-01 2.5133e-09
5.1478e-01 2.2399e-09
5.1820e-01 2.0724e-09
5.1870e-01 1.9963e-09
5.2058e-01 1.7792e-09
5.2355e-01 1.5857e-09
5.2719e-01 1.4402e-09
5.2728e-01 1.4132e-09
5.2790e-01 1.2595e-09
5.2888e-01 1.1225e-09
5.3042e-01 1.0005e-09
5.3286e-01 8.9165e-10
5.3634e-01 8.0141e-10
5.3634e-01 7.9468e-10
5.3635e-01 7.0825e-10
5.3636e-01 6.3122e-10
5.3638e-01 5.6257e-10
5.3641e-01 5.0138e-10
5.3646e-01 4.4685e-10
5.3653e-01 3.9825e-10
5.3666e-01 3.5494e-10
5.3685e-01 3.1634e-10
5.3715e-01 2.8193e-10
5.3764e-01 2.5127e-10
5.3840e-01 2.2394e-10
5.3962e-01 1.9959e-10
5.4155e-01 1.7788e-10
5.4460e-01 1.5853e-10
5.4565e-01 1.5327e-10
9.6284e-01 2.6661e-10
9.6593e-01 2.8193e-10
9.7082e-01 3.1634e-10
9.7402e-01 3.5494e-10
9.7608e-01 3.9825e-10
9.7734e-01 4.4685e-10
9.7816e-01 5.0138e-10
9.7868e-01 5.6257e-10
9.7902e-01 6.3122e-10
9.7923e-01 7.0825e-10
9.7936e-01 7.9468e-10
9.7946e-01 8.9165e-10
9.7952e-01 1.0005e-09
9.7955e-01 1.0998e-09
9.8083e-01 1.1225e-09
9.8720e-01 1.2595e-09
9.9139e-01 1.4132e-09
9.9408e-01 1.5857e-09
9.9588e-01 1.7792e-09
9.9655e-01 1.8781e-09
1.0011e+00 1.9963e-09
1.0076e+00 2.2399e-09
1.0120e+00 2.5133e-09
1.0139e+00 2.6811e-09
1.0182e+00 2.8200e-09
1.0258e+00 3.1641e-09
1.0311e+00 3.5502e-09
1.0315e+00 3.5881e-09
1.0390e+00 3.9835e-09
1.0445e+00 4.4696e-09
1.0480e+00 5.0150e-09
1.0494e+00 5.3858e-09
1.0512e+00 5.6270e-09
1.0545e+00 6.3136e-09
1.0559e+00 7.0841e-09
1.0561e+00 7.9486e-09
1.0550e+00 8.9186e-09
1.0522e+00 1.0007e-08
1.0494e+00 1.0856e-08
1.0489e+00 1.1228e-08
1.0468e+00 1.2598e-08
1.0435e+00 1.4136e-08
1.0385e+00 1.5861e-08
1.0315e+00 1.7637e-08
1.0311e+00 1.7796e-08
1.0245e+00 1.9968e-08
1.0139e+00 2.2188e-08
1.0134e+00 2.2404e-08
1.0064e+00 2.5139e-08
9.9655e-01 2.7460e-08
9.9007e-01 2.8206e-08
9.7955e-01 2.9646e-08
9.7146e-01 2.8206e-08
9.6284e-01 2.7735e-08
9.5233e-01 2.5139e-08
9.4798e-01 2.2404e-08
9.4693e-01 1.9968e-08
9.4664e-01 1.7796e-08
9.4652e-01 1.5861e-08
9.4646e-01 1.4136e-08
9.4644e-01 1.2598e-08
9.4643e-01 1.1228e-08
9.4642e-01 1.0007e-08
9.4642e-01 8.9186e-09
9.4642e-01 7.9486e-09
9.4642e-01 7.0841e-09
9.4642e-01 6.3136e-09
9.4642e-01 5.6270e-09
9.4641e-01 5.0150e-09
9.4641e-01 4.4696e-09
9.4642e-01 3.9835e-09
9.4642e-01 3.5502e-09
9.4642e-01 3.1641e-09
9.4642e-01 2.8200e-09
9.4642e-01 2.5133e-09
9.4642e-01 2.2399e-09
9.4642e-01 1.9963e-09
9.4643e-01 1.7792e-09
9.4644e-01 1.5857e-09
9.4645e-01 1.4132e-09
9.4646e-01 1.2595e-09
9.4649e-01 1.1225e-09
9.4652e-01 1.0005e-09
9.4658e-01 8.9165e-10
9.4667e-01 7.9468e-10
9.4680e-01 7.0825e-10
9.4700e-01 6.3122e-10
9.4733e-01 5.6257e-10
9.4784e-01 5.0138e-10
9.4864e-01 4.4685e-10
9.4988e-01 3.9825e-10
9.5189e-01 3.5494e-10
9.5502e-01 3.1634e-10
9.5981e-01 2.8193e-10
9.6284e-01 2.6661e-10
5.5132e-03 1.4291e-02
5.6018e-03 1.5883e-02
5.5132e-03 1.7669e-02
5.4265e-03 1.5883e-02
5.5132e-03 1.4291e-02
