1.0000e-02 2.1416e-05
1.0096e-02 2.1009e-05
1.0193e-02 2.0628e-05
1.0290e-02 2.0274e-05
1.0377e-02 1.9982e-05
1.0389e-02 1.9930e-05
1.0488e-02 1.9509e-05
1.0589e-02 1.9118e-05
1.0690e-02 1.8806e-05
1.0793e-02 1.8509e-05
1.0896e-02 1.8230e-05
1.1000e-02 1.7968e-05
1.1069e-02 1.7808e-05
1.1106e-02 1.7696e-05
1.1212e-02 1.7382e-05
1.1319e-02 1.7080e-05
1.1428e-02 1.6795e-05
1.1537e-02 1.6529e-05
1.1648e-02 1.6278e-05
1.1759e-02 1.6043e-05
1.1846e-02 1.5872e-05
1.1872e-02 1.5806e-05
1.1986e-02 1.5595e-05
1.2101e-02 1.5393e-05
1.2217e-02 1.5199e-05
1.2334e-02 1.5013e-05
1.2452e-02 1.4837e-05
1.2571e-02 1.4667e-05
1.2691e-02 1.4464e-05
1.2813e-02 1.4274e-05
1.2900e-02 1.4145e-05
1.2936e-02 1.4072e-05
1.3060e-02 1.3830e-05
1.3185e-02 1.3603e-05
1.3311e-02 1.3391e-05
1.3439e-02 1.3192e-05
1.3567e-02 1.3005e-05
1.3697e-02 1.2830e-05
1.3829e-02 1.2667e-05
1.3878e-02 1.2607e-05
1.3961e-02 1.2469e-05
1.4095e-02 1.2257e-05
1.4230e-02 1.2060e-05
1.4366e-02 1.1876e-05
1.4504e-02 1.1702e-05
1.4643e-02 1.1539e-05
1.4783e-02 1.1384e-05
1.4924e-02 1.1236e-05
1.4925e-02 1.1235e-05
1.5068e-02 1.1054e-05
1.5212e-02 1.0883e-05
1.5358e-02 1.0721e-05
1.5505e-02 1.0568e-05
1.5653e-02 1.0421e-05
1.5803e-02 1.0283e-05
1.5955e-02 1.0163e-05
1.6107e-02 1.0050e-05
1.6158e-02 1.0014e-05
1.6262e-02 9.9164e-06
1.6417e-02 9.7739e-06
1.6575e-02 9.6370e-06
1.6734e-02 9.5097e-06
1.6894e-02 9.4096e-06
1.7056e-02 9.3139e-06
1.7219e-02 9.2222e-06
1.7384e-02 9.1340e-06
1.7550e-02 9.0489e-06
1.7719e-02 8.9653e-06
1.7792e-02 8.9247e-06
1.7888e-02 8.8525e-06
1.8060e-02 8.7287e-06
1.8233e-02 8.6105e-06
1.8407e-02 8.4979e-06
1.8584e-02 8.3907e-06
1.8762e-02 8.2880e-06
1.8941e-02 8.1858e-06
1.9123e-02 8.0886e-06
1.9306e-02 7.9965e-06
1.9393e-02 7.9541e-06
1.9491e-02 7.8900e-06
1.9678e-02 7.7721e-06
1.9866e-02 7.6613e-06
2.0057e-02 7.5606e-06
2.0249e-02 7.4651e-06
2.0443e-02 7.3740e-06
2.0638e-02 7.2873e-06
2.0836e-02 7.2047e-06
2.1036e-02 7.1272e-06
2.1144e-02 7.0890e-06
2.1237e-02 7.0446e-06
2.1441e-02 6.9506e-06
2.1646e-02 6.8611e-06
2.1853e-02 6.7756e-06
2.2063e-02 6.6939e-06
2.2274e-02 6.6186e-06
2.2488e-02 6.5582e-06
2.2703e-02 6.5002e-06
2.2920e-02 6.4440e-06
2.3140e-02 6.3901e-06
2.3362e-02 6.3387e-06
2.3448e-02 6.3180e-06
2.3585e-02 6.2735e-06
2.3811e-02 6.1869e-06
2.4040e-02 6.1037e-06
2.4270e-02 6.0240e-06
2.4502e-02 5.9476e-06
2.4737e-02 5.8748e-06
2.4974e-02 5.8067e-06
2.5213e-02 5.7441e-06
2.5455e-02 5.6841e-06
2.5680e-02 5.6309e-06
2.5699e-02 5.6250e-06
2.5945e-02 5.5484e-06
2.6193e-02 5.4755e-06
2.6444e-02 5.4091e-06
2.6698e-02 5.3556e-06
2.6953e-02 5.3039e-06
2.7211e-02 5.2537e-06
2.7472e-02 5.2051e-06
2.7735e-02 5.1581e-06
2.8001e-02 5.1106e-06
2.8269e-02 5.0591e-06
2.8491e-02 5.0185e-06
2.8540e-02 5.0064e-06
2.8813e-02 4.9396e-06
2.9089e-02 4.8755e-06
2.9368e-02 4.8141e-06
2.9649e-02 4.7560e-06
2.9933e-02 4.7024e-06
3.0220e-02 4.6512e-06
3.0510e-02 4.6023e-06
3.0802e-02 4.5557e-06
3.1097e-02 4.5111e-06
3.1370e-02 4.4727e-06
3.1395e-02 4.4679e-06
3.1696e-02 4.4157e-06
3.1999e-02 4.3656e-06
3.2306e-02 4.3174e-06
3.2615e-02 4.2711e-06
3.2928e-02 4.2264e-06
3.3243e-02 4.1820e-06
3.3562e-02 4.1364e-06
3.3883e-02 4.0927e-06
3.4208e-02 4.0509e-06
3.4535e-02 4.0109e-06
3.4745e-02 3.9862e-06
3.4866e-02 3.9670e-06
3.5200e-02 3.9143e-06
3.5537e-02 3.8620e-06
3.5878e-02 3.8120e-06
3.6222e-02 3.7642e-06
3.6569e-02 3.7185e-06
3.6919e-02 3.6749e-06
3.7273e-02 3.6363e-06
3.7630e-02 3.6055e-06
3.7990e-02 3.5757e-06
3.8281e-02 3.5527e-06
3.8354e-02 3.5448e-06
3.8721e-02 3.5060e-06
3.9092e-02 3.4684e-06
3.9467e-02 3.4292e-06
3.9845e-02 3.3855e-06
4.0227e-02 3.3437e-06
4.0612e-02 3.3038e-06
4.1001e-02 3.2657e-06
4.1394e-02 3.2295e-06
4.1790e-02 3.1967e-06
4.2191e-02 3.1688e-06
4.2227e-02 3.1663e-06
4.2595e-02 3.1320e-06
4.3003e-02 3.0955e-06
4.3415e-02 3.0603e-06
4.3831e-02 3.0264e-06
4.4250e-02 2.9920e-06
4.4674e-02 2.9562e-06
4.5102e-02 2.9221e-06
4.5534e-02 2.8895e-06
4.5971e-02 2.8583e-06
4.6411e-02 2.8285e-06
4.6515e-02 2.8219e-06
4.6856e-02 2.7926e-06
4.7304e-02 2.7581e-06
4.7758e-02 2.7248e-06
4.8215e-02 2.6928e-06
4.8677e-02 2.6621e-06
4.9143e-02 2.6327e-06
4.9614e-02 2.6037e-06
5.0089e-02 2.5748e-06
5.0569e-02 2.5471e-06
5.1053e-02 2.5204e-06
5.1154e-02 2.5150e-06
5.1543e-02 2.4870e-06
5.2036e-02 2.4532e-06
5.2535e-02 2.4227e-06
5.3038e-02 2.3955e-06
5.3546e-02 2.3693e-06
5.4059e-02 2.3440e-06
5.4577e-02 2.3197e-06
5.5100e-02 2.2964e-06
5.5628e-02 2.2739e-06
5.6160e-02 2.2521e-06
5.6425e-02 2.2415e-06
5.6698e-02 2.2268e-06
5.7242e-02 2.1982e-06
5.7790e-02 2.1708e-06
5.8343e-02 2.1445e-06
5.8902e-02 2.1187e-06
5.9467e-02 2.0933e-06
6.0036e-02 2.0689e-06
6.0611e-02 2.0456e-06
6.1192e-02 2.0234e-06
6.1778e-02 2.0023e-06
6.1910e-02 1.9977e-06
6.2370e-02 1.9758e-06
6.2967e-02 1.9496e-06
6.3571e-02 1.9247e-06
6.4180e-02 1.9010e-06
6.4794e-02 1.8782e-06
6.5415e-02 1.8564e-06
6.6042e-02 1.8360e-06
6.6674e-02 1.8170e-06
6.7313e-02 1.7988e-06
6.7958e-02 1.7813e-06
6.7991e-02 1.7804e-06
6.8609e-02 1.7581e-06
6.9266e-02 1.7355e-06
6.9930e-02 1.7138e-06
7.0600e-02 1.6931e-06
7.1276e-02 1.6732e-06
7.1959e-02 1.6542e-06
7.2648e-02 1.6360e-06
7.3344e-02 1.6186e-06
7.4047e-02 1.6020e-06
7.4723e-02 1.5868e-06
7.4756e-02 1.5858e-06
7.5472e-02 1.5644e-06
7.6195e-02 1.5439e-06
7.6925e-02 1.5243e-06
7.7662e-02 1.5055e-06
7.8406e-02 1.4880e-06
7.9157e-02 1.4716e-06
7.9915e-02 1.4558e-06
8.0681e-02 1.4407e-06
8.1454e-02 1.4263e-06
8.2126e-02 1.4142e-06
8.2234e-02 1.4116e-06
8.3022e-02 1.3926e-06
8.3817e-02 1.3741e-06
8.4620e-02 1.3566e-06
8.5430e-02 1.3398e-06
8.6249e-02 1.3238e-06
8.7075e-02 1.3085e-06
8.7909e-02 1.2946e-06
8.8751e-02 1.2819e-06
8.9601e-02 1.2697e-06
9.0282e-02 1.2604e-06
9.0460e-02 1.2571e-06
9.1326e-02 1.2411e-06
9.2201e-02 1.2257e-06
9.3084e-02 1.2105e-06
9.3976e-02 1.1956e-06
9.4876e-02 1.1815e-06
9.5785e-02 1.1681e-06
9.6703e-02 1.1552e-06
9.7629e-02 1.1428e-06
9.8564e-02 1.1313e-06
9.9273e-02 1.1233e-06
9.9509e-02 1.1197e-06
1.0046e-01 1.1054e-06
1.0142e-01 1.0916e-06
1.0240e-01 1.0784e-06
1.0338e-01 1.0658e-06
1.0437e-01 1.0536e-06
1.0537e-01 1.0419e-06
1.0638e-01 1.0308e-06
1.0740e-01 1.0201e-06
1.0842e-01 1.0099e-06
1.0934e-01 1.0012e-06
1.0946e-01 9.9969e-07
1.1051e-01 9.8668e-07
1.1157e-01 9.7436e-07
1.1264e-01 9.6258e-07
1.1372e-01 9.5131e-07
1.1481e-01 9.4053e-07
1.1591e-01 9.3019e-07
1.1702e-01 9.2049e-07
1.1814e-01 9.1134e-07
1.1927e-01 9.0259e-07
1.2041e-01 8.9419e-07
1.2068e-01 8.9227e-07
1.2157e-01 8.8364e-07
1.2273e-01 8.7279e-07
1.2391e-01 8.6239e-07
1.2509e-01 8.5243e-07
1.2629e-01 8.4289e-07
1.2750e-01 8.3374e-07
1.2872e-01 8.2498e-07
1.2996e-01 8.1659e-07
1.3120e-01 8.0867e-07
1.3246e-01 8.0115e-07
1.3349e-01 7.9522e-07
1.3373e-01 7.9339e-07
1.3501e-01 7.8362e-07
1.3630e-01 7.7424e-07
1.3761e-01 7.6525e-07
1.3892e-01 7.5651e-07
1.4026e-01 7.4808e-07
1.4160e-01 7.4001e-07
1.4296e-01 7.3227e-07
1.4432e-01 7.2486e-07
1.4571e-01 7.1773e-07
1.4710e-01 7.1110e-07
1.4762e-01 7.0874e-07
1.4851e-01 7.0330e-07
1.4993e-01 6.9494e-07
1.5137e-01 6.8694e-07
1.5282e-01 6.7925e-07
1.5428e-01 6.7185e-07
1.5576e-01 6.6481e-07
1.5725e-01 6.5809e-07
1.5876e-01 6.5165e-07
1.6028e-01 6.4547e-07
1.6182e-01 6.3956e-07
1.6337e-01 6.3388e-07
1.6399e-01 6.3166e-07
1.6493e-01 6.2707e-07
1.6651e-01 6.1966e-07
1.6811e-01 6.1255e-07
1.6972e-01 6.0575e-07
1.7134e-01 5.9922e-07
1.7299e-01 5.9295e-07
1.7464e-01 5.8689e-07
1.7632e-01 5.8105e-07
1.7800e-01 5.7545e-07
1.7971e-01 5.7008e-07
1.8143e-01 5.6493e-07
1.8210e-01 5.6296e-07
1.8317e-01 5.5875e-07
1.8492e-01 5.5221e-07
1.8670e-01 5.4600e-07
1.8848e-01 5.4002e-07
1.9029e-01 5.3429e-07
1.9211e-01 5.2877e-07
1.9395e-01 5.2348e-07
1.9581e-01 5.1846e-07
1.9769e-01 5.1367e-07
1.9958e-01 5.0906e-07
2.0149e-01 5.0463e-07
2.0278e-01 5.0173e-07
2.0342e-01 4.9980e-07
2.0537e-01 4.9403e-07
2.0734e-01 4.8853e-07
2.0932e-01 4.8328e-07
2.1133e-01 4.7824e-07
2.1335e-01 4.7338e-07
2.1540e-01 4.6871e-07
2.1746e-01 4.6421e-07
2.1954e-01 4.5991e-07
2.2165e-01 4.5578e-07
2.2377e-01 4.5182e-07
2.2591e-01 4.4801e-07
2.2640e-01 4.4716e-07
2.2808e-01 4.4317e-07
2.3026e-01 4.3817e-07
2.3247e-01 4.3330e-07
2.3470e-01 4.2859e-07
2.3694e-01 4.2408e-07
2.3921e-01 4.1974e-07
2.4151e-01 4.1557e-07
2.4382e-01 4.1155e-07
2.4615e-01 4.0780e-07
2.4851e-01 4.0423e-07
2.5089e-01 4.0080e-07
2.5253e-01 3.9853e-07
2.5330e-01 3.9709e-07
2.5572e-01 3.9264e-07
2.5817e-01 3.8836e-07
2.6065e-01 3.8427e-07
2.6314e-01 3.8031e-07
2.6566e-01 3.7650e-07
2.6821e-01 3.7285e-07
2.7078e-01 3.6933e-07
2.7337e-01 3.6594e-07
2.7599e-01 3.6268e-07
2.7863e-01 3.5954e-07
2.8130e-01 3.5653e-07
2.8252e-01 3.5519e-07
2.8400e-01 3.5297e-07
2.8672e-01 3.4902e-07
2.8947e-01 3.4521e-07
2.9224e-01 3.4157e-07
2.9504e-01 3.3807e-07
2.9786e-01 3.3471e-07
3.0072e-01 3.3150e-07
3.0360e-01 3.2840e-07
3.0651e-01 3.2542e-07
3.0944e-01 3.2257e-07
3.1241e-01 3.1984e-07
3.1540e-01 3.1720e-07
3.1614e-01 3.1656e-07
3.1842e-01 3.1389e-07
3.2147e-01 3.1045e-07
3.2455e-01 3.0716e-07
3.2766e-01 3.0405e-07
3.3080e-01 3.0106e-07
3.3397e-01 2.9817e-07
3.3717e-01 2.9539e-07
3.4040e-01 2.9271e-07
3.4366e-01 2.9013e-07
3.4695e-01 2.8761e-07
3.5027e-01 2.8518e-07
3.5363e-01 2.8283e-07
3.5466e-01 2.8213e-07
3.5702e-01 2.7993e-07
3.6044e-01 2.7686e-07
3.6389e-01 2.7391e-07
3.6737e-01 2.7113e-07
3.7089e-01 2.6846e-07
3.7445e-01 2.6588e-07
3.7803e-01 2.6340e-07
3.8165e-01 2.6101e-07
3.8531e-01 2.5871e-07
3.8900e-01 2.5644e-07
3.9273e-01 2.5425e-07
3.9649e-01 2.5215e-07
3.9778e-01 2.5144e-07
4.0029e-01 2.4958e-07
4.0412e-01 2.4683e-07
4.0799e-01 2.4419e-07
4.1190e-01 2.4175e-07
4.1585e-01 2.3941e-07
4.1983e-01 2.3715e-07
4.2385e-01 2.3497e-07
4.2791e-01 2.3288e-07
4.3201e-01 2.3086e-07
4.3615e-01 2.2887e-07
4.4033e-01 2.2695e-07
4.4455e-01 2.2510e-07
4.4693e-01 2.2410e-07
4.4881e-01 2.2301e-07
4.5311e-01 2.2060e-07
4.5745e-01 2.1826e-07
4.6183e-01 2.1604e-07
4.6625e-01 2.1391e-07
4.7072e-01 2.1188e-07
4.7523e-01 2.0991e-07
4.7978e-01 2.0803e-07
4.8438e-01 2.0620e-07
4.8902e-01 2.0444e-07
4.9370e-01 2.0274e-07
4.9843e-01 2.0111e-07
5.0263e-01 1.9972e-07
5.0321e-01 1.9946e-07
5.0803e-01 1.9732e-07
5.1289e-01 1.9526e-07
5.1781e-01 1.9330e-07
5.2277e-01 1.9141e-07
5.2777e-01 1.8959e-07
5.3283e-01 1.8783e-07
5.3793e-01 1.8613e-07
5.4309e-01 1.8449e-07
5.4829e-01 1.8288e-07
5.5354e-01 1.8133e-07
5.5884e-01 1.7984e-07
5.6420e-01 1.7840e-07
5.6570e-01 1.7800e-07
5.6960e-01 1.7660e-07
5.7506e-01 1.7471e-07
5.8057e-01 1.7291e-07
5.8613e-01 1.7117e-07
5.9174e-01 1.6951e-07
5.9741e-01 1.6791e-07
6.0314e-01 1.6637e-07
6.0891e-01 1.6488e-07
6.1475e-01 1.6350e-07
6.2064e-01 1.6217e-07
6.2658e-01 1.6088e-07
6.3258e-01 1.5964e-07
6.3757e-01 1.5864e-07
6.3864e-01 1.5835e-07
6.4476e-01 1.5672e-07
6.5094e-01 1.5509e-07
6.5717e-01 1.5352e-07
6.6347e-01 1.5200e-07
6.6982e-01 1.5053e-07
6.7624e-01 1.4912e-07
6.8272e-01 1.4775e-07
6.8926e-01 1.4650e-07
6.9586e-01 1.4529e-07
7.0253e-01 1.4412e-07
7.0926e-01 1.4299e-07
7.1605e-01 1.4190e-07
7.1935e-01 1.4139e-07
7.2291e-01 1.4064e-07
7.2984e-01 1.3916e-07
7.3683e-01 1.3774e-07
7.4389e-01 1.3636e-07
7.5101e-01 1.3503e-07
7.5821e-01 1.3374e-07
7.6547e-01 1.3251e-07
7.7280e-01 1.3132e-07
7.8020e-01 1.3017e-07
7.8768e-01 1.2907e-07
7.9522e-01 1.2801e-07
8.0284e-01 1.2698e-07
8.1040e-01 1.2601e-07
8.1053e-01 1.2599e-07
8.1830e-01 1.2470e-07
8.2614e-01 1.2346e-07
8.3405e-01 1.2226e-07
8.4204e-01 1.2111e-07
8.5011e-01 1.2000e-07
8.5825e-01 1.1893e-07
8.6647e-01 1.1786e-07
8.7477e-01 1.1682e-07
8.8315e-01 1.1582e-07
8.9161e-01 1.1486e-07
9.0015e-01 1.1392e-07
9.0878e-01 1.1302e-07
9.1595e-01 1.1231e-07
9.1748e-01 1.1210e-07
9.2627e-01 1.1094e-07
9.3514e-01 1.0982e-07
9.4410e-01 1.0874e-07
9.5314e-01 1.0769e-07
9.6228e-01 1.0668e-07
9.7149e-01 1.0571e-07
9.8080e-01 1.0477e-07
9.9020e-01 1.0387e-07
9.9968e-01 1.0300e-07
1.0093e+00 1.0217e-07
1.0189e+00 1.0136e-07
1.0287e+00 1.0060e-07
1.0354e+00 1.0009e-07
1.0385e+00 9.9774e-08
1.0485e+00 9.8779e-08
1.0585e+00 9.7816e-08
1.0687e+00 9.6885e-08
1.0789e+00 9.5990e-08
1.0892e+00 9.5151e-08
1.0997e+00 9.4341e-08
1.1102e+00 9.3554e-08
1.1208e+00 9.2790e-08
1.1316e+00 9.2052e-08
1.1424e+00 9.1332e-08
1.1534e+00 9.0589e-08
1.1644e+00 8.9869e-08
1.1750e+00 8.9206e-08
1.1756e+00 8.9151e-08
1.1868e+00 8.8196e-08
1.1982e+00 8.7288e-08
1.2097e+00 8.6437e-08
1.2213e+00 8.5691e-08
1.2330e+00 8.4963e-08
1.2448e+00 8.4255e-08
1.2567e+00 8.3567e-08
1.2687e+00 8.2901e-08
1.2809e+00 8.2250e-08
1.2932e+00 8.1602e-08
1.3056e+00 8.0973e-08
1.3181e+00 8.0365e-08
1.3307e+00 7.9777e-08
1.3367e+00 7.9504e-08
1.3434e+00 7.9089e-08
1.3563e+00 7.8321e-08
1.3693e+00 7.7597e-08
1.3824e+00 7.6897e-08
1.3957e+00 7.6218e-08
1.4090e+00 7.5561e-08
1.4225e+00 7.4926e-08
1.4362e+00 7.4308e-08
1.4499e+00 7.3712e-08
1.4638e+00 7.3133e-08
1.4778e+00 7.2569e-08
1.4920e+00 7.2021e-08
1.5063e+00 7.1491e-08
1.5207e+00 7.0983e-08
1.5245e+00 7.0857e-08
1.5353e+00 7.0376e-08
1.5500e+00 6.9743e-08
1.5648e+00 6.9139e-08
1.5798e+00 6.8556e-08
1.5949e+00 6.7990e-08
1.6102e+00 6.7443e-08
1.6256e+00 6.6911e-08
1.6412e+00 6.6394e-08
1.6569e+00 6.5890e-08
1.6728e+00 6.5398e-08
1.6888e+00 6.4925e-08
1.7050e+00 6.4471e-08
1.7214e+00 6.4037e-08
1.7378e+00 6.3614e-08
1.7545e+00 6.3203e-08
1.7566e+00 6.3151e-08
1.7713e+00 6.2672e-08
1.7883e+00 6.2135e-08
1.8054e+00 6.1618e-08
1.8227e+00 6.1139e-08
1.8402e+00 6.0675e-08
1.8578e+00 6.0226e-08
1.8756e+00 5.9789e-08
1.8935e+00 5.9374e-08
1.9117e+00 5.8969e-08
1.9300e+00 5.8569e-08
1.9485e+00 5.8179e-08
1.9671e+00 5.7797e-08
1.9860e+00 5.7424e-08
2.0050e+00 5.7061e-08
2.0242e+00 5.6710e-08
2.0436e+00 5.6385e-08
2.0499e+00 5.6283e-08
2.0632e+00 5.5999e-08
2.0830e+00 5.5591e-08
2.1029e+00 5.5195e-08
2.1231e+00 5.4808e-08
2.1434e+00 5.4438e-08
2.1639e+00 5.4094e-08
2.1847e+00 5.3756e-08
2.2056e+00 5.3431e-08
2.2267e+00 5.3121e-08
2.2480e+00 5.2819e-08
2.2696e+00 5.2532e-08
2.2913e+00 5.2267e-08
2.3133e+00 5.2009e-08
2.3354e+00 5.1755e-08
2.3578e+00 5.1504e-08
2.3804e+00 5.1254e-08
2.4032e+00 5.1012e-08
2.4262e+00 5.0778e-08
2.4494e+00 5.0544e-08
2.4729e+00 5.0323e-08
2.4920e+00 5.0161e-08
2.4966e+00 5.0112e-08
2.5205e+00 4.9865e-08
2.5447e+00 4.9642e-08
2.5690e+00 4.9449e-08
2.5936e+00 4.9253e-08
2.6185e+00 4.9054e-08
2.6436e+00 4.8854e-08
2.6689e+00 4.8655e-08
2.6945e+00 4.8462e-08
2.7203e+00 4.8285e-08
2.7463e+00 4.8114e-08
2.7726e+00 4.7968e-08
2.7992e+00 4.7849e-08
2.8260e+00 4.7732e-08
2.8531e+00 4.7631e-08
2.8804e+00 4.7552e-08
2.9080e+00 4.7475e-08
2.9359e+00 4.7398e-08
2.9640e+00 4.7322e-08
2.9924e+00 4.7256e-08
2.9970e+00 5.0161e-08
3.0039e+00 5.6283e-08
3.0085e+00 6.3151e-08
3.0115e+00 7.0857e-08
3.0136e+00 7.9504e-08
3.0151e+00 8.9206e-08
3.0160e+00 1.0009e-07
3.0165e+00 1.1231e-07
3.0168e+00 1.2601e-07
3.0167e+00 1.4139e-07
3.0164e+00 1.5864e-07
3.0158e+00 1.7800e-07
3.0146e+00 1.9972e-07
3.0126e+00 2.2410e-07
3.0096e+00 2.5144e-07
3.0036e+00 2.8213e-07
2.9927e+00 3.1656e-07
2.9924e+00 3.1765e-07
2.9640e+00 3.3095e-07
2.9359e+00 3.4236e-07
2.9080e+00 3.5218e-07
2.8991e+00 3.5519e-07
2.8804e+00 3.6430e-07
2.8531e+00 3.7708e-07
2.8260e+00 3.8847e-07
2.8004e+00 3.9853e-07
2.7992e+00 3.9920e-07
2.7726e+00 4.1445e-07
2.7463e+00 4.2677e-07
2.7203e+00 4.3744e-07
2.6950e+00 4.4716e-07
2.6945e+00 4.4751e-07
2.6689e+00 4.6460e-07
2.6436e+00 4.7940e-07
2.6185e+00 4.9184e-07
2.5956e+00 5.0173e-07
2.5936e+00 5.0316e-07
2.5690e+00 5.2075e-07
2.5447e+00 5.3634e-07
2.5205e+00 5.5043e-07
2.4974e+00 5.6296e-07
2.4966e+00 5.6366e-07
2.4729e+00 5.8495e-07
2.4494e+00 6.0182e-07
2.4262e+00 6.1594e-07
2.4032e+00 6.2871e-07
2.3978e+00 6.3166e-07
2.3804e+00 6.4959e-07
2.3578e+00 6.7016e-07
2.3354e+00 6.8705e-07
2.3133e+00 7.0111e-07
2.2999e+00 7.0874e-07
2.2913e+00 7.1816e-07
2.2696e+00 7.4121e-07
2.2480e+00 7.6141e-07
2.2267e+00 7.7926e-07
2.2056e+00 7.9522e-07
2.2056e+00 7.9525e-07
2.1847e+00 8.2358e-07
2.1639e+00 8.4564e-07
2.1434e+00 8.6482e-07
2.1231e+00 8.8172e-07
2.1097e+00 8.9227e-07
2.1029e+00 9.0355e-07
2.0830e+00 9.3488e-07
2.0632e+00 9.6013e-07
2.0436e+00 9.8052e-07
2.0242e+00 9.9695e-07
2.0191e+00 1.0012e-06
2.0050e+00 1.0280e-06
1.9860e+00 1.0605e-06
1.9671e+00 1.0879e-06
1.9485e+00 1.1107e-06
1.9361e+00 1.1233e-06
1.9300e+00 1.1363e-06
1.9117e+00 1.1738e-06
1.8935e+00 1.2037e-06
1.8756e+00 1.2287e-06
1.8578e+00 1.2504e-06
1.8494e+00 1.2604e-06
1.8402e+00 1.2847e-06
1.8227e+00 1.3261e-06
1.8054e+00 1.3580e-06
1.7883e+00 1.3833e-06
1.7713e+00 1.4055e-06
1.7646e+00 1.4142e-06
1.7545e+00 1.4468e-06
1.7378e+00 1.4950e-06
1.7214e+00 1.5324e-06
1.7050e+00 1.5619e-06
1.6888e+00 1.5847e-06
1.6873e+00 1.5868e-06
1.6728e+00 1.6386e-06
1.6569e+00 1.6862e-06
1.6412e+00 1.7255e-06
1.6256e+00 1.7585e-06
1.6140e+00 1.7804e-06
1.6102e+00 1.7972e-06
1.5949e+00 1.8539e-06
1.5798e+00 1.9003e-06
1.5648e+00 1.9390e-06
1.5500e+00 1.9719e-06
1.5368e+00 1.9977e-06
1.5353e+00 2.0056e-06
1.5207e+00 2.0807e-06
1.5063e+00 2.1381e-06
1.4920e+00 2.1819e-06
1.4778e+00 2.2150e-06
1.4649e+00 2.2415e-06
1.4638e+00 2.2480e-06
1.4499e+00 2.3322e-06
1.4362e+00 2.3992e-06
1.4225e+00 2.4505e-06
1.4090e+00 2.4904e-06
1.3991e+00 2.5150e-06
1.3957e+00 2.5386e-06
1.3824e+00 2.6275e-06
1.3693e+00 2.6982e-06
1.3563e+00 2.7553e-06
1.3434e+00 2.7993e-06
1.3362e+00 2.8219e-06
1.3307e+00 2.8678e-06
1.3181e+00 2.9519e-06
1.3056e+00 3.0204e-06
1.2932e+00 3.0767e-06
1.2809e+00 3.1235e-06
1.2687e+00 3.1643e-06
1.2681e+00 3.1663e-06
1.2567e+00 3.2861e-06
1.2448e+00 3.3814e-06
1.2330e+00 3.4527e-06
1.2213e+00 3.5039e-06
1.2097e+00 3.5464e-06
1.2080e+00 3.5527e-06
1.1982e+00 3.6718e-06
1.1868e+00 3.7849e-06
1.1756e+00 3.8686e-06
1.1644e+00 3.9317e-06
1.1534e+00 3.9795e-06
1.1518e+00 3.9862e-06
1.1424e+00 4.1149e-06
1.1316e+00 4.2342e-06
1.1208e+00 4.3280e-06
1.1102e+00 4.4036e-06
1.0997e+00 4.4660e-06
1.0984e+00 4.4727e-06
1.0892e+00 4.6141e-06
1.0789e+00 4.7423e-06
1.0687e+00 4.8422e-06
1.0585e+00 4.9224e-06
1.0485e+00 4.9879e-06
1.0435e+00 5.0185e-06
1.0385e+00 5.1201e-06
1.0287e+00 5.2965e-06
1.0189e+00 5.4246e-06
1.0093e+00 5.5114e-06
9.9968e-01 5.5802e-06
9.9144e-01 5.6309e-06
9.9020e-01 5.6606e-06
9.8080e-01 5.8805e-06
9.7149e-01 6.0417e-06
9.6228e-01 6.1598e-06
9.5314e-01 6.2475e-06
9.4410e-01 6.3124e-06
9.4331e-01 6.3180e-06
9.3514e-01 6.5463e-06
9.2627e-01 6.7392e-06
9.1748e-01 6.8854e-06
9.0878e-01 6.9982e-06
9.0015e-01 7.0793e-06
8.9907e-01 7.0890e-06
8.9161e-01 7.3298e-06
8.8315e-01 7.5445e-06
8.7477e-01 7.7068e-06
8.6647e-01 7.8316e-06
8.5825e-01 7.9298e-06
8.5612e-01 7.9541e-06
8.5011e-01 8.2034e-06
8.4204e-01 8.4661e-06
8.3405e-01 8.6408e-06
8.2614e-01 8.7712e-06
8.1830e-01 8.8746e-06
8.1415e-01 8.9247e-06
8.1053e-01 9.1014e-06
8.0284e-01 9.4113e-06
7.9522e-01 9.6356e-06
7.8768e-01 9.7991e-06
7.8020e-01 9.9184e-06
7.7280e-01 1.0005e-05
7.7204e-01 1.0014e-05
7.6547e-01 1.0364e-05
7.5821e-01 1.0682e-05
7.5101e-01 1.0917e-05
7.4389e-01 1.1085e-05
7.3683e-01 1.1205e-05
7.3481e-01 1.1236e-05
7.2984e-01 1.1559e-05
7.2291e-01 1.1927e-05
7.1605e-01 1.2190e-05
7.0926e-01 1.2388e-05
7.0253e-01 1.2539e-05
6.9921e-01 1.2607e-05
6.9586e-01 1.2885e-05
6.8926e-01 1.3320e-05
6.8272e-01 1.3615e-05
6.7624e-01 1.3841e-05
6.6982e-01 1.4014e-05
6.6378e-01 1.4145e-05
6.6347e-01 1.4177e-05
6.5717e-01 1.4799e-05
6.5094e-01 1.5224e-05
6.4476e-01 1.5518e-05
6.3864e-01 1.5701e-05
6.3258e-01 1.5836e-05
6.3095e-01 1.5872e-05
6.2658e-01 1.6331e-05
6.2064e-01 1.6847e-05
6.1475e-01 1.7221e-05
6.0891e-01 1.7485e-05
6.0314e-01 1.7683e-05
5.9828e-01 1.7808e-05
5.9741e-01 1.7919e-05
5.9174e-01 1.8627e-05
5.8613e-01 1.9134e-05
5.8057e-01 1.9502e-05
5.7506e-01 1.9775e-05
5.6960e-01 1.9969e-05
5.6921e-01 1.9982e-05
5.6420e-01 2.0737e-05
5.5884e-01 2.1337e-05
5.5354e-01 2.1772e-05
5.4829e-01 2.2091e-05
5.4309e-01 2.2330e-05
5.4090e-01 2.2420e-05
5.3793e-01 2.3004e-05
5.3283e-01 2.3825e-05
5.2777e-01 2.4358e-05
5.2277e-01 2.4711e-05
5.1781e-01 2.4974e-05
5.1344e-01 2.5156e-05
5.1289e-01 2.5282e-05
5.0803e-01 2.6367e-05
5.0321e-01 2.7100e-05
4.9843e-01 2.7598e-05
4.9370e-01 2.7939e-05
4.8902e-01 2.8174e-05
4.8790e-01 2.8226e-05
4.8438e-01 2.9161e-05
4.7978e-01 3.0067e-05
4.7523e-01 3.0717e-05
4.7072e-01 3.1181e-05
4.6625e-01 3.1489e-05
4.6278e-01 3.1670e-05
4.6183e-01 3.1947e-05
4.5745e-01 3.3162e-05
4.5311e-01 3.4060e-05
4.4881e-01 3.4694e-05
4.4455e-01 3.5150e-05
4.4033e-01 3.5485e-05
4.3968e-01 3.5535e-05
4.3615e-01 3.6946e-05
4.3201e-01 3.8016e-05
4.2791e-01 3.8758e-05
4.2385e-01 3.9286e-05
4.1983e-01 3.9671e-05
4.1740e-01 3.9871e-05
4.1585e-01 4.0613e-05
4.1190e-01 4.2245e-05
4.0799e-01 4.3296e-05
4.0412e-01 4.3946e-05
4.0029e-01 4.4366e-05
3.9649e-01 4.4686e-05
3.9590e-01 4.4737e-05
3.9273e-01 4.6455e-05
3.8900e-01 4.7926e-05
3.8531e-01 4.8895e-05
3.8165e-01 4.9532e-05
3.7803e-01 4.9961e-05
3.7536e-01 5.0196e-05
3.7445e-01 5.0741e-05
3.7089e-01 5.2735e-05
3.6737e-01 5.4111e-05
3.6389e-01 5.5071e-05
3.6044e-01 5.5764e-05
3.5702e-01 5.6203e-05
3.5598e-01 5.6322e-05
3.5363e-01 5.8037e-05
3.5027e-01 5.9940e-05
3.4695e-01 6.1231e-05
3.4366e-01 6.2126e-05
3.4040e-01 6.2769e-05
3.3763e-01 6.3195e-05
3.3717e-01 6.3649e-05
3.3397e-01 6.6609e-05
3.3080e-01 6.8225e-05
3.2766e-01 6.9350e-05
3.2455e-01 7.0142e-05
3.2147e-01 7.0682e-05
3.2004e-01 7.0906e-05
3.1842e-01 7.2670e-05
3.1540e-01 7.5357e-05
3.1241e-01 7.7099e-05
3.0944e-01 7.8233e-05
3.0651e-01 7.8939e-05
3.0360e-01 7.9448e-05
3.0295e-01 7.9559e-05
3.0072e-01 8.2391e-05
2.9786e-01 8.5115e-05
2.9504e-01 8.6883e-05
2.9224e-01 8.8038e-05
2.8947e-01 8.8791e-05
2.8672e-01 8.9267e-05
2.8672e-01 8.9268e-05
2.8400e-01 9.3120e-05
2.8130e-01 9.5753e-05
2.7863e-01 9.7562e-05
2.7599e-01 9.8825e-05
2.7337e-01 9.9646e-05
2.7092e-01 1.0016e-04
2.7078e-01 1.0039e-04
2.6821e-01 1.0457e-04
2.6566e-01 1.0745e-04
2.6314e-01 1.0943e-04
2.6065e-01 1.1079e-04
2.5817e-01 1.1173e-04
2.5582e-01 1.1238e-04
2.5572e-01 1.1260e-04
2.5330e-01 1.1771e-04
2.5089e-01 1.2091e-04
2.4851e-01 1.2302e-04
2.4615e-01 1.2443e-04
2.4382e-01 1.2542e-04
2.4176e-01 1.2610e-04
2.4151e-01 1.2683e-04
2.3921e-01 1.3302e-04
2.3694e-01 1.3669e-04
2.3470e-01 1.3882e-04
2.3247e-01 1.4023e-04
2.3026e-01 1.4119e-04
2.2936e-01 1.4149e-04
2.2808e-01 1.4518e-04
2.2591e-01 1.5031e-04
2.2377e-01 1.5369e-04
2.2165e-01 1.5591e-04
2.1954e-01 1.5735e-04
2.1746e-01 1.5826e-04
2.1616e-01 1.5875e-04
2.1540e-01 1.6166e-04
2.1335e-01 1.6845e-04
2.1133e-01 1.7279e-04
2.0932e-01 1.7533e-04
2.0734e-01 1.7692e-04
2.0537e-01 1.7792e-04
2.0489e-01 1.7813e-04
2.0342e-01 1.8429e-04
2.0149e-01 1.9030e-04
1.9958e-01 1.9422e-04
1.9769e-01 1.9681e-04
1.9581e-01 1.9854e-04
1.9395e-01 1.9963e-04
1.9351e-01 1.9986e-04
1.9211e-01 2.0683e-04
1.9029e-01 2.1351e-04
1.8848e-01 2.1785e-04
1.8670e-01 2.2071e-04
1.8492e-01 2.2263e-04
1.8317e-01 2.2396e-04
1.8278e-01 2.2425e-04
1.8143e-01 2.3318e-04
1.7971e-01 2.4036e-04
1.7800e-01 2.4478e-04
1.7632e-01 2.4771e-04
1.7464e-01 2.4970e-04
1.7299e-01 2.5112e-04
1.7239e-01 2.5162e-04
1.7134e-01 2.6036e-04
1.6972e-01 2.7021e-04
1.6811e-01 2.7587e-04
1.6651e-01 2.7896e-04
1.6493e-01 2.8093e-04
1.6337e-01 2.8231e-04
1.6336e-01 2.8232e-04
1.6182e-01 2.9643e-04
1.6028e-01 3.0509e-04
1.5876e-01 3.1039e-04
1.5725e-01 3.1368e-04
1.5576e-01 3.1575e-04
1.5473e-01 3.1677e-04
1.5428e-01 3.2149e-04
1.5282e-01 3.3483e-04
1.5137e-01 3.4344e-04
1.4993e-01 3.4899e-04
1.4851e-01 3.5247e-04
1.4710e-01 3.5460e-04
1.4643e-01 3.5543e-04
1.4571e-01 3.6451e-04
1.4432e-01 3.7900e-04
1.4296e-01 3.8770e-04
1.4160e-01 3.9313e-04
1.4026e-01 3.9674e-04
1.3936e-01 3.9880e-04
1.3892e-01 4.0668e-04
1.3761e-01 4.2409e-04
1.3630e-01 4.3206e-04
1.3501e-01 4.3781e-04
1.3373e-01 4.4203e-04
1.3246e-01 4.4517e-04
1.3125e-01 4.4747e-04
1.3120e-01 4.4842e-04
1.2996e-01 4.7004e-04
1.2872e-01 4.8279e-04
1.2750e-01 4.9056e-04
1.2629e-01 4.9567e-04
1.2509e-01 4.9930e-04
1.2391e-01 5.0183e-04
1.2380e-01 5.0208e-04
1.2273e-01 5.2369e-04
1.2157e-01 5.4055e-04
1.2041e-01 5.5109e-04
1.1927e-01 5.5744e-04
1.1814e-01 5.6095e-04
1.1702e-01 5.6301e-04
1.1684e-01 5.6335e-04
1.1591e-01 5.8787e-04
1.1481e-01 6.0741e-04
1.1372e-01 6.1877e-04
1.1264e-01 6.2549e-04
1.1157e-01 6.2959e-04
1.1057e-01 6.3209e-04
1.1051e-01 6.3386e-04
1.0946e-01 6.6404e-04
1.0842e-01 6.8134e-04
1.0740e-01 6.9284e-04
1.0638e-01 7.0044e-04
1.0537e-01 7.0543e-04
1.0437e-01 7.0868e-04
1.0421e-01 7.0923e-04
1.0338e-01 7.3858e-04
1.0240e-01 7.6359e-04
1.0142e-01 7.7846e-04
1.0046e-01 7.8758e-04
9.9509e-02 7.9354e-04
9.9133e-02 7.9577e-04
9.8564e-02 8.2387e-04
9.7629e-02 8.5514e-04
9.6703e-02 8.6979e-04
9.5785e-02 8.7980e-04
9.4876e-02 8.8676e-04
9.3976e-02 8.9191e-04
9.3830e-02 8.9288e-04
9.3084e-02 9.3790e-04
9.2201e-02 9.6767e-04
9.1326e-02 9.8212e-04
9.0460e-02 9.9071e-04
8.9601e-02 9.9623e-04
8.8751e-02 1.0008e-03
8.8578e-02 1.0018e-03
8.7909e-02 1.0399e-03
8.7075e-02 1.0732e-03
8.6249e-02 1.0944e-03
8.5430e-02 1.1083e-03
8.4620e-02 1.1174e-03
8.3817e-02 1.1230e-03
8.3644e-02 1.1241e-03
8.3022e-02 1.1646e-03
8.2234e-02 1.2020e-03
8.1454e-02 1.2260e-03
8.0681e-02 1.2420e-03
7.9915e-02 1.2519e-03
7.9157e-02 1.2584e-03
7.8741e-02 1.2613e-03
7.8406e-02 1.2864e-03
7.7662e-02 1.3349e-03
7.6925e-02 1.3682e-03
7.6195e-02 1.3900e-03
7.5472e-02 1.4049e-03
7.4835e-02 1.4152e-03
7.4756e-02 1.4252e-03
7.4047e-02 1.4969e-03
7.3344e-02 1.5314e-03
7.2648e-02 1.5509e-03
7.1959e-02 1.5660e-03
7.1276e-02 1.5776e-03
7.0600e-02 1.5866e-03
7.0511e-02 1.5879e-03
6.9930e-02 1.6627e-03
6.9266e-02 1.7158e-03
6.8609e-02 1.7415e-03
6.7958e-02 1.7592e-03
6.7313e-02 1.7715e-03
6.6674e-02 1.7803e-03
6.6573e-02 1.7817e-03
6.6042e-02 1.8632e-03
6.5415e-02 1.9201e-03
6.4794e-02 1.9531e-03
6.4180e-02 1.9741e-03
6.3571e-02 1.9840e-03
6.2967e-02 1.9911e-03
6.2370e-02 1.9965e-03
6.2151e-02 1.9991e-03
6.1778e-02 2.0726e-03
6.1192e-02 2.1606e-03
6.0611e-02 2.2032e-03
6.0036e-02 2.2254e-03
5.9467e-02 2.2384e-03
5.9229e-02 2.2430e-03
5.8902e-02 2.3243e-03
5.8343e-02 2.4018e-03
5.7790e-02 2.4418e-03
5.7242e-02 2.4715e-03
5.6698e-02 2.4906e-03
5.6160e-02 2.5032e-03
5.5628e-02 2.5113e-03
5.5131e-02 2.5167e-03
5.5100e-02 2.5239e-03
5.4577e-02 2.6523e-03
5.4059e-02 2.7259e-03
5.3546e-02 2.7706e-03
5.3038e-02 2.7997e-03
5.2535e-02 2.8171e-03
5.2206e-02 2.8239e-03
5.2036e-02 2.8661e-03
5.1543e-02 2.9636e-03
5.1053e-02 3.0342e-03
5.0569e-02 3.0848e-03
5.0089e-02 3.1204e-03
4.9614e-02 3.1447e-03
4.9143e-02 3.1598e-03
4.8734e-02 3.1685e-03
4.8677e-02 3.1847e-03
4.8215e-02 3.3087e-03
4.7758e-02 3.3918e-03
4.7304e-02 3.4480e-03
4.6856e-02 3.4867e-03
4.6411e-02 3.5136e-03
4.5971e-02 3.5337e-03
4.5534e-02 3.5489e-03
4.5252e-02 3.5551e-03
4.5102e-02 3.6047e-03
4.4674e-02 3.7281e-03
4.4250e-02 3.8175e-03
4.3831e-02 3.8755e-03
4.3415e-02 3.9147e-03
4.3003e-02 3.9428e-03
4.2595e-02 3.9630e-03
4.2191e-02 3.9774e-03
4.1790e-02 3.9865e-03
4.1663e-02 3.9890e-03
4.1394e-02 4.1012e-03
4.1001e-02 4.2315e-03
4.0612e-02 4.3174e-03
4.0227e-02 4.3747e-03
3.9845e-02 4.4135e-03
3.9467e-02 4.4408e-03
3.9092e-02 4.4604e-03
3.8721e-02 4.4724e-03
3.8591e-02 4.4757e-03
3.8354e-02 4.5866e-03
3.7990e-02 4.7262e-03
3.7630e-02 4.8236e-03
3.7273e-02 4.8916e-03
3.6919e-02 4.9350e-03
3.6569e-02 4.9658e-03
3.6222e-02 4.9891e-03
3.5878e-02 5.0046e-03
3.5537e-02 5.0147e-03
3.5200e-02 5.0216e-03
3.5182e-02 5.0219e-03
3.4866e-02 5.1990e-03
3.4535e-02 5.3345e-03
3.4208e-02 5.4306e-03
3.3883e-02 5.4986e-03
3.3562e-02 5.5469e-03
3.3243e-02 5.5800e-03
3.2928e-02 5.6025e-03
3.2615e-02 5.6178e-03
3.2306e-02 5.6280e-03
3.1999e-02 5.6348e-03
3.1999e-02 5.6348e-03
3.1696e-02 5.8631e-03
3.1395e-02 6.0199e-03
3.1097e-02 6.1209e-03
3.0802e-02 6.1899e-03
3.0510e-02 6.2373e-03
3.0220e-02 6.2698e-03
2.9933e-02 6.2916e-03
2.9649e-02 6.3046e-03
2.9368e-02 6.3124e-03
2.9089e-02 6.3190e-03
2.8950e-02 6.3224e-03
2.8813e-02 6.4442e-03
2.8540e-02 6.6557e-03
2.8269e-02 6.8020e-03
2.8001e-02 6.9021e-03
2.7735e-02 6.9739e-03
2.7472e-02 7.0158e-03
2.7211e-02 7.0403e-03
2.6953e-02 7.0591e-03
2.6698e-02 7.0738e-03
2.6444e-02 7.0857e-03
2.6210e-02 7.0939e-03
2.6193e-02 7.1131e-03
2.5945e-02 7.3898e-03
2.5699e-02 7.5794e-03
2.5455e-02 7.6911e-03
2.5213e-02 7.7542e-03
2.4974e-02 7.8053e-03
2.4737e-02 7.8474e-03
2.4502e-02 7.8807e-03
2.4270e-02 7.9069e-03
2.4040e-02 7.9275e-03
2.3811e-02 7.9441e-03
2.3585e-02 7.9563e-03
2.3504e-02 7.9596e-03
2.3362e-02 8.1271e-03
2.3140e-02 8.3508e-03
2.2920e-02 8.5155e-03
2.2703e-02 8.6364e-03
2.2488e-02 8.7252e-03
2.2274e-02 8.7907e-03
2.2063e-02 8.8375e-03
2.1853e-02 8.8718e-03
2.1646e-02 8.8947e-03
2.1441e-02 8.9111e-03
2.1237e-02 8.9228e-03
2.1036e-02 8.9308e-03
2.1034e-02 8.9309e-03
2.0836e-02 9.2184e-03
2.0638e-02 9.4332e-03
2.0443e-02 9.5959e-03
2.0249e-02 9.7182e-03
2.0057e-02 9.8072e-03
1.9866e-02 9.8726e-03
1.9678e-02 9.9209e-03
1.9491e-02 9.9536e-03
1.9306e-02 9.9732e-03
1.9123e-02 9.9899e-03
1.8941e-02 1.0004e-02
1.8762e-02 1.0017e-02
1.8624e-02 1.0021e-02
1.8584e-02 1.0058e-02
1.8407e-02 1.0190e-02
1.8233e-02 1.0325e-02
1.8060e-02 1.0442e-02
1.7888e-02 1.0499e-02
1.7719e-02 1.0584e-02
1.7550e-02 1.0801e-02
1.7384e-02 1.0964e-02
1.7219e-02 1.1071e-02
1.7056e-02 1.1143e-02
1.6894e-02 1.1191e-02
1.6734e-02 1.1224e-02
1.6575e-02 1.1237e-02
1.6461e-02 1.1244e-02
1.6417e-02 1.1339e-02
1.6262e-02 1.1667e-02
1.6107e-02 1.1922e-02
1.5955e-02 1.2119e-02
1.5803e-02 1.2268e-02
1.5653e-02 1.2385e-02
1.5505e-02 1.2468e-02
1.5358e-02 1.2523e-02
1.5212e-02 1.2562e-02
1.5068e-02 1.2589e-02
1.4925e-02 1.2608e-02
1.4843e-02 1.2616e-02
1.4783e-02 1.2810e-02
1.4643e-02 1.3230e-02
1.4504e-02 1.3537e-02
1.4366e-02 1.3756e-02
1.4230e-02 1.3904e-02
1.4095e-02 1.4003e-02
1.3961e-02 1.4062e-02
1.3829e-02 1.4101e-02
1.3697e-02 1.4123e-02
1.3567e-02 1.4141e-02
1.3462e-02 1.4155e-02
1.3439e-02 1.4262e-02
1.3311e-02 1.4814e-02
1.3205e-02 1.4155e-02
1.3185e-02 1.4151e-02
1.3166e-02 1.4155e-02
1.3060e-02 1.4835e-02
1.2936e-02 1.5335e-02
1.2813e-02 1.5605e-02
1.2691e-02 1.5726e-02
1.2571e-02 1.5797e-02
1.2452e-02 1.5840e-02
1.2334e-02 1.5869e-02
1.2271e-02 1.5883e-02
1.2217e-02 1.6313e-02
1.2101e-02 1.7033e-02
1.1986e-02 1.7412e-02
1.1872e-02 1.7612e-02
1.1759e-02 1.7683e-02
1.1648e-02 1.7731e-02
1.1537e-02 1.7767e-02
1.1428e-02 1.7795e-02
1.1319e-02 1.7816e-02
1.1298e-02 1.7821e-02
1.1212e-02 1.8536e-02
1.1106e-02 1.9115e-02
1.1000e-02 1.9466e-02
1.0896e-02 1.9629e-02
1.0793e-02 1.9740e-02
1.0690e-02 1.9823e-02
1.0589e-02 1.9884e-02
1.0488e-02 1.9931e-02
1.0389e-02 1.9966e-02
1.0290e-02 1.9993e-02
1.0284e-02 1.9995e-02
1.0193e-02 2.0966e-02
1.0096e-02 2.1467e-02
1.0000e-02 2.1778e-02
