1.0000e-02 7.5936e-06
1.0010e-02 7.5858e-06
1.0096e-02 7.5188e-06
1.0193e-02 7.4452e-06
1.0290e-02 7.3730e-06
1.0389e-02 7.3023e-06
1.0471e-02 7.2444e-06
1.0488e-02 7.2322e-06
1.0589e-02 7.1611e-06
1.0690e-02 7.0908e-06
1.0793e-02 7.0216e-06
1.0896e-02 6.9542e-06
1.0952e-02 6.9183e-06
1.1000e-02 6.8866e-06
1.1106e-02 6.8184e-06
1.1212e-02 6.7518e-06
1.1319e-02 6.6904e-06
1.1428e-02 6.6301e-06
1.1470e-02 6.6069e-06
1.1537e-02 6.5691e-06
1.1648e-02 6.5085e-06
1.1759e-02 6.4487e-06
1.1872e-02 6.3900e-06
1.1986e-02 6.3296e-06
1.2025e-02 6.3096e-06
1.2101e-02 6.2688e-06
1.2217e-02 6.2081e-06
1.2334e-02 6.1484e-06
1.2452e-02 6.0900e-06
1.2571e-02 6.0328e-06
1.2586e-02 6.0256e-06
1.2691e-02 5.9742e-06
1.2813e-02 5.9167e-06
1.2936e-02 5.8601e-06
1.3060e-02 5.8047e-06
1.3175e-02 5.7544e-06
1.3185e-02 5.7501e-06
1.3311e-02 5.6942e-06
1.3439e-02 5.6393e-06
1.3567e-02 5.5854e-06
1.3697e-02 5.5325e-06
1.3791e-02 5.4954e-06
1.3829e-02 5.4801e-06
1.3961e-02 5.4270e-06
1.4095e-02 5.3748e-06
1.4230e-02 5.3233e-06
1.4366e-02 5.2728e-06
1.4434e-02 5.2481e-06
1.4504e-02 5.2220e-06
1.4643e-02 5.1713e-06
1.4783e-02 5.1212e-06
1.4925e-02 5.0725e-06
1.5068e-02 5.0252e-06
1.5109e-02 5.0119e-06
1.5212e-02 4.9772e-06
1.5358e-02 4.9294e-06
1.5505e-02 4.8826e-06
1.5653e-02 4.8367e-06
1.5803e-02 4.7918e-06
1.5822e-02 4.7863e-06
1.5955e-02 4.7467e-06
1.6107e-02 4.7021e-06
1.6262e-02 4.6584e-06
1.6417e-02 4.6156e-06
1.6575e-02 4.5736e-06
1.6585e-02 4.5709e-06
1.6734e-02 4.5302e-06
1.6894e-02 4.4855e-06
1.7056e-02 4.4416e-06
1.7219e-02 4.3987e-06
1.7350e-02 4.3652e-06
1.7384e-02 4.3561e-06
1.7550e-02 4.3129e-06
1.7719e-02 4.2708e-06
1.7888e-02 4.2309e-06
1.8060e-02 4.1920e-06
1.8165e-02 4.1687e-06
1.8233e-02 4.1531e-06
1.8407e-02 4.1136e-06
1.8584e-02 4.0751e-06
1.8762e-02 4.0373e-06
1.8941e-02 4.0009e-06
1.9042e-02 3.9811e-06
1.9123e-02 3.9646e-06
1.9306e-02 3.9278e-06
1.9491e-02 3.8918e-06
1.9678e-02 3.8564e-06
1.9866e-02 3.8211e-06
1.9965e-02 3.8019e-06
2.0057e-02 3.7837e-06
2.0249e-02 3.7461e-06
2.0443e-02 3.7092e-06
2.0638e-02 3.6730e-06
2.0836e-02 3.6375e-06
2.0874e-02 3.6308e-06
2.1036e-02 3.6017e-06
2.1237e-02 3.5675e-06
2.1441e-02 3.5339e-06
2.1646e-02 3.5011e-06
2.1853e-02 3.4687e-06
2.1862e-02 3.4674e-06
2.2063e-02 3.4355e-06
2.2274e-02 3.4031e-06
2.2488e-02 3.3714e-06
2.2703e-02 3.3403e-06
2.2909e-02 3.3113e-06
2.2920e-02 3.3097e-06
2.3140e-02 3.2783e-06
2.3362e-02 3.2476e-06
2.3585e-02 3.2173e-06
2.3811e-02 3.1872e-06
2.4002e-02 3.1623e-06
2.4040e-02 3.1573e-06
2.4270e-02 3.1268e-06
2.4502e-02 3.0970e-06
2.4737e-02 3.0677e-06
2.4974e-02 3.0392e-06
2.5139e-02 3.0200e-06
2.5213e-02 3.0110e-06
2.5455e-02 2.9825e-06
2.5699e-02 2.9546e-06
2.5945e-02 2.9271e-06
2.6193e-02 2.9002e-06
2.6345e-02 2.8840e-06
2.6444e-02 2.8732e-06
2.6698e-02 2.8456e-06
2.6953e-02 2.8185e-06
2.7211e-02 2.7920e-06
2.7472e-02 2.7660e-06
2.7592e-02 2.7542e-06
2.7735e-02 2.7398e-06
2.8001e-02 2.7136e-06
2.8269e-02 2.6882e-06
2.8540e-02 2.6632e-06
2.8813e-02 2.6387e-06
2.8909e-02 2.6303e-06
2.9089e-02 2.6140e-06
2.9368e-02 2.5892e-06
2.9649e-02 2.5649e-06
2.9933e-02 2.5410e-06
3.0220e-02 2.5175e-06
3.0289e-02 2.5119e-06
3.0510e-02 2.4936e-06
3.0802e-02 2.4699e-06
3.1097e-02 2.4467e-06
3.1395e-02 2.4237e-06
3.1696e-02 2.4010e-06
3.1726e-02 2.3988e-06
3.1999e-02 2.3778e-06
3.2306e-02 2.3549e-06
3.2615e-02 2.3325e-06
3.2928e-02 2.3105e-06
3.3215e-02 2.2909e-06
3.3243e-02 2.2890e-06
3.3562e-02 2.2672e-06
3.3883e-02 2.2460e-06
3.4208e-02 2.2251e-06
3.4535e-02 2.2046e-06
3.4810e-02 2.1878e-06
3.4866e-02 2.1843e-06
3.5200e-02 2.1635e-06
3.5537e-02 2.1429e-06
3.5878e-02 2.1227e-06
3.6222e-02 2.1029e-06
3.6463e-02 2.0893e-06
3.6569e-02 2.0832e-06
3.6919e-02 2.0632e-06
3.7273e-02 2.0437e-06
3.7630e-02 2.0247e-06
3.7990e-02 2.0061e-06
3.8202e-02 1.9953e-06
3.8354e-02 1.9874e-06
3.8721e-02 1.9686e-06
3.9092e-02 1.9502e-06
3.9467e-02 1.9320e-06
3.9845e-02 1.9142e-06
4.0035e-02 1.9055e-06
4.0227e-02 1.8964e-06
4.0612e-02 1.8784e-06
4.1001e-02 1.8609e-06
4.1394e-02 1.8436e-06
4.1790e-02 1.8265e-06
4.1947e-02 1.8197e-06
4.2191e-02 1.8089e-06
4.2595e-02 1.7914e-06
4.3003e-02 1.7742e-06
4.3415e-02 1.7574e-06
4.3831e-02 1.7408e-06
4.3907e-02 1.7378e-06
4.4250e-02 1.7241e-06
4.4674e-02 1.7080e-06
4.5102e-02 1.6921e-06
4.5534e-02 1.6767e-06
4.5971e-02 1.6614e-06
4.6022e-02 1.6596e-06
4.6411e-02 1.6458e-06
4.6856e-02 1.6301e-06
4.7304e-02 1.6141e-06
4.7758e-02 1.5985e-06
4.8162e-02 1.5849e-06
4.8215e-02 1.5831e-06
4.8677e-02 1.5673e-06
4.9143e-02 1.5519e-06
4.9614e-02 1.5369e-06
5.0089e-02 1.5224e-06
5.0381e-02 1.5136e-06
5.0569e-02 1.5078e-06
5.1053e-02 1.4931e-06
5.1543e-02 1.4788e-06
5.2036e-02 1.4646e-06
5.2535e-02 1.4510e-06
5.2748e-02 1.4454e-06
5.3038e-02 1.4376e-06
5.3546e-02 1.4242e-06
5.4059e-02 1.4110e-06
5.4577e-02 1.3981e-06
5.5100e-02 1.3854e-06
5.5306e-02 1.3804e-06
5.5628e-02 1.3723e-06
5.6160e-02 1.3589e-06
5.6698e-02 1.3457e-06
5.7242e-02 1.3328e-06
5.7790e-02 1.3201e-06
5.7869e-02 1.3183e-06
5.8343e-02 1.3071e-06
5.8902e-02 1.2944e-06
5.9467e-02 1.2820e-06
6.0036e-02 1.2697e-06
6.0556e-02 1.2589e-06
6.0611e-02 1.2577e-06
6.1192e-02 1.2455e-06
6.1778e-02 1.2334e-06
6.2370e-02 1.2216e-06
6.2967e-02 1.2100e-06
6.3368e-02 1.2023e-06
6.3571e-02 1.1983e-06
6.4180e-02 1.1866e-06
6.4794e-02 1.1751e-06
6.5415e-02 1.1638e-06
6.6042e-02 1.1527e-06
6.6305e-02 1.1482e-06
6.6674e-02 1.1417e-06
6.7313e-02 1.1306e-06
6.7958e-02 1.1197e-06
6.8609e-02 1.1090e-06
6.9266e-02 1.0986e-06
6.9398e-02 1.0965e-06
6.9930e-02 1.0879e-06
7.0600e-02 1.0775e-06
7.1276e-02 1.0672e-06
7.1959e-02 1.0571e-06
7.2648e-02 1.0472e-06
7.2654e-02 1.0471e-06
7.3344e-02 1.0370e-06
7.4047e-02 1.0269e-06
7.4756e-02 1.0167e-06
7.5472e-02 1.0067e-06
7.5965e-02 1.0000e-06
7.6195e-02 9.9677e-07
7.6925e-02 9.8671e-07
7.7662e-02 9.7686e-07
7.8406e-02 9.6718e-07
7.9157e-02 9.5760e-07
7.9365e-02 9.5499e-07
7.9915e-02 9.4792e-07
8.0681e-02 9.3832e-07
8.1454e-02 9.2891e-07
8.2234e-02 9.1970e-07
8.2911e-02 9.1201e-07
8.3022e-02 9.1071e-07
8.3817e-02 9.0166e-07
8.4620e-02 8.9279e-07
8.5430e-02 8.8411e-07
8.6249e-02 8.7556e-07
8.6699e-02 8.7096e-07
8.7075e-02 8.6701e-07
8.7909e-02 8.5837e-07
8.8751e-02 8.4985e-07
8.9601e-02 8.4148e-07
9.0460e-02 8.3328e-07
9.0621e-02 8.3176e-07
9.1326e-02 8.2492e-07
9.2201e-02 8.1668e-07
9.3084e-02 8.0840e-07
9.3976e-02 8.0015e-07
9.4619e-02 7.9433e-07
9.4876e-02 7.9194e-07
9.5785e-02 7.8363e-07
9.6703e-02 7.7549e-07
9.7629e-02 7.6756e-07
9.8564e-02 7.5987e-07
9.8727e-02 7.5858e-07
9.9509e-02 7.5220e-07
1.0046e-01 7.4460e-07
1.0142e-01 7.3716e-07
1.0240e-01 7.2985e-07
1.0314e-01 7.2444e-07
1.0338e-01 7.2261e-07
1.0437e-01 7.1502e-07
1.0537e-01 7.0741e-07
1.0638e-01 6.9995e-07
1.0740e-01 6.9263e-07
1.0751e-01 6.9183e-07
1.0842e-01 6.8519e-07
1.0946e-01 6.7786e-07
1.1051e-01 6.7072e-07
1.1157e-01 6.6381e-07
1.1206e-01 6.6069e-07
1.1264e-01 6.5686e-07
1.1372e-01 6.4991e-07
1.1481e-01 6.4308e-07
1.1591e-01 6.3642e-07
1.1683e-01 6.3096e-07
1.1702e-01 6.2979e-07
1.1814e-01 6.2305e-07
1.1927e-01 6.1642e-07
1.2041e-01 6.0994e-07
1.2157e-01 6.0359e-07
1.2176e-01 6.0256e-07
1.2273e-01 5.9714e-07
1.2391e-01 5.9088e-07
1.2509e-01 5.8482e-07
1.2629e-01 5.7886e-07
1.2699e-01 5.7544e-07
1.2750e-01 5.7293e-07
1.2872e-01 5.6696e-07
1.2996e-01 5.6110e-07
1.3120e-01 5.5529e-07
1.3246e-01 5.4954e-07
1.3246e-01 5.4954e-07
1.3373e-01 5.4367e-07
1.3501e-01 5.3791e-07
1.3630e-01 5.3229e-07
1.3761e-01 5.2677e-07
1.3808e-01 5.2481e-07
1.3892e-01 5.2122e-07
1.4026e-01 5.1573e-07
1.4160e-01 5.1036e-07
1.4296e-01 5.0508e-07
1.4398e-01 5.0119e-07
1.4432e-01 4.9988e-07
1.4571e-01 4.9458e-07
1.4710e-01 4.8939e-07
1.4851e-01 4.8430e-07
1.4993e-01 4.7930e-07
1.5012e-01 4.7863e-07
1.5137e-01 4.7422e-07
1.5282e-01 4.6922e-07
1.5428e-01 4.6432e-07
1.5576e-01 4.5956e-07
1.5655e-01 4.5709e-07
1.5725e-01 4.5482e-07
1.5876e-01 4.5005e-07
1.6028e-01 4.4539e-07
1.6182e-01 4.4081e-07
1.6330e-01 4.3652e-07
1.6337e-01 4.3633e-07
1.6493e-01 4.3175e-07
1.6651e-01 4.2726e-07
1.6811e-01 4.2285e-07
1.6972e-01 4.1855e-07
1.7036e-01 4.1687e-07
1.7134e-01 4.1421e-07
1.7299e-01 4.0989e-07
1.7464e-01 4.0567e-07
1.7632e-01 4.0153e-07
1.7774e-01 3.9811e-07
1.7800e-01 3.9746e-07
1.7971e-01 3.9331e-07
1.8143e-01 3.8924e-07
1.8317e-01 3.8526e-07
1.8492e-01 3.8138e-07
1.8547e-01 3.8019e-07
1.8670e-01 3.7747e-07
1.8848e-01 3.7359e-07
1.9029e-01 3.6978e-07
1.9211e-01 3.6605e-07
1.9360e-01 3.6308e-07
1.9395e-01 3.6235e-07
1.9581e-01 3.5864e-07
1.9769e-01 3.5503e-07
1.9958e-01 3.5148e-07
2.0149e-01 3.4800e-07
2.0219e-01 3.4674e-07
2.0342e-01 3.4449e-07
2.0537e-01 3.4099e-07
2.0734e-01 3.3753e-07
2.0932e-01 3.3414e-07
2.1113e-01 3.3113e-07
2.1133e-01 3.3079e-07
2.1335e-01 3.2771e-07
2.1540e-01 3.2488e-07
2.1542e-01 3.1623e-07
2.1546e-01 3.0200e-07
2.1551e-01 2.8840e-07
2.1556e-01 2.7542e-07
2.1561e-01 2.6303e-07
2.1567e-01 2.5119e-07
2.1573e-01 2.3988e-07
2.1580e-01 2.2909e-07
2.1588e-01 2.1878e-07
2.1596e-01 2.0893e-07
2.1606e-01 1.9953e-07
2.1616e-01 1.9055e-07
2.1627e-01 1.8197e-07
2.1639e-01 1.7378e-07
2.1652e-01 1.6596e-07
2.1666e-01 1.5849e-07
2.1682e-01 1.5136e-07
2.1699e-01 1.4454e-07
2.1717e-01 1.3804e-07
2.1738e-01 1.3183e-07
2.1746e-01 1.2953e-07
2.1746e-01 1.2589e-07
2.1746e-01 1.2023e-07
2.1746e-01 1.1482e-07
2.1746e-01 1.0965e-07
2.1747e-01 1.0471e-07
2.1747e-01 1.0000e-07
2.1747e-01 9.5499e-08
2.1747e-01 9.1201e-08
2.1747e-01 8.7096e-08
2.1748e-01 8.3176e-08
2.1748e-01 7.9433e-08
2.1748e-01 7.5858e-08
2.1749e-01 7.2444e-08
2.1749e-01 6.9183e-08
2.1749e-01 6.6069e-08
2.1750e-01 6.3096e-08
2.1750e-01 6.0256e-08
2.1751e-01 5.7544e-08
2.1752e-01 5.4954e-08
2.1752e-01 5.2481e-08
2.1753e-01 5.0119e-08
2.1754e-01 4.7863e-08
2.1755e-01 4.5709e-08
2.1756e-01 4.3652e-08
2.1757e-01 4.1687e-08
2.1758e-01 3.9811e-08
2.1759e-01 3.8019e-08
2.1760e-01 3.6308e-08
2.1762e-01 3.4674e-08
2.1764e-01 3.3113e-08
2.1765e-01 3.1623e-08
2.1767e-01 3.0200e-08
2.1770e-01 2.8840e-08
2.1772e-01 2.7542e-08
2.1775e-01 2.6303e-08
2.1777e-01 2.5119e-08
2.1781e-01 2.3988e-08
2.1784e-01 2.2909e-08
2.1788e-01 2.1878e-08
2.1792e-01 2.0893e-08
2.1797e-01 1.9953e-08
2.1802e-01 1.9055e-08
2.1807e-01 1.8197e-08
2.1813e-01 1.7378e-08
2.1820e-01 1.6596e-08
2.1827e-01 1.5849e-08
2.1835e-01 1.5136e-08
2.1843e-01 1.4454e-08
2.1853e-01 1.3804e-08
2.1863e-01 1.3183e-08
2.1875e-01 1.2589e-08
2.1887e-01 1.2023e-08
2.1901e-01 1.1482e-08
2.1916e-01 1.0965e-08
2.1933e-01 1.0471e-08
2.1951e-01 1.0000e-08
2.1954e-01 9.9242e-09
2.1996e-01 9.5499e-09
2.2051e-01 9.1201e-09
2.2110e-01 8.7096e-09
2.2165e-01 8.3782e-09
2.2175e-01 8.3176e-09
2.2240e-01 7.9433e-09
2.2311e-01 7.5858e-09
2.2377e-01 7.2921e-09
2.2388e-01 7.2444e-09
2.2467e-01 6.9183e-09
2.2553e-01 6.6069e-09
2.2591e-01 6.4809e-09
2.2644e-01 6.3096e-09
2.2741e-01 6.0256e-09
2.2808e-01 5.8499e-09
2.2845e-01 5.7544e-09
2.2955e-01 5.4954e-09
2.3026e-01 5.3429e-09
2.3072e-01 5.2481e-09
2.3198e-01 5.0119e-09
2.3247e-01 4.9258e-09
2.3331e-01 4.7863e-09
2.3470e-01 4.5767e-09
2.3474e-01 4.5709e-09
2.3624e-01 4.3652e-09
2.3694e-01 4.2769e-09
2.3785e-01 4.1687e-09
2.3921e-01 4.0187e-09
2.3957e-01 3.9811e-09
2.4141e-01 3.8019e-09
2.4151e-01 3.7930e-09
2.4336e-01 3.6308e-09
2.4382e-01 3.5926e-09
2.4543e-01 3.4674e-09
2.4615e-01 3.4142e-09
2.4764e-01 3.3113e-09
2.4851e-01 3.2542e-09
2.5000e-01 3.1623e-09
2.5089e-01 3.1097e-09
2.5252e-01 3.0200e-09
2.5330e-01 2.9785e-09
2.5520e-01 2.8840e-09
2.5572e-01 2.8588e-09
2.5805e-01 2.7542e-09
2.5817e-01 2.7491e-09
2.6065e-01 2.6485e-09
2.6113e-01 2.6303e-09
2.6314e-01 2.5556e-09
2.6441e-01 2.5119e-09
2.6566e-01 2.4697e-09
2.6793e-01 2.3988e-09
2.6821e-01 2.3901e-09
2.7078e-01 2.3153e-09
2.7167e-01 2.2909e-09
2.7337e-01 2.2453e-09
2.7566e-01 2.1878e-09
2.7599e-01 2.1796e-09
2.7863e-01 2.1169e-09
2.7994e-01 2.0893e-09
2.8130e-01 2.0610e-09
2.8400e-01 2.0073e-09
2.8462e-01 1.9953e-09
2.8672e-01 1.9554e-09
2.8814e-01 1.9055e-09
2.8947e-01 1.8609e-09
2.8954e-01 1.8197e-09
2.8969e-01 1.7378e-09
2.8985e-01 1.6596e-09
2.9003e-01 1.5849e-09
2.9022e-01 1.5136e-09
2.9043e-01 1.4454e-09
2.9067e-01 1.3804e-09
2.9093e-01 1.3183e-09
2.9121e-01 1.2589e-09
2.9152e-01 1.2023e-09
2.9186e-01 1.1482e-09
2.9223e-01 1.0965e-09
2.9224e-01 1.0948e-09
2.9481e-01 1.0471e-09
2.9504e-01 1.0430e-09
2.9781e-01 1.0000e-09
2.9786e-01 9.9924e-10
3.0072e-01 9.6059e-10
3.0118e-01 9.5499e-10
3.0360e-01 9.2616e-10
3.0491e-01 9.1201e-10
3.0651e-01 8.9517e-10
3.0900e-01 8.7096e-10
3.0944e-01 8.6681e-10
3.1241e-01 8.4048e-10
3.1347e-01 8.3176e-10
3.1540e-01 8.1612e-10
3.1835e-01 7.9433e-10
3.1842e-01 7.9380e-10
3.2147e-01 7.7265e-10
3.2367e-01 7.5858e-10
3.2455e-01 7.5301e-10
3.2766e-01 7.3375e-10
3.2925e-01 7.2444e-10
3.3080e-01 7.1543e-10
3.3397e-01 6.9809e-10
3.3517e-01 6.9183e-10
3.3717e-01 6.8147e-10
3.4040e-01 6.6544e-10
3.4140e-01 6.6069e-10
3.4366e-01 6.5003e-10
3.4695e-01 6.3578e-10
3.4813e-01 6.3096e-10
3.5027e-01 6.2221e-10
3.5363e-01 6.0922e-10
3.5545e-01 6.0256e-10
3.5702e-01 5.9682e-10
3.6044e-01 5.8494e-10
3.6334e-01 5.7544e-10
3.6389e-01 5.7362e-10
3.6737e-01 5.6207e-10
3.7089e-01 5.5091e-10
3.7134e-01 5.4954e-10
3.7445e-01 5.3993e-10
3.7803e-01 5.2933e-10
3.7961e-01 5.2481e-10
3.8165e-01 5.1893e-10
3.8531e-01 5.0890e-10
3.8819e-01 5.0119e-10
3.8900e-01 4.9901e-10
3.9273e-01 4.8928e-10
3.9649e-01 4.7997e-10
3.9703e-01 4.7863e-10
4.0029e-01 4.7055e-10
4.0412e-01 4.6154e-10
4.0609e-01 4.5709e-10
4.0799e-01 4.5277e-10
4.1190e-01 4.4438e-10
4.1579e-01 4.3652e-10
4.1585e-01 4.3640e-10
4.1983e-01 4.2882e-10
4.2385e-01 4.2159e-10
4.2654e-01 4.1687e-10
4.2791e-01 4.1445e-10
4.3201e-01 4.0728e-10
4.3615e-01 4.0039e-10
4.3750e-01 3.9811e-10
4.4033e-01 3.9330e-10
4.4455e-01 3.8642e-10
4.4860e-01 3.8019e-10
4.4881e-01 3.7987e-10
4.5311e-01 3.7333e-10
4.5745e-01 3.6707e-10
4.6037e-01 3.6308e-10
4.6183e-01 3.6107e-10
4.6625e-01 3.5514e-10
4.7072e-01 3.4938e-10
4.7284e-01 3.4674e-10
4.7523e-01 3.4373e-10
4.7978e-01 3.3816e-10
4.8438e-01 3.3281e-10
4.8594e-01 3.3113e-10
4.8902e-01 3.2775e-10
4.9370e-01 3.2298e-10
4.9843e-01 3.1840e-10
5.0078e-01 3.1623e-10
5.0321e-01 3.1394e-10
5.0803e-01 3.0941e-10
5.1289e-01 3.0475e-10
5.1581e-01 3.0200e-10
5.1781e-01 3.0010e-10
5.2277e-01 2.9534e-10
5.2777e-01 2.9081e-10
5.3060e-01 2.8840e-10
5.3283e-01 2.8648e-10
5.3793e-01 2.8223e-10
5.4309e-01 2.7821e-10
5.4693e-01 2.7542e-10
5.4829e-01 2.7441e-10
5.5354e-01 2.7072e-10
5.5884e-01 2.6712e-10
5.6420e-01 2.6359e-10
5.6504e-01 2.6303e-10
5.6960e-01 2.5996e-10
5.7506e-01 2.5631e-10
5.8057e-01 2.5271e-10
5.8292e-01 2.5119e-10
5.8613e-01 2.4909e-10
5.9174e-01 2.4563e-10
5.9741e-01 2.4231e-10
6.0177e-01 2.3988e-10
6.0314e-01 2.3910e-10
6.0891e-01 2.3587e-10
6.1475e-01 2.3270e-10
6.2064e-01 2.2961e-10
6.2163e-01 2.2909e-10
6.2658e-01 2.2647e-10
6.3258e-01 2.2333e-10
6.3864e-01 2.2026e-10
6.4150e-01 2.1878e-10
6.4476e-01 2.1707e-10
6.5094e-01 2.1386e-10
6.5717e-01 2.1072e-10
6.6077e-01 2.0893e-10
6.6347e-01 2.0757e-10
6.6982e-01 2.0446e-10
6.7624e-01 2.0152e-10
6.8062e-01 1.9953e-10
6.8272e-01 1.9856e-10
6.8926e-01 1.9557e-10
6.9586e-01 1.9250e-10
7.0004e-01 1.9055e-10
7.0253e-01 1.8937e-10
7.0926e-01 1.8618e-10
7.1605e-01 1.8293e-10
7.1804e-01 1.8197e-10
7.2291e-01 1.7961e-10
7.2984e-01 1.7633e-10
7.3548e-01 1.7378e-10
7.3683e-01 1.7316e-10
7.4389e-01 1.6990e-10
7.5101e-01 1.6670e-10
7.5267e-01 1.6596e-10
7.5821e-01 1.6346e-10
7.6547e-01 1.6005e-10
7.6877e-01 1.5849e-10
7.7280e-01 1.5659e-10
7.8020e-01 1.5313e-10
7.8398e-01 1.5136e-10
7.8768e-01 1.4963e-10
7.9522e-01 1.4606e-10
7.9843e-01 1.4454e-10
8.0284e-01 1.4246e-10
8.1053e-01 1.3882e-10
8.1211e-01 1.3804e-10
8.1830e-01 1.3502e-10
8.2457e-01 1.3183e-10
8.2614e-01 1.3104e-10
8.3405e-01 1.2710e-10
8.3647e-01 1.2589e-10
8.4204e-01 1.2317e-10
8.4795e-01 1.2023e-10
8.5011e-01 1.1918e-10
8.5825e-01 1.1494e-10
8.5847e-01 1.1482e-10
8.6647e-01 1.1056e-10
8.6817e-01 1.0965e-10
8.7477e-01 1.0622e-10
8.7750e-01 1.0471e-10
8.8315e-01 1.0171e-10
8.8608e-01 1.0000e-10
8.9161e-01 9.6942e-11
8.9402e-01 9.5499e-11
9.0015e-01 9.2029e-11
9.0154e-01 9.1201e-11
9.0878e-01 8.7139e-11
9.0885e-01 8.7096e-11
9.1521e-01 8.3176e-11
9.1748e-01 8.1878e-11
9.2161e-01 7.9433e-11
9.2627e-01 7.6827e-11
9.2790e-01 7.5858e-11
9.3405e-01 7.2444e-11
9.3514e-01 7.1867e-11
9.3984e-01 6.9183e-11
9.4410e-01 6.6959e-11
9.4563e-01 6.6069e-11
9.5111e-01 6.3096e-11
9.5314e-01 6.2075e-11
9.5603e-01 6.0256e-11
9.6067e-01 5.7544e-11
9.6228e-01 5.6673e-11
9.6567e-01 5.4954e-11
9.7095e-01 5.2481e-11
9.7149e-01 5.2235e-11
9.8080e-01 5.2376e-11
9.8091e-01 5.2481e-11
9.8331e-01 5.4954e-11
9.8555e-01 5.7544e-11
9.8762e-01 6.0256e-11
9.8951e-01 6.3096e-11
9.9020e-01 6.4209e-11
9.9196e-01 6.6069e-11
9.9466e-01 6.9183e-11
9.9716e-01 7.2444e-11
9.9945e-01 7.5858e-11
9.9968e-01 7.6222e-11
1.0032e+00 7.9433e-11
1.0069e+00 8.3176e-11
1.0093e+00 8.5800e-11
1.0102e+00 8.3176e-11
1.0115e+00 7.9433e-11
1.0130e+00 7.5858e-11
1.0146e+00 7.2444e-11
1.0164e+00 6.9183e-11
1.0184e+00 6.6069e-11
1.0189e+00 6.5278e-11
1.0212e+00 6.6069e-11
1.0287e+00 6.8887e-11
1.0295e+00 6.9183e-11
1.0376e+00 7.2444e-11
1.0385e+00 7.2844e-11
1.0472e+00 7.5858e-11
1.0485e+00 7.6336e-11
1.0585e+00 7.9257e-11
1.0591e+00 7.9433e-11
1.0687e+00 8.2255e-11
1.0721e+00 8.3176e-11
1.0789e+00 8.5049e-11
1.0870e+00 8.7096e-11
1.0892e+00 8.7661e-11
1.0997e+00 8.9963e-11
1.1056e+00 9.1201e-11
1.1102e+00 9.2153e-11
1.1208e+00 9.3848e-11
1.1316e+00 9.5490e-11
1.1317e+00 9.5499e-11
1.1424e+00 9.6755e-11
1.1534e+00 9.7752e-11
1.1644e+00 9.8649e-11
1.1756e+00 9.9468e-11
1.1843e+00 1.0000e-10
1.1868e+00 1.0015e-10
1.1982e+00 1.0065e-10
1.2097e+00 1.0090e-10
1.2213e+00 1.0091e-10
1.2330e+00 1.0073e-10
1.2448e+00 1.0016e-10
1.2481e+00 1.0000e-10
1.2567e+00 9.9554e-11
1.2687e+00 9.8911e-11
1.2809e+00 9.7891e-11
1.2932e+00 9.6615e-11
1.3045e+00 9.5499e-11
1.3056e+00 9.5385e-11
1.3181e+00 9.4528e-11
1.3307e+00 9.4096e-11
1.3434e+00 9.3868e-11
1.3563e+00 9.3782e-11
1.3693e+00 9.3767e-11
1.3824e+00 9.3679e-11
1.3957e+00 9.3787e-11
1.4090e+00 9.4118e-11
1.4225e+00 9.4614e-11
1.4362e+00 9.4997e-11
1.4499e+00 9.5402e-11
1.4526e+00 9.5499e-11
1.4638e+00 9.5884e-11
1.4778e+00 9.6270e-11
1.4920e+00 9.6748e-11
1.5063e+00 9.6767e-11
1.5207e+00 9.6732e-11
1.5353e+00 9.6773e-11
1.5500e+00 9.6773e-11
1.5648e+00 9.6679e-11
1.5798e+00 9.6886e-11
1.5949e+00 9.7080e-11
1.6102e+00 9.7323e-11
1.6256e+00 9.7552e-11
1.6412e+00 9.8093e-11
1.6569e+00 9.9099e-11
1.6705e+00 1.0000e-10
1.6728e+00 1.0015e-10
1.6888e+00 1.0136e-10
1.7050e+00 1.0251e-10
1.7214e+00 1.0343e-10
1.7378e+00 1.0437e-10
1.7433e+00 1.0471e-10
1.7545e+00 1.0539e-10
1.7713e+00 1.0666e-10
1.7883e+00 1.0744e-10
1.8054e+00 1.0787e-10
1.8227e+00 1.0853e-10
1.8402e+00 1.0922e-10
1.8520e+00 1.0965e-10
1.8578e+00 1.0985e-10
1.8756e+00 1.1053e-10
1.8935e+00 1.1119e-10
1.9117e+00 1.1165e-10
1.9300e+00 1.1213e-10
1.9485e+00 1.1254e-10
1.9671e+00 1.1278e-10
1.9860e+00 1.1286e-10
1.9869e+00 1.1482e-10
1.9894e+00 1.2023e-10
1.9916e+00 1.2589e-10
1.9936e+00 1.3183e-10
1.9954e+00 1.3804e-10
1.9971e+00 1.4454e-10
1.9986e+00 1.5136e-10
2.0000e+00 1.5849e-10
2.0013e+00 1.6596e-10
2.0025e+00 1.7378e-10
2.0036e+00 1.8197e-10
2.0045e+00 1.9055e-10
2.0050e+00 1.9524e-10
2.0242e+00 1.9346e-10
2.0436e+00 1.9179e-10
2.0584e+00 1.9055e-10
2.0632e+00 1.9014e-10
2.0830e+00 1.8847e-10
2.1029e+00 1.8685e-10
2.1231e+00 1.8526e-10
2.1434e+00 1.8367e-10
2.1639e+00 1.8205e-10
2.1649e+00 1.8197e-10
2.1847e+00 1.8040e-10
2.2056e+00 1.7879e-10
2.2267e+00 1.7722e-10
2.2480e+00 1.7568e-10
2.2696e+00 1.7417e-10
2.2753e+00 1.7378e-10
2.2913e+00 1.7266e-10
2.3133e+00 1.7117e-10
2.3354e+00 1.6973e-10
2.3578e+00 1.6831e-10
2.3804e+00 1.6695e-10
2.3974e+00 1.6596e-10
2.4032e+00 1.6562e-10
2.4262e+00 1.6432e-10
2.4494e+00 1.6308e-10
2.4729e+00 1.6195e-10
2.4966e+00 1.6088e-10
2.5205e+00 1.5999e-10
2.5447e+00 1.5920e-10
2.5690e+00 1.5856e-10
2.5716e+00 1.5849e-10
2.5936e+00 1.5788e-10
2.6185e+00 1.5716e-10
2.6436e+00 1.5642e-10
2.6689e+00 1.5564e-10
2.6945e+00 1.5486e-10
2.7203e+00 1.5409e-10
2.7463e+00 1.5330e-10
2.7726e+00 1.5249e-10
2.7992e+00 1.5168e-10
2.8093e+00 1.5136e-10
2.8260e+00 1.5083e-10
2.8531e+00 1.4995e-10
2.8804e+00 1.4905e-10
2.9080e+00 1.4831e-10
2.9359e+00 1.4750e-10
2.9640e+00 1.4672e-10
2.9924e+00 1.4603e-10
2.9937e+00 1.5136e-10
2.9954e+00 1.5849e-10
2.9969e+00 1.6596e-10
2.9983e+00 1.7378e-10
2.9997e+00 1.8197e-10
3.0010e+00 1.9055e-10
3.0022e+00 1.9953e-10
3.0031e+00 2.0893e-10
3.0040e+00 2.1878e-10
3.0049e+00 2.2909e-10
3.0057e+00 2.3988e-10
3.0065e+00 2.5119e-10
3.0072e+00 2.6303e-10
3.0079e+00 2.7542e-10
3.0085e+00 2.8840e-10
3.0090e+00 3.0200e-10
3.0094e+00 3.1623e-10
3.0099e+00 3.3113e-10
3.0103e+00 3.4674e-10
3.0107e+00 3.6308e-10
3.0111e+00 3.8019e-10
3.0115e+00 3.9811e-10
3.0117e+00 4.1687e-10
3.0120e+00 4.3652e-10
3.0122e+00 4.5709e-10
3.0124e+00 4.7863e-10
3.0126e+00 5.0119e-10
3.0128e+00 5.2481e-10
3.0130e+00 5.4954e-10
3.0131e+00 5.7544e-10
3.0132e+00 6.0256e-10
3.0132e+00 6.3096e-10
3.0133e+00 6.6069e-10
3.0133e+00 6.9183e-10
3.0134e+00 7.2444e-10
3.0134e+00 7.5858e-10
3.0135e+00 7.9433e-10
3.0134e+00 8.3176e-10
3.0132e+00 8.7096e-10
3.0131e+00 9.1201e-10
3.0130e+00 9.5499e-10
3.0129e+00 1.0000e-09
3.0127e+00 1.0471e-09
3.0126e+00 1.0965e-09
3.0124e+00 1.1482e-09
3.0120e+00 1.2023e-09
3.0116e+00 1.2589e-09
3.0112e+00 1.3183e-09
3.0108e+00 1.3804e-09
3.0104e+00 1.4454e-09
3.0099e+00 1.5136e-09
3.0094e+00 1.5849e-09
3.0086e+00 1.6596e-09
3.0077e+00 1.7378e-09
3.0067e+00 1.8197e-09
3.0056e+00 1.9055e-09
3.0045e+00 1.9953e-09
3.0033e+00 2.0893e-09
3.0020e+00 2.1878e-09
3.0001e+00 2.2909e-09
2.9978e+00 2.3988e-09
2.9951e+00 2.5119e-09
2.9924e+00 2.6222e-09
2.9902e+00 2.6303e-09
2.9640e+00 2.7322e-09
2.9585e+00 2.7542e-09
2.9359e+00 2.8505e-09
2.9283e+00 2.8840e-09
2.9080e+00 2.9784e-09
2.8994e+00 3.0200e-09
2.8804e+00 3.1170e-09
2.8719e+00 3.1623e-09
2.8531e+00 3.2675e-09
2.8456e+00 3.3113e-09
2.8260e+00 3.4315e-09
2.8204e+00 3.4674e-09
2.7992e+00 3.6057e-09
2.7957e+00 3.6308e-09
2.7726e+00 3.7730e-09
2.7687e+00 3.8019e-09
2.7463e+00 3.9549e-09
2.7426e+00 3.9811e-09
2.7203e+00 4.1494e-09
2.7179e+00 4.1687e-09
2.6945e+00 4.3621e-09
2.6941e+00 4.3652e-09
2.6717e+00 4.5709e-09
2.6689e+00 4.5972e-09
2.6502e+00 4.7863e-09
2.6436e+00 4.8558e-09
2.6297e+00 5.0119e-09
2.6185e+00 5.1409e-09
2.6099e+00 5.2481e-09
2.5936e+00 5.4546e-09
2.5907e+00 5.4954e-09
2.5726e+00 5.7544e-09
2.5690e+00 5.8081e-09
2.5555e+00 6.0256e-09
2.5447e+00 6.2008e-09
2.5376e+00 6.3096e-09
2.5205e+00 6.5768e-09
2.5185e+00 6.6069e-09
2.4992e+00 6.9183e-09
2.4966e+00 6.9562e-09
2.4789e+00 7.2444e-09
2.4729e+00 7.3334e-09
2.4563e+00 7.5858e-09
2.4494e+00 7.6918e-09
2.4328e+00 7.9433e-09
2.4262e+00 8.0483e-09
2.4091e+00 8.3176e-09
2.4032e+00 8.4169e-09
2.3850e+00 8.7096e-09
2.3804e+00 8.7881e-09
2.3604e+00 9.1201e-09
2.3578e+00 9.1659e-09
2.3357e+00 9.5499e-09
2.3354e+00 9.5560e-09
2.3133e+00 9.9676e-09
2.3115e+00 1.0000e-08
2.2913e+00 1.0395e-08
2.2874e+00 1.0471e-08
2.2696e+00 1.0840e-08
2.2635e+00 1.0965e-08
2.2480e+00 1.1307e-08
2.2401e+00 1.1482e-08
2.2267e+00 1.1797e-08
2.2170e+00 1.2023e-08
2.2056e+00 1.2307e-08
2.1942e+00 1.2589e-08
2.1847e+00 1.2841e-08
2.1716e+00 1.3183e-08
2.1639e+00 1.3399e-08
2.1494e+00 1.3804e-08
2.1434e+00 1.3970e-08
2.1269e+00 1.4454e-08
2.1231e+00 1.4557e-08
2.1029e+00 1.5117e-08
2.1023e+00 1.5136e-08
2.0830e+00 1.5693e-08
2.0775e+00 1.5849e-08
2.0632e+00 1.6288e-08
2.0528e+00 1.6596e-08
2.0436e+00 1.6896e-08
2.0283e+00 1.7378e-08
2.0242e+00 1.7521e-08
2.0050e+00 1.8172e-08
2.0050e+00 1.8197e-08
2.0040e+00 1.9055e-08
2.0028e+00 1.9953e-08
2.0014e+00 2.0893e-08
1.9996e+00 2.1878e-08
1.9976e+00 2.2909e-08
1.9950e+00 2.3988e-08
1.9912e+00 2.5119e-08
1.9860e+00 2.6303e-08
1.9860e+00 2.6313e-08
1.9671e+00 2.6869e-08
1.9485e+00 2.7310e-08
1.9363e+00 2.7542e-08
1.9300e+00 2.7692e-08
1.9117e+00 2.8077e-08
1.8935e+00 2.8448e-08
1.8756e+00 2.8702e-08
1.8644e+00 2.8840e-08
1.8578e+00 2.8946e-08
1.8402e+00 2.9229e-08
1.8227e+00 2.9460e-08
1.8054e+00 2.9661e-08
1.7883e+00 2.9899e-08
1.7713e+00 2.9928e-08
1.7545e+00 2.9697e-08
1.7378e+00 2.9549e-08
1.7214e+00 2.9429e-08
1.7050e+00 2.9288e-08
1.6888e+00 2.8999e-08
1.6814e+00 2.8840e-08
1.6728e+00 2.8692e-08
1.6569e+00 2.8512e-08
1.6412e+00 2.8330e-08
1.6256e+00 2.8375e-08
1.6102e+00 2.8606e-08
1.5949e+00 2.8828e-08
1.5942e+00 2.8840e-08
1.5798e+00 2.9101e-08
1.5648e+00 2.9348e-08
1.5500e+00 2.9753e-08
1.5353e+00 3.0054e-08
1.5267e+00 3.0200e-08
1.5207e+00 3.0332e-08
1.5063e+00 3.0615e-08
1.4920e+00 3.0785e-08
1.4778e+00 3.0602e-08
1.4638e+00 3.0469e-08
1.4499e+00 3.0248e-08
1.4453e+00 3.0200e-08
1.4362e+00 3.0128e-08
1.4225e+00 3.0034e-08
1.4090e+00 2.9869e-08
1.3957e+00 2.9824e-08
1.3824e+00 2.9928e-08
1.3693e+00 3.0154e-08
1.3660e+00 3.0200e-08
1.3563e+00 3.0380e-08
1.3434e+00 3.0686e-08
1.3307e+00 3.1090e-08
1.3182e+00 3.1623e-08
1.3181e+00 3.1629e-08
1.3056e+00 3.2609e-08
1.3005e+00 3.3113e-08
1.2932e+00 3.3895e-08
1.2858e+00 3.4674e-08
1.2809e+00 3.5244e-08
1.2690e+00 3.6308e-08
1.2687e+00 3.6336e-08
1.2567e+00 3.7233e-08
1.2448e+00 3.8000e-08
1.2445e+00 3.8019e-08
1.2330e+00 3.8770e-08
1.2213e+00 3.9128e-08
1.2097e+00 3.9289e-08
1.1982e+00 3.9196e-08
1.1868e+00 3.8856e-08
1.1756e+00 3.8253e-08
1.1722e+00 3.8019e-08
1.1644e+00 3.7583e-08
1.1534e+00 3.6779e-08
1.1483e+00 3.6308e-08
1.1424e+00 3.5849e-08
1.1325e+00 3.4674e-08
1.1316e+00 3.4577e-08
1.1212e+00 3.3113e-08
1.1208e+00 3.3053e-08
1.1111e+00 3.1623e-08
1.1102e+00 3.1500e-08
1.1029e+00 3.0200e-08
1.0997e+00 2.9596e-08
1.0955e+00 2.8840e-08
1.0892e+00 2.7582e-08
1.0890e+00 2.7542e-08
1.0826e+00 2.6303e-08
1.0789e+00 2.5451e-08
1.0772e+00 2.5119e-08
1.0717e+00 2.3988e-08
1.0687e+00 2.3291e-08
1.0667e+00 2.2909e-08
1.0618e+00 2.1878e-08
1.0585e+00 2.1080e-08
1.0575e+00 2.0893e-08
1.0526e+00 1.9953e-08
1.0488e+00 1.9055e-08
1.0485e+00 1.8986e-08
1.0444e+00 1.8197e-08
1.0413e+00 1.7378e-08
1.0385e+00 1.6666e-08
1.0382e+00 1.6596e-08
1.0345e+00 1.5849e-08
1.0319e+00 1.5136e-08
1.0294e+00 1.4454e-08
1.0287e+00 1.4284e-08
1.0259e+00 1.3804e-08
1.0230e+00 1.3183e-08
1.0202e+00 1.2589e-08
1.0189e+00 1.2302e-08
1.0175e+00 1.2023e-08
1.0153e+00 1.1482e-08
1.0134e+00 1.0965e-08
1.0118e+00 1.0471e-08
1.0105e+00 1.0000e-08
1.0095e+00 9.5499e-09
1.0093e+00 9.4472e-09
1.0069e+00 9.1201e-09
1.0042e+00 8.7096e-09
1.0019e+00 8.3176e-09
1.0001e+00 7.9433e-09
9.9968e-01 7.8669e-09
9.9726e-01 7.5858e-09
9.9450e-01 7.2444e-09
9.9227e-01 6.9183e-09
9.9044e-01 6.6069e-09
9.9020e-01 6.5675e-09
9.8768e-01 6.3096e-09
9.8501e-01 6.0256e-09
9.8290e-01 5.7544e-09
9.8116e-01 5.4954e-09
9.8080e-01 5.4425e-09
9.7149e-01 5.4239e-09
9.7114e-01 5.4954e-09
9.6985e-01 5.7544e-09
9.6827e-01 6.0256e-09
9.6626e-01 6.3096e-09
9.6406e-01 6.6069e-09
9.6228e-01 6.8409e-09
9.6201e-01 6.9183e-09
9.6082e-01 7.2444e-09
9.5928e-01 7.5858e-09
9.5761e-01 7.9433e-09
9.5574e-01 8.3176e-09
9.5354e-01 8.7096e-09
9.5314e-01 8.7694e-09
9.5168e-01 9.1201e-09
9.4992e-01 9.5499e-09
9.4802e-01 1.0000e-08
9.4546e-01 1.0471e-08
9.4410e-01 1.0694e-08
9.4314e-01 1.0965e-08
9.4143e-01 1.1482e-08
9.3937e-01 1.2023e-08
9.3660e-01 1.2589e-08
9.3514e-01 1.2869e-08
9.3424e-01 1.3183e-08
9.3245e-01 1.3804e-08
9.3011e-01 1.4454e-08
9.2715e-01 1.5136e-08
9.2627e-01 1.5335e-08
9.2500e-01 1.5849e-08
9.2291e-01 1.6596e-08
9.2027e-01 1.7378e-08
9.1748e-01 1.8084e-08
9.1723e-01 1.8197e-08
9.1535e-01 1.9055e-08
9.1298e-01 1.9953e-08
9.0998e-01 2.0893e-08
9.0878e-01 2.1259e-08
9.0742e-01 2.1878e-08
9.0491e-01 2.2909e-08
9.0175e-01 2.3988e-08
9.0015e-01 2.4505e-08
8.9891e-01 2.5119e-08
8.9632e-01 2.6303e-08
8.9305e-01 2.7542e-08
8.9161e-01 2.8069e-08
8.9012e-01 2.8840e-08
8.8724e-01 3.0200e-08
8.8360e-01 3.1623e-08
8.8315e-01 3.1814e-08
8.8070e-01 3.3113e-08
8.7711e-01 3.4674e-08
8.7477e-01 3.5716e-08
8.7365e-01 3.6308e-08
8.6997e-01 3.8019e-08
8.6647e-01 3.9580e-08
8.6604e-01 3.9811e-08
8.6245e-01 4.1687e-08
8.5825e-01 4.3585e-08
8.5812e-01 4.3652e-08
8.5455e-01 4.5709e-08
8.5011e-01 4.7736e-08
8.4986e-01 4.7863e-08
8.4585e-01 5.0119e-08
8.4204e-01 5.1922e-08
8.4105e-01 5.2481e-08
8.3656e-01 5.4954e-08
8.3405e-01 5.6224e-08
8.3189e-01 5.7544e-08
8.2693e-01 6.0256e-08
8.2614e-01 6.0694e-08
8.2255e-01 6.3096e-08
8.1830e-01 6.5556e-08
8.1750e-01 6.6069e-08
8.1260e-01 6.9183e-08
8.1053e-01 7.0436e-08
8.0751e-01 7.2444e-08
8.0284e-01 7.5308e-08
8.0202e-01 7.5858e-08
7.9670e-01 7.9433e-08
7.9522e-01 8.0416e-08
7.9139e-01 8.3176e-08
7.8768e-01 8.5714e-08
7.8579e-01 8.7096e-08
7.8020e-01 9.1021e-08
7.7996e-01 9.1201e-08
7.7444e-01 9.5499e-08
7.7280e-01 9.6751e-08
7.6881e-01 1.0000e-07
7.6547e-01 1.0265e-07
7.6294e-01 1.0471e-07
7.5821e-01 1.0853e-07
7.5679e-01 1.0965e-07
7.5101e-01 1.1429e-07
7.5036e-01 1.1482e-07
7.4392e-01 1.2023e-07
7.4389e-01 1.2026e-07
7.3759e-01 1.2589e-07
7.3683e-01 1.2655e-07
7.3110e-01 1.3183e-07
7.2984e-01 1.3295e-07
7.2437e-01 1.3804e-07
7.2291e-01 1.3942e-07
7.1746e-01 1.4454e-07
7.1605e-01 1.4594e-07
7.1049e-01 1.5136e-07
7.0926e-01 1.5263e-07
7.0325e-01 1.5849e-07
7.0253e-01 1.5924e-07
6.9587e-01 1.6596e-07
6.9586e-01 1.6597e-07
6.8926e-01 1.7304e-07
6.8851e-01 1.7378e-07
6.8272e-01 1.8009e-07
6.8089e-01 1.8197e-07
6.7624e-01 1.8729e-07
6.7321e-01 1.9055e-07
6.6982e-01 1.9461e-07
6.6564e-01 1.9953e-07
6.6347e-01 2.0235e-07
6.5828e-01 2.0893e-07
6.5717e-01 2.1047e-07
6.5094e-01 2.1877e-07
6.5093e-01 2.1878e-07
6.4476e-01 2.2785e-07
6.4387e-01 2.2909e-07
6.3864e-01 2.3713e-07
6.3670e-01 2.3988e-07
6.3258e-01 2.4641e-07
6.2941e-01 2.5119e-07
6.2658e-01 2.5594e-07
6.2209e-01 2.6303e-07
6.2064e-01 2.6559e-07
6.1478e-01 2.7542e-07
6.1475e-01 2.7548e-07
6.0891e-01 2.8645e-07
6.0779e-01 2.8840e-07
6.0314e-01 2.9747e-07
6.0070e-01 3.0200e-07
5.9741e-01 3.0881e-07
5.9372e-01 3.1623e-07
5.9174e-01 3.2039e-07
5.8689e-01 3.3113e-07
5.8613e-01 3.3279e-07
5.8057e-01 3.4573e-07
5.8016e-01 3.4674e-07
5.7506e-01 3.5905e-07
5.7342e-01 3.6308e-07
5.6960e-01 3.7297e-07
5.6658e-01 3.8019e-07
5.6420e-01 3.8670e-07
5.5984e-01 3.9811e-07
5.5884e-01 4.0107e-07
5.5354e-01 4.1537e-07
5.5294e-01 4.1687e-07
5.4829e-01 4.3036e-07
5.4606e-01 4.3652e-07
5.4309e-01 4.4590e-07
5.3936e-01 4.5709e-07
5.3793e-01 4.6198e-07
5.3288e-01 4.7863e-07
5.3283e-01 4.7883e-07
5.2777e-01 4.9792e-07
5.2690e-01 5.0119e-07
5.2277e-01 5.1836e-07
5.2118e-01 5.2481e-07
5.1781e-01 5.3988e-07
5.1551e-01 5.4954e-07
5.1289e-01 5.6171e-07
5.0965e-01 5.7544e-07
5.0803e-01 5.8315e-07
5.0344e-01 6.0256e-07
5.0321e-01 6.0365e-07
4.9843e-01 6.2608e-07
4.9735e-01 6.3096e-07
4.9370e-01 6.4967e-07
4.9145e-01 6.6069e-07
4.8902e-01 6.7411e-07
4.8579e-01 6.9183e-07
4.8438e-01 7.0039e-07
4.8051e-01 7.2444e-07
4.7978e-01 7.2937e-07
4.7541e-01 7.5858e-07
4.7523e-01 7.5986e-07
4.7072e-01 7.9270e-07
4.7050e-01 7.9433e-07
4.6625e-01 8.2772e-07
4.6573e-01 8.3176e-07
4.6183e-01 8.6279e-07
4.6085e-01 8.7096e-07
4.5745e-01 8.9872e-07
4.5599e-01 9.1201e-07
4.5311e-01 9.3781e-07
4.5114e-01 9.5499e-07
4.4881e-01 9.7733e-07
4.4640e-01 1.0000e-06
4.4455e-01 1.0190e-06
4.4179e-01 1.0471e-06
4.4033e-01 1.0633e-06
4.3731e-01 1.0965e-06
4.3615e-01 1.1102e-06
4.3277e-01 1.1482e-06
4.3201e-01 1.1575e-06
4.2809e-01 1.2023e-06
4.2791e-01 1.2046e-06
4.2385e-01 1.2549e-06
4.2352e-01 1.2589e-06
4.1983e-01 1.3079e-06
4.1903e-01 1.3183e-06
4.1585e-01 1.3635e-06
4.1471e-01 1.3804e-06
4.1190e-01 1.4250e-06
4.1063e-01 1.4454e-06
4.0799e-01 1.4906e-06
4.0670e-01 1.5136e-06
4.0412e-01 1.5618e-06
4.0291e-01 1.5849e-06
4.0029e-01 1.6374e-06
3.9921e-01 1.6596e-06
3.9649e-01 1.7179e-06
3.9557e-01 1.7378e-06
3.9273e-01 1.8018e-06
3.9196e-01 1.8197e-06
3.8900e-01 1.8907e-06
3.8841e-01 1.9055e-06
3.8531e-01 1.9851e-06
3.8491e-01 1.9953e-06
3.8165e-01 2.0818e-06
3.8138e-01 2.0893e-06
3.7803e-01 2.1850e-06
3.7793e-01 2.1878e-06
3.7460e-01 2.2909e-06
3.7445e-01 2.2954e-06
3.7131e-01 2.3988e-06
3.7089e-01 2.4121e-06
3.6808e-01 2.5119e-06
3.6737e-01 2.5361e-06
3.6474e-01 2.6303e-06
3.6389e-01 2.6610e-06
3.6123e-01 2.7542e-06
3.6044e-01 2.7838e-06
3.5781e-01 2.8840e-06
3.5702e-01 2.9157e-06
3.5452e-01 3.0200e-06
3.5363e-01 3.0585e-06
3.5136e-01 3.1623e-06
3.5027e-01 3.2131e-06
3.4830e-01 3.3113e-06
3.4695e-01 3.3796e-06
3.4536e-01 3.4674e-06
3.4366e-01 3.5607e-06
3.4254e-01 3.6308e-06
3.4040e-01 3.7612e-06
3.3981e-01 3.8019e-06
3.3717e-01 3.9751e-06
3.3709e-01 3.9811e-06
3.3463e-01 4.1687e-06
3.3397e-01 4.2169e-06
3.3222e-01 4.3652e-06
3.3080e-01 4.4777e-06
3.2980e-01 4.5709e-06
3.2766e-01 4.7547e-06
3.2735e-01 4.7863e-06
3.2506e-01 5.0119e-06
3.2455e-01 5.0615e-06
3.2278e-01 5.2481e-06
3.2147e-01 5.3767e-06
3.2046e-01 5.4954e-06
3.1842e-01 5.7140e-06
3.1811e-01 5.7544e-06
3.1600e-01 6.0256e-06
3.1540e-01 6.1002e-06
3.1406e-01 6.3096e-06
3.1241e-01 6.5341e-06
3.1200e-01 6.6069e-06
3.1013e-01 6.9183e-06
3.0944e-01 7.0254e-06
3.0841e-01 7.2444e-06
3.0651e-01 7.5728e-06
3.0646e-01 7.5858e-06
3.0506e-01 7.9433e-06
3.0360e-01 8.2361e-06
3.0333e-01 8.3176e-06
3.0193e-01 8.7096e-06
3.0072e-01 9.0043e-06
3.0041e-01 9.1201e-06
2.9910e-01 9.5499e-06
2.9786e-01 9.8967e-06
2.9764e-01 1.0000e-05
2.9654e-01 1.0471e-05
2.9504e-01 1.0957e-05
2.9503e-01 1.0965e-05
2.9420e-01 1.1482e-05
2.9310e-01 1.2023e-05
2.9224e-01 1.2340e-05
2.8947e-01 1.2321e-05
2.8926e-01 1.2589e-05
2.8872e-01 1.3183e-05
2.8791e-01 1.3804e-05
2.8680e-01 1.4454e-05
2.8672e-01 1.4505e-05
2.8651e-01 1.5136e-05
2.8617e-01 1.5849e-05
2.8569e-01 1.6596e-05
2.8503e-01 1.7378e-05
2.8411e-01 1.8197e-05
2.8400e-01 1.8279e-05
2.8393e-01 1.9055e-05
2.8382e-01 1.9953e-05
2.8367e-01 2.0893e-05
2.8346e-01 2.1878e-05
2.8317e-01 2.2909e-05
2.8275e-01 2.3988e-05
2.8202e-01 2.5119e-05
2.8130e-01 2.5922e-05
2.8130e-01 2.6303e-05
2.8130e-01 2.7542e-05
2.8130e-01 2.8840e-05
2.8130e-01 3.0200e-05
2.8130e-01 3.1623e-05
2.8130e-01 3.3113e-05
2.8130e-01 3.4674e-05
2.8130e-01 3.6308e-05
2.8130e-01 3.8019e-05
2.8129e-01 3.9811e-05
2.8129e-01 4.1687e-05
2.8129e-01 4.3652e-05
2.8128e-01 4.5709e-05
2.8128e-01 4.7863e-05
2.8127e-01 5.0119e-05
2.8125e-01 5.2481e-05
2.8123e-01 5.4954e-05
2.8119e-01 5.7544e-05
2.8115e-01 6.0256e-05
2.8108e-01 6.3096e-05
2.8094e-01 6.6069e-05
2.8072e-01 6.9183e-05
2.8036e-01 7.2444e-05
2.7978e-01 7.5858e-05
2.7885e-01 7.9433e-05
2.7863e-01 8.0236e-05
2.7729e-01 8.3176e-05
2.7599e-01 8.5653e-05
2.7539e-01 8.7096e-05
2.7342e-01 9.1201e-05
2.7337e-01 9.1311e-05
2.7189e-01 9.5499e-05
2.7078e-01 9.8103e-05
2.7017e-01 1.0000e-04
2.6838e-01 1.0471e-04
2.6821e-01 1.0517e-04
2.6697e-01 1.0965e-04
2.6566e-01 1.1349e-04
2.6533e-01 1.1482e-04
2.6382e-01 1.2023e-04
2.6314e-01 1.2242e-04
2.6237e-01 1.2589e-04
2.6080e-01 1.3183e-04
2.6065e-01 1.3235e-04
2.5958e-01 1.3804e-04
2.5817e-01 1.4352e-04
2.5800e-01 1.4454e-04
2.5692e-01 1.5136e-04
2.5572e-01 1.5661e-04
2.5546e-01 1.5849e-04
2.5439e-01 1.6596e-04
2.5330e-01 1.7140e-04
2.5304e-01 1.7378e-04
2.5202e-01 1.8197e-04
2.5089e-01 1.8838e-04
2.5070e-01 1.9055e-04
2.4981e-01 1.9953e-04
2.4851e-01 2.0793e-04
2.4844e-01 2.0893e-04
2.4771e-01 2.1878e-04
2.4644e-01 2.2909e-04
2.4615e-01 2.3130e-04
2.4567e-01 2.3988e-04
2.4470e-01 2.5119e-04
2.4382e-01 2.5903e-04
2.4363e-01 2.6303e-04
2.4294e-01 2.7542e-04
2.4174e-01 2.8840e-04
2.4151e-01 2.9077e-04
2.4111e-01 3.0200e-04
2.4033e-01 3.1623e-04
2.3921e-01 3.2958e-04
2.3917e-01 3.3113e-04
2.3872e-01 3.4674e-04
2.3795e-01 3.6308e-04
2.3694e-01 3.7760e-04
2.3689e-01 3.8019e-04
2.3650e-01 3.9811e-04
2.3584e-01 4.1687e-04
2.3471e-01 4.3652e-04
2.3470e-01 4.3661e-04
2.3441e-01 4.5709e-04
2.3392e-01 4.7863e-04
2.3308e-01 5.0119e-04
2.3247e-01 5.1451e-04
2.3237e-01 5.2481e-04
2.3207e-01 5.4954e-04
2.3155e-01 5.7544e-04
2.3068e-01 6.0256e-04
2.3026e-01 6.1418e-04
2.3016e-01 6.3096e-04
2.2991e-01 6.6069e-04
2.2946e-01 6.9183e-04
2.2875e-01 7.2444e-04
2.2808e-01 7.4790e-04
2.2804e-01 7.5858e-04
2.2788e-01 7.9433e-04
2.2760e-01 8.3176e-04
2.2715e-01 8.7096e-04
2.2641e-01 9.1201e-04
2.2591e-01 9.3493e-04
2.2587e-01 9.5499e-04
2.2575e-01 1.0000e-03
2.2555e-01 1.0471e-03
2.2522e-01 1.0965e-03
2.2470e-01 1.1482e-03
2.2382e-01 1.2023e-03
2.2377e-01 1.2049e-03
2.2371e-01 1.2589e-03
2.2363e-01 1.3183e-03
2.2348e-01 1.3804e-03
2.2325e-01 1.4454e-03
2.2287e-01 1.5136e-03
2.2224e-01 1.5849e-03
2.2165e-01 1.6266e-03
2.2164e-01 1.6596e-03
2.2161e-01 1.7378e-03
2.2156e-01 1.8197e-03
2.2147e-01 1.9055e-03
2.2134e-01 1.9953e-03
2.2112e-01 2.0893e-03
2.2075e-01 2.1878e-03
2.1992e-01 2.2909e-03
2.1954e-01 2.3305e-03
2.1899e-01 2.3988e-03
2.1802e-01 2.5119e-03
2.1746e-01 2.5730e-03
2.1745e-01 2.6303e-03
2.1743e-01 2.7542e-03
2.1740e-01 2.8840e-03
2.1737e-01 3.0200e-03
2.1732e-01 3.1623e-03
2.1725e-01 3.3113e-03
2.1713e-01 3.4674e-03
2.1696e-01 3.6308e-03
2.1671e-01 3.8019e-03
2.1634e-01 3.9811e-03
2.1577e-01 4.1687e-03
2.1540e-01 4.2744e-03
2.1540e-01 4.3652e-03
2.1540e-01 4.5709e-03
2.1540e-01 4.7863e-03
2.1540e-01 5.0119e-03
2.1540e-01 5.2481e-03
2.1540e-01 5.4954e-03
2.1540e-01 5.7544e-03
2.1540e-01 6.0256e-03
2.1540e-01 6.3096e-03
2.1540e-01 6.6069e-03
2.1540e-01 6.9183e-03
2.1540e-01 7.2444e-03
2.1539e-01 7.5858e-03
2.1539e-01 7.9433e-03
2.1539e-01 8.3176e-03
2.1538e-01 8.7096e-03
2.1538e-01 9.1201e-03
2.1536e-01 9.5499e-03
2.1535e-01 1.0000e-02
2.1532e-01 1.0471e-02
2.1528e-01 1.0965e-02
2.1522e-01 1.1482e-02
2.1513e-01 1.2023e-02
2.1495e-01 1.2589e-02
2.1465e-01 1.3183e-02
2.1413e-01 1.3804e-02
2.1335e-01 1.4414e-02
2.1335e-01 1.4454e-02
2.1335e-01 1.5136e-02
2.1335e-01 1.5849e-02
2.1335e-01 1.6596e-02
2.1335e-01 1.7378e-02
2.1335e-01 1.8197e-02
2.1335e-01 1.9055e-02
2.1335e-01 1.9953e-02
2.1335e-01 2.0893e-02
2.1335e-01 2.1878e-02
2.1335e-01 2.2909e-02
2.1335e-01 2.3988e-02
2.1335e-01 2.5119e-02
2.1335e-01 2.6303e-02
2.1335e-01 2.7542e-02
2.1335e-01 2.8840e-02
2.1335e-01 3.0200e-02
2.1335e-01 3.1623e-02
2.1335e-01 3.3113e-02
2.1335e-01 3.4674e-02
2.1335e-01 3.6308e-02
2.1335e-01 3.8019e-02
2.1335e-01 3.9811e-02
2.1335e-01 4.1687e-02
2.1335e-01 4.3652e-02
2.1335e-01 4.5709e-02
2.1335e-01 4.7863e-02
2.1335e-01 5.0119e-02
2.1335e-01 5.2481e-02
2.1335e-01 5.4954e-02
2.1335e-01 5.7544e-02
2.1335e-01 6.0256e-02
2.1335e-01 6.3096e-02
2.1335e-01 6.6069e-02
2.1335e-01 6.9183e-02
2.1335e-01 7.2444e-02
2.1335e-01 7.5858e-02
2.1335e-01 7.9433e-02
2.1335e-01 8.3176e-02
2.1335e-01 8.7096e-02
2.1335e-01 9.1201e-02
2.1335e-01 9.5499e-02
2.1335e-01 1.0000e-01
