3.0100e+00 2.5493e-05
3.0047e+00 2.5156e-05
2.9642e+00 2.2420e-05
2.9597e+00 1.9982e-05
2.9589e+00 1.7808e-05
2.9588e+00 1.5872e-05
2.9587e+00 1.4145e-05
2.9587e+00 1.2607e-05
2.9587e+00 1.1236e-05
2.9587e+00 1.0014e-05
2.9587e+00 8.9247e-06
2.9587e+00 7.9541e-06
2.9587e+00 7.0890e-06
2.9587e+00 6.3180e-06
2.9587e+00 5.6309e-06
2.9587e+00 5.0185e-06
2.9587e+00 4.4727e-06
2.9587e+00 3.9862e-06
2.9587e+00 3.5527e-06
2.9587e+00 3.1663e-06
2.9587e+00 2.8219e-06
2.9587e+00 2.5150e-06
2.9587e+00 2.2415e-06
2.9587e+00 1.9977e-06
2.9587e+00 1.7804e-06
2.9587e+00 1.5868e-06
2.9587e+00 1.4142e-06
2.9587e+00 1.2604e-06
2.9587e+00 1.1233e-06
2.9587e+00 1.0012e-06
2.9587e+00 8.9227e-07
2.9587e+00 7.9522e-07
2.9587e+00 7.0874e-07
2.9587e+00 6.3166e-07
2.9587e+00 5.6296e-07
2.9588e+00 5.0173e-07
2.9588e+00 4.4716e-07
2.9588e+00 3.9853e-07
2.9589e+00 3.5519e-07
2.9590e+00 3.1656e-07
2.9592e+00 2.8213e-07
2.9595e+00 2.5144e-07
2.9599e+00 2.2410e-07
2.9606e+00 1.9972e-07
2.9617e+00 1.7800e-07
2.9633e+00 1.5864e-07
2.9660e+00 1.4139e-07
2.9702e+00 1.2601e-07
2.9769e+00 1.1231e-07
2.9875e+00 1.0009e-07
3.0040e+00 8.9206e-08
3.0100e+00 8.6135e-08
1.0355e-03 1.0023e-01
1.0355e-03 8.9330e-02
1.0355e-03 7.9614e-02
1.0355e-03 7.0955e-02
1.0355e-03 6.3238e-02
1.0355e-03 5.6361e-02
1.0355e-03 5.0231e-02
1.0534e-03 4.4768e-02
1.0555e-03 4.4768e-02
1.0534e-03 4.4768e-02
1.0355e-03 3.9899e-02
1.0534e-03 3.5559e-02
1.0717e-03 3.5559e-02
1.0717e-03 3.5559e-02
1.0717e-03 3.5559e-02
1.0534e-03 3.5559e-02
1.0355e-03 3.1692e-02
1.0355e-03 2.8245e-02
1.0534e-03 2.5175e-02
1.0717e-03 2.5173e-02
1.0717e-03 2.5173e-02
1.0725e-03 2.2435e-02
1.0717e-03 2.2435e-02
1.0534e-03 2.2435e-02
1.0355e-03 1.9995e-02
1.0355e-03 1.7821e-02
1.0355e-03 1.5883e-02
1.0355e-03 1.4155e-02
1.0355e-03 1.2616e-02
1.0355e-03 1.1244e-02
1.0355e-03 1.0021e-02
1.0355e-03 8.9309e-03
1.0355e-03 7.9596e-03
1.0355e-03 7.0939e-03
1.0355e-03 6.3224e-03
1.0355e-03 5.6348e-03
1.0355e-03 5.0219e-03
1.0355e-03 4.4757e-03
1.0355e-03 3.9890e-03
1.0356e-03 3.5551e-03
1.0356e-03 3.1685e-03
1.0534e-03 2.8263e-03
1.0717e-03 2.8246e-03
1.0718e-03 2.8239e-03
1.0903e-03 2.5179e-03
1.0903e-03 2.5167e-03
1.0903e-03 2.2430e-03
1.0903e-03 2.2429e-03
1.0717e-03 2.2424e-03
1.0534e-03 2.2415e-03
1.0356e-03 1.9991e-03
1.0357e-03 1.7817e-03
1.0357e-03 1.5879e-03
1.0368e-03 1.4152e-03
1.0381e-03 1.2613e-03
1.0418e-03 1.1241e-03
1.0436e-03 1.0018e-03
1.0431e-03 8.9288e-04
1.0534e-03 8.1012e-04
1.0558e-03 7.9577e-04
1.0671e-03 7.0923e-04
1.0717e-03 6.6939e-04
1.0736e-03 6.3209e-04
1.0717e-03 6.2528e-04
1.0670e-03 6.3209e-04
1.0534e-03 6.6872e-04
1.0469e-03 6.3209e-04
1.0478e-03 5.6335e-04
1.0534e-03 5.1637e-04
1.0557e-03 5.0208e-04
1.0717e-03 4.4903e-04
1.0721e-03 4.4747e-04
1.0903e-03 4.1348e-04
1.0952e-03 3.9880e-04
1.1010e-03 3.5543e-04
1.1053e-03 3.1677e-04
1.1092e-03 2.8878e-04
1.1104e-03 2.8232e-04
1.1284e-03 2.5812e-04
1.1338e-03 2.5162e-04
1.1480e-03 2.2895e-04
1.1521e-03 2.2425e-04
1.1679e-03 2.0274e-04
1.1700e-03 1.9986e-04
1.1881e-03 1.8047e-04
1.1906e-03 1.7813e-04
1.2087e-03 1.6399e-04
1.2183e-03 1.5875e-04
1.2297e-03 1.5183e-04
1.2502e-03 1.4149e-04
1.2510e-03 1.4108e-04
1.2727e-03 1.3212e-04
1.2924e-03 1.2610e-04
1.2947e-03 1.2528e-04
1.3172e-03 1.1749e-04
1.3367e-03 1.1238e-04
1.3400e-03 1.1152e-04
1.3632e-03 1.0567e-04
1.3869e-03 1.0080e-04
1.3909e-03 1.0016e-04
1.4109e-03 9.6070e-05
1.4354e-03 9.1769e-05
1.4507e-03 8.9268e-05
1.4603e-03 8.7571e-05
1.4856e-03 8.3206e-05
1.5113e-03 7.9689e-05
1.5126e-03 7.9559e-05
1.5375e-03 7.6458e-05
1.5642e-03 7.3702e-05
1.5913e-03 7.1107e-05
1.5933e-03 7.0906e-05
1.6189e-03 6.8205e-05
1.6469e-03 6.5729e-05
1.6755e-03 6.3539e-05
1.6801e-03 6.3195e-05
1.7045e-03 6.1054e-05
1.7341e-03 5.8814e-05
1.7641e-03 5.7008e-05
1.7763e-03 5.6322e-05
1.7947e-03 5.5018e-05
1.8258e-03 5.3064e-05
1.8575e-03 5.1487e-05
1.8869e-03 5.0196e-05
1.8897e-03 5.0046e-05
1.9225e-03 4.8327e-05
1.9558e-03 4.6808e-05
1.9897e-03 4.5485e-05
2.0097e-03 4.4737e-05
2.0242e-03 4.4033e-05
2.0593e-03 4.2468e-05
2.0950e-03 4.1145e-05
2.1313e-03 4.0080e-05
2.1386e-03 3.9871e-05
2.1682e-03 3.8805e-05
2.2058e-03 3.7657e-05
2.2441e-03 3.6679e-05
2.2830e-03 3.5793e-05
2.2945e-03 3.5535e-05
2.3225e-03 3.4754e-05
2.3628e-03 3.3727e-05
2.4038e-03 3.2806e-05
2.4454e-03 3.2021e-05
2.4659e-03 3.1670e-05
2.4878e-03 3.1185e-05
2.5310e-03 3.0251e-05
2.5748e-03 2.9418e-05
2.6195e-03 2.8680e-05
2.6509e-03 2.8226e-05
2.6649e-03 2.7968e-05
2.7111e-03 2.7173e-05
2.7581e-03 2.6457e-05
2.8059e-03 2.5809e-05
2.8545e-03 2.5234e-05
2.8613e-03 2.5156e-05
2.9040e-03 2.4520e-05
2.9544e-03 2.3844e-05
3.0056e-03 2.3241e-05
3.0577e-03 2.2706e-05
3.0876e-03 2.2420e-05
3.1107e-03 2.2141e-05
3.1646e-03 2.1530e-05
3.2195e-03 2.1017e-05
3.2753e-03 2.0547e-05
3.3321e-03 2.0106e-05
3.3473e-03 1.9982e-05
3.3898e-03 1.9541e-05
3.4486e-03 1.8990e-05
3.5084e-03 1.8540e-05
3.5692e-03 1.8150e-05
3.6294e-03 1.7808e-05
3.6311e-03 1.7796e-05
3.6940e-03 1.7297e-05
3.7580e-03 1.6849e-05
3.8232e-03 1.6455e-05
3.8895e-03 1.6112e-05
3.9402e-03 1.5872e-05
3.9569e-03 1.5771e-05
4.0255e-03 1.5372e-05
4.0953e-03 1.4999e-05
4.1663e-03 1.4659e-05
4.2385e-03 1.4356e-05
4.2928e-03 1.4145e-05
4.3120e-03 1.4048e-05
4.3867e-03 1.3695e-05
4.4628e-03 1.3393e-05
4.5401e-03 1.3116e-05
4.6189e-03 1.2836e-05
4.6856e-03 1.2607e-05
4.6989e-03 1.2549e-05
4.7804e-03 1.2205e-05
4.8633e-03 1.1916e-05
4.9476e-03 1.1653e-05
5.0333e-03 1.1413e-05
5.1017e-03 1.1236e-05
5.1206e-03 1.1173e-05
5.2094e-03 1.0886e-05
5.2997e-03 1.0624e-05
5.3915e-03 1.0386e-05
5.4850e-03 1.0170e-05
5.5619e-03 1.0014e-05
5.5801e-03 9.9660e-06
5.6768e-03 9.7212e-06
5.7752e-03 9.4971e-06
5.8754e-03 9.2912e-06
5.9772e-03 9.1023e-06
6.0808e-03 8.9273e-06
6.0824e-03 8.9247e-06
6.1862e-03 8.7023e-06
6.2935e-03 8.4938e-06
6.4026e-03 8.3086e-06
6.5136e-03 8.1400e-06
6.6265e-03 7.9851e-06
6.6502e-03 7.9541e-06
6.7414e-03 7.8004e-06
6.8582e-03 7.6177e-06
6.9771e-03 7.4496e-06
7.0981e-03 7.2953e-06
7.2211e-03 7.1531e-06
7.2832e-03 7.0890e-06
7.3463e-03 7.0041e-06
7.4737e-03 6.8437e-06
7.6032e-03 6.6930e-06
7.7350e-03 6.5479e-06
7.8691e-03 6.4147e-06
7.9747e-03 6.3180e-06
8.0055e-03 6.2819e-06
8.1443e-03 6.1273e-06
8.2855e-03 5.9852e-06
8.4291e-03 5.8570e-06
8.5753e-03 5.7395e-06
8.7239e-03 5.6313e-06
8.7245e-03 5.6309e-06
8.8752e-03 5.4957e-06
9.0290e-03 5.3698e-06
9.1855e-03 5.2512e-06
9.3448e-03 5.1393e-06
9.5068e-03 5.0362e-06
9.5366e-03 5.0185e-06
9.6716e-03 4.9155e-06
9.8393e-03 4.7987e-06
1.0010e-02 4.6910e-06
1.0183e-02 4.5920e-06
1.0360e-02 4.5009e-06
1.0417e-02 4.4727e-06
1.0539e-02 4.3936e-06
1.0722e-02 4.2850e-06
1.0908e-02 4.1857e-06
1.1097e-02 4.0945e-06
1.1290e-02 4.0107e-06
1.1348e-02 3.9862e-06
1.1485e-02 3.9124e-06
1.1684e-02 3.8129e-06
1.1887e-02 3.7229e-06
1.2093e-02 3.6517e-06
1.2303e-02 3.5844e-06
1.2405e-02 3.5527e-06
1.2516e-02 3.5079e-06
1.2733e-02 3.4158e-06
1.2954e-02 3.3292e-06
1.3178e-02 3.2498e-06
1.3407e-02 3.1783e-06
1.3447e-02 3.1663e-06
1.3639e-02 3.0927e-06
1.3875e-02 3.0096e-06
1.4116e-02 2.9333e-06
1.4361e-02 2.8618e-06
1.4507e-02 2.8219e-06
1.4610e-02 2.7864e-06
1.4863e-02 2.7031e-06
1.5121e-02 2.6308e-06
1.5383e-02 2.5657e-06
1.5607e-02 2.5150e-06
1.5649e-02 2.5031e-06
1.5921e-02 2.4265e-06
1.6197e-02 2.3566e-06
1.6477e-02 2.2932e-06
1.6734e-02 2.2415e-06
1.6763e-02 2.2342e-06
1.7054e-02 2.1632e-06
1.7349e-02 2.0983e-06
1.7650e-02 2.0393e-06
1.7884e-02 1.9977e-06
1.7956e-02 1.9817e-06
1.8267e-02 1.9149e-06
1.8584e-02 1.8552e-06
1.8906e-02 1.8024e-06
1.9050e-02 1.7804e-06
1.9234e-02 1.7454e-06
1.9567e-02 1.6866e-06
1.9907e-02 1.6344e-06
2.0252e-02 1.5883e-06
2.0264e-02 1.5868e-06
2.0603e-02 1.5313e-06
2.0960e-02 1.4803e-06
2.1323e-02 1.4354e-06
2.1509e-02 1.4142e-06
2.1693e-02 1.3882e-06
2.2069e-02 1.3388e-06
2.2452e-02 1.2940e-06
2.2769e-02 1.2604e-06
2.2841e-02 1.2511e-06
2.3237e-02 1.2014e-06
2.3640e-02 1.1587e-06
2.4049e-02 1.1236e-06
2.4052e-02 1.1233e-06
2.4466e-02 1.0803e-06
2.4890e-02 1.0425e-06
2.5322e-02 1.0097e-06
2.5439e-02 1.0012e-06
2.5761e-02 9.7253e-07
2.6208e-02 9.3713e-07
2.6662e-02 9.0500e-07
2.6851e-02 8.9227e-07
2.7124e-02 8.6989e-07
2.7594e-02 8.3503e-07
2.8073e-02 8.0584e-07
2.8275e-02 7.9522e-07
2.8559e-02 7.7686e-07
2.9054e-02 7.4769e-07
2.9558e-02 7.2247e-07
2.9861e-02 7.0874e-07
3.0070e-02 6.9714e-07
3.0592e-02 6.7024e-07
3.1122e-02 6.4692e-07
3.1487e-02 6.3166e-07
3.1662e-02 6.2283e-07
3.2210e-02 5.9594e-07
3.2769e-02 5.7307e-07
3.3053e-02 5.6296e-07
3.3337e-02 5.5078e-07
3.3915e-02 5.2994e-07
3.4503e-02 5.1192e-07
3.4872e-02 5.0173e-07
3.5101e-02 4.9400e-07
3.5709e-02 4.7462e-07
3.6328e-02 4.5793e-07
3.6780e-02 4.4716e-07
3.6958e-02 4.4199e-07
3.7599e-02 4.2311e-07
3.8251e-02 4.0648e-07
3.8598e-02 3.9853e-07
3.8914e-02 3.8985e-07
3.9588e-02 3.7363e-07
4.0275e-02 3.6083e-07
4.0605e-02 3.5519e-07
4.0973e-02 3.4756e-07
4.1683e-02 3.3401e-07
4.2406e-02 3.2100e-07
4.2673e-02 3.1656e-07
4.3141e-02 3.0727e-07
4.3889e-02 2.9410e-07
4.4650e-02 2.8390e-07
4.4793e-02 2.8213e-07
4.5424e-02 2.7263e-07
4.6211e-02 2.6232e-07
4.7012e-02 2.5305e-07
4.7148e-02 2.5144e-07
4.7827e-02 2.4183e-07
4.8656e-02 2.3175e-07
4.9403e-02 2.2410e-07
4.9500e-02 2.2292e-07
5.0358e-02 2.1366e-07
5.1231e-02 2.0570e-07
5.1993e-02 1.9972e-07
5.2119e-02 1.9852e-07
5.3023e-02 1.8978e-07
5.3942e-02 1.8225e-07
5.4527e-02 1.7800e-07
5.4877e-02 1.7494e-07
5.5828e-02 1.6718e-07
5.6796e-02 1.6059e-07
5.7102e-02 1.5864e-07
5.7781e-02 1.5350e-07
5.8782e-02 1.4689e-07
5.9801e-02 1.4176e-07
5.9877e-02 1.4139e-07
6.0838e-02 1.3570e-07
6.1893e-02 1.3037e-07
6.2820e-02 1.2601e-07
6.2966e-02 1.2520e-07
6.4057e-02 1.1919e-07
6.5168e-02 1.1415e-07
6.5613e-02 1.1231e-07
6.6297e-02 1.0898e-07
6.7447e-02 1.0405e-07
6.8558e-02 1.0009e-07
6.8616e-02 9.9848e-08
6.9806e-02 9.4923e-08
7.1016e-02 9.0814e-08
7.1535e-02 8.9206e-08
7.2247e-02 8.6621e-08
7.3499e-02 8.2554e-08
7.4627e-02 7.9504e-08
7.4773e-02 7.9041e-08
7.6070e-02 7.5060e-08
7.7388e-02 7.1738e-08
7.7763e-02 7.0857e-08
7.8730e-02 6.8203e-08
8.0095e-02 6.4968e-08
8.0966e-02 6.3151e-08
8.1483e-02 6.1905e-08
8.2896e-02 5.8784e-08
8.4333e-02 5.6298e-08
8.4341e-02 5.6283e-08
8.5795e-02 5.3359e-08
8.7282e-02 5.0888e-08
8.7706e-02 5.0161e-08
8.8795e-02 4.8047e-08
9.0335e-02 4.5456e-08
9.0813e-02 4.4706e-08
9.1901e-02 4.2805e-08
9.3494e-02 4.0463e-08
9.3952e-02 3.9844e-08
9.5114e-02 3.8094e-08
9.6763e-02 3.5963e-08
9.7130e-02 3.5510e-08
9.8441e-02 3.3724e-08
1.0015e-01 3.1789e-08
1.0027e-01 3.1648e-08
1.0188e-01 2.9653e-08
1.0327e-01 2.8206e-08
1.0365e-01 2.7779e-08
1.0545e-01 2.5829e-08
1.0614e-01 2.5139e-08
1.0727e-01 2.3947e-08
1.0892e-01 2.2404e-08
1.0913e-01 2.2204e-08
1.1103e-01 2.0377e-08
1.1146e-01 1.9968e-08
1.1295e-01 1.8592e-08
1.1383e-01 1.7796e-08
1.1491e-01 1.6866e-08
1.1604e-01 1.5861e-08
1.1690e-01 1.5156e-08
1.1803e-01 1.4136e-08
1.1893e-01 1.3431e-08
1.1983e-01 1.2598e-08
1.2099e-01 1.1718e-08
1.2149e-01 1.1228e-08
1.2309e-01 1.0044e-08
1.2312e-01 1.0007e-08
1.2426e-01 8.9186e-09
1.2522e-01 8.2923e-09
1.2550e-01 7.9486e-09
1.2648e-01 7.0841e-09
1.2739e-01 6.5470e-09
1.2754e-01 6.3136e-09
1.2811e-01 5.6270e-09
1.2903e-01 5.0150e-09
1.2960e-01 4.7372e-09
1.2969e-01 4.4696e-09
1.2994e-01 3.9835e-09
1.3034e-01 3.5502e-09
1.3096e-01 3.1641e-09
1.3185e-01 2.8440e-09
1.3185e-01 2.8200e-09
1.3186e-01 2.5133e-09
1.3187e-01 2.2399e-09
1.3189e-01 1.9963e-09
1.3193e-01 1.7792e-09
1.3198e-01 1.5857e-09
1.3207e-01 1.4132e-09
1.3221e-01 1.2595e-09
1.3242e-01 1.1225e-09
1.3277e-01 1.0005e-09
1.3331e-01 8.9165e-10
1.3413e-01 7.9817e-10
1.3504e-01 8.9165e-10
1.3565e-01 1.0005e-09
1.3603e-01 1.1225e-09
1.3628e-01 1.2595e-09
1.3643e-01 1.4132e-09
1.3646e-01 1.4545e-09
1.3713e-01 1.5857e-09
1.3777e-01 1.7792e-09
1.3817e-01 1.9963e-09
1.3843e-01 2.2399e-09
1.3859e-01 2.5133e-09
1.3869e-01 2.8200e-09
1.3875e-01 3.1641e-09
1.3879e-01 3.5502e-09
1.3882e-01 3.9835e-09
1.3882e-01 4.0500e-09
1.3967e-01 4.4696e-09
1.4034e-01 5.0150e-09
1.4076e-01 5.6270e-09
1.4103e-01 6.3136e-09
1.4120e-01 7.0841e-09
1.4123e-01 7.2495e-09
1.4209e-01 7.9486e-09
1.4283e-01 8.9186e-09
1.4331e-01 1.0007e-08
1.4360e-01 1.1228e-08
1.4368e-01 1.1644e-08
1.4442e-01 1.2598e-08
1.4521e-01 1.4136e-08
1.4571e-01 1.5861e-08
1.4602e-01 1.7796e-08
1.4617e-01 1.9167e-08
1.4653e-01 1.9968e-08
1.4736e-01 2.2404e-08
1.4788e-01 2.5139e-08
1.4821e-01 2.8206e-08
1.4842e-01 3.1648e-08
1.4855e-01 3.5510e-08
1.4864e-01 3.9844e-08
1.4869e-01 4.4706e-08
1.4870e-01 4.5932e-08
1.4892e-01 4.4706e-08
1.5001e-01 3.9844e-08
1.5128e-01 3.6299e-08
1.5138e-01 3.5510e-08
1.5196e-01 3.1648e-08
1.5289e-01 2.8206e-08
1.5390e-01 2.5815e-08
1.5437e-01 2.5139e-08
1.5657e-01 2.2541e-08
1.5679e-01 2.2404e-08
1.5929e-01 2.0802e-08
1.6182e-01 1.9968e-08
1.6205e-01 1.9881e-08
1.6486e-01 1.9139e-08
1.6771e-01 1.8643e-08
1.7062e-01 1.8274e-08
1.7358e-01 1.7985e-08
1.7602e-01 1.7796e-08
1.7659e-01 1.7738e-08
1.7965e-01 1.7453e-08
1.8276e-01 1.7197e-08
1.8593e-01 1.6969e-08
1.8915e-01 1.6755e-08
1.9243e-01 1.6552e-08
1.9577e-01 1.6360e-08
1.9916e-01 1.6187e-08
2.0262e-01 1.6018e-08
2.0595e-01 1.5861e-08
2.0613e-01 1.5850e-08
2.0970e-01 1.5587e-08
2.1334e-01 1.5330e-08
2.1704e-01 1.5084e-08
2.2080e-01 1.4866e-08
2.2463e-01 1.4663e-08
2.2852e-01 1.4467e-08
2.3248e-01 1.4277e-08
2.3555e-01 1.4136e-08
2.3651e-01 1.4077e-08
2.4061e-01 1.3829e-08
2.4478e-01 1.3588e-08
2.4903e-01 1.3359e-08
2.5334e-01 1.3140e-08
2.5774e-01 1.2929e-08
2.6220e-01 1.2726e-08
2.6513e-01 1.2598e-08
2.6675e-01 1.2505e-08
2.7137e-01 1.2243e-08
2.7608e-01 1.2006e-08
2.8086e-01 1.1788e-08
2.8573e-01 1.1580e-08
2.9069e-01 1.1384e-08
2.9490e-01 1.1228e-08
2.9573e-01 1.1188e-08
3.0085e-01 1.0943e-08
3.0607e-01 1.0713e-08
3.1137e-01 1.0486e-08
3.1677e-01 1.0268e-08
3.2226e-01 1.0066e-08
3.2387e-01 1.0007e-08
3.2785e-01 9.8194e-09
3.3353e-01 9.5660e-09
3.3932e-01 9.3300e-09
3.4520e-01 9.1110e-09
3.5102e-01 8.9186e-09
3.5118e-01 8.9120e-09
3.5727e-01 8.6508e-09
3.6346e-01 8.4062e-09
3.6976e-01 8.1797e-09
3.7617e-01 7.9686e-09
3.7676e-01 7.9486e-09
3.8270e-01 7.6994e-09
3.8933e-01 7.4403e-09
3.9608e-01 7.1991e-09
3.9940e-01 7.0841e-09
4.0295e-01 6.9346e-09
4.0993e-01 6.6508e-09
4.1704e-01 6.3977e-09
4.1938e-01 6.3136e-09
4.2427e-01 6.1060e-09
4.3162e-01 5.8106e-09
4.3637e-01 5.6270e-09
4.3910e-01 5.5074e-09
4.4672e-01 5.1740e-09
4.5046e-01 5.0150e-09
4.5446e-01 4.8326e-09
4.6234e-01 4.4902e-09
4.6276e-01 4.4696e-09
4.7035e-01 4.1008e-09
4.7265e-01 3.9835e-09
4.7851e-01 3.7023e-09
4.8130e-01 3.5502e-09
4.8680e-01 3.2876e-09
4.8888e-01 3.1641e-09
4.9524e-01 2.8601e-09
4.9583e-01 2.8200e-09
5.0122e-01 2.5133e-09
5.0383e-01 2.4016e-09
5.0599e-01 2.2399e-09
5.1095e-01 1.9963e-09
5.1256e-01 1.9334e-09
5.1425e-01 1.7792e-09
5.1761e-01 1.5857e-09
5.2145e-01 1.4481e-09
5.2169e-01 1.4132e-09
5.2304e-01 1.2595e-09
5.2518e-01 1.1225e-09
5.2860e-01 1.0005e-09
5.3049e-01 9.5027e-10
5.3064e-01 8.9165e-10
5.3100e-01 7.9468e-10
5.3157e-01 7.0825e-10
5.3247e-01 6.3122e-10
5.3391e-01 5.6257e-10
5.3618e-01 5.0138e-10
5.3968e-01 4.4773e-10
5.4307e-01 5.0138e-10
5.4527e-01 5.6257e-10
5.4666e-01 6.3122e-10
5.4754e-01 7.0825e-10
5.4809e-01 7.9468e-10
5.4844e-01 8.9165e-10
5.4866e-01 1.0005e-09
5.4880e-01 1.1225e-09
5.4889e-01 1.2595e-09
5.4894e-01 1.4132e-09
5.4898e-01 1.5857e-09
5.4900e-01 1.7792e-09
5.4902e-01 1.9963e-09
5.4902e-01 2.2399e-09
5.4903e-01 2.5133e-09
5.4903e-01 2.8200e-09
5.4904e-01 3.1641e-09
5.4904e-01 3.5502e-09
5.4904e-01 3.9835e-09
5.4904e-01 4.4696e-09
5.4904e-01 5.0150e-09
5.4904e-01 5.6270e-09
5.4904e-01 6.3136e-09
5.4904e-01 7.0841e-09
5.4904e-01 7.9486e-09
5.4904e-01 8.9186e-09
5.4904e-01 1.0007e-08
5.4904e-01 1.1228e-08
5.4904e-01 1.2598e-08
5.4904e-01 1.4136e-08
5.4904e-01 1.5861e-08
5.4904e-01 1.7796e-08
5.4904e-01 1.9968e-08
5.4904e-01 2.2404e-08
5.4904e-01 2.5139e-08
5.4904e-01 2.8206e-08
5.4904e-01 3.1648e-08
5.4904e-01 3.5510e-08
5.4904e-01 3.9844e-08
5.4904e-01 4.4706e-08
5.4904e-01 5.0161e-08
5.4904e-01 5.6283e-08
5.4904e-01 6.3151e-08
5.4904e-01 7.0857e-08
5.4904e-01 7.9504e-08
5.4904e-01 8.9206e-08
5.4904e-01 1.0009e-07
5.4904e-01 1.1231e-07
5.4904e-01 1.2601e-07
5.4904e-01 1.4139e-07
5.4904e-01 1.5864e-07
5.4903e-01 1.7800e-07
5.4898e-01 1.9972e-07
5.4876e-01 2.2410e-07
5.4761e-01 2.5144e-07
5.4160e-01 2.8213e-07
5.3968e-01 2.8975e-07
5.3968e-01 3.1656e-07
5.3968e-01 3.5519e-07
5.3968e-01 3.9853e-07
5.3968e-01 4.4716e-07
5.3968e-01 5.0173e-07
5.3968e-01 5.6296e-07
5.3968e-01 6.3166e-07
5.3967e-01 7.0874e-07
5.3962e-01 7.9522e-07
5.3945e-01 8.9227e-07
5.3910e-01 1.0012e-06
5.3049e-01 1.1187e-06
5.3048e-01 1.1233e-06
5.3043e-01 1.2604e-06
5.3031e-01 1.4142e-06
5.3028e-01 1.5868e-06
5.2145e-01 1.7775e-06
5.2136e-01 1.7804e-06
5.2133e-01 1.9977e-06
5.2063e-01 2.2415e-06
5.1256e-01 2.4908e-06
5.1240e-01 2.5150e-06
5.1194e-01 2.8219e-06
5.0383e-01 3.1452e-06
5.0370e-01 3.1663e-06
5.0328e-01 3.5527e-06
4.9524e-01 3.9690e-06
4.9459e-01 3.9862e-06
4.8680e-01 4.4470e-06
4.8660e-01 4.4727e-06
4.8169e-01 5.0185e-06
4.7851e-01 5.2698e-06
4.7646e-01 5.6309e-06
4.7035e-01 6.1749e-06
4.6976e-01 6.3180e-06
4.6234e-01 7.0788e-06
4.6230e-01 7.0890e-06
4.5992e-01 7.9541e-06
4.5446e-01 8.6625e-06
4.5372e-01 8.9247e-06
4.4672e-01 1.0014e-05
4.4672e-01 1.0014e-05
4.4540e-01 1.1236e-05
4.3910e-01 1.2444e-05
4.3856e-01 1.2607e-05
4.3162e-01 1.4114e-05
4.3113e-01 1.4145e-05
4.2427e-01 1.5434e-05
4.1704e-01 1.5757e-05
4.1020e-01 1.5872e-05
4.0993e-01 1.5909e-05
4.0295e-01 1.7669e-05
4.0195e-01 1.7808e-05
3.9608e-01 1.9561e-05
3.9362e-01 1.9982e-05
3.8933e-01 2.1345e-05
3.8270e-01 2.2356e-05
3.8243e-01 2.2420e-05
3.7617e-01 2.4866e-05
3.7412e-01 2.5156e-05
3.6976e-01 2.7135e-05
3.6368e-01 2.8226e-05
3.6346e-01 2.8341e-05
3.5727e-01 2.9563e-05
3.5118e-01 3.0619e-05
3.4520e-01 3.1070e-05
3.3932e-01 3.1598e-05
3.3888e-01 3.1670e-05
3.3353e-01 3.4548e-05
3.2785e-01 3.5444e-05
3.2705e-01 3.5535e-05
3.2226e-01 3.8582e-05
3.1677e-01 3.9436e-05
3.1137e-01 3.9755e-05
3.1038e-01 3.9871e-05
3.0607e-01 4.2866e-05
3.0085e-01 4.4458e-05
2.9899e-01 4.4737e-05
2.9573e-01 4.7315e-05
2.9069e-01 4.9612e-05
2.8674e-01 5.0196e-05
2.8573e-01 5.1061e-05
2.8086e-01 5.4862e-05
2.7608e-01 5.6135e-05
2.7515e-01 5.6322e-05
2.7137e-01 6.0384e-05
2.6675e-01 6.2963e-05
2.6637e-01 6.3195e-05
2.6220e-01 6.9588e-05
2.5932e-01 7.0906e-05
2.5774e-01 7.3701e-05
2.5334e-01 7.6442e-05
2.4903e-01 7.7943e-05
2.4478e-01 7.8974e-05
2.4289e-01 7.9559e-05
2.4061e-01 8.3641e-05
2.3651e-01 8.7951e-05
2.3248e-01 8.9266e-05
2.3248e-01 8.9268e-05
2.2852e-01 9.7472e-05
2.2463e-01 9.9782e-05
2.2345e-01 1.0016e-04
2.2080e-01 1.0642e-04
2.1704e-01 1.1127e-04
2.1405e-01 1.1238e-04
2.1334e-01 1.1436e-04
2.0970e-01 1.2341e-04
2.0613e-01 1.2600e-04
2.0598e-01 1.2610e-04
2.0262e-01 1.3743e-04
1.9916e-01 1.4125e-04
1.9890e-01 1.4149e-04
1.9577e-01 1.5443e-04
1.9243e-01 1.5863e-04
1.9232e-01 1.5875e-04
1.8915e-01 1.7476e-04
1.8680e-01 1.7813e-04
1.8593e-01 1.8345e-04
1.8276e-01 1.9831e-04
1.8179e-01 1.9986e-04
1.7965e-01 2.1521e-04
1.7659e-01 2.2393e-04
1.7653e-01 2.2425e-04
1.7358e-01 2.5047e-04
1.7306e-01 2.5162e-04
1.7062e-01 2.7648e-04
1.7000e-01 2.8232e-04
1.6771e-01 3.0953e-04
1.6735e-01 3.1677e-04
1.6486e-01 3.5122e-04
1.6472e-01 3.5543e-04
1.6205e-01 3.9797e-04
1.6204e-01 3.9880e-04
1.6125e-01 4.4747e-04
1.5929e-01 4.8749e-04
1.5928e-01 5.0208e-04
1.5885e-01 5.6335e-04
1.5657e-01 6.2350e-04
1.5657e-01 6.3209e-04
1.5657e-01 7.0923e-04
1.5648e-01 7.9577e-04
1.5470e-01 8.9288e-04
1.5390e-01 9.2662e-04
1.5390e-01 1.0018e-03
1.5390e-01 1.1241e-03
1.5390e-01 1.2613e-03
1.5390e-01 1.4152e-03
1.5390e-01 1.5879e-03
1.5388e-01 1.7817e-03
1.5346e-01 1.9991e-03
1.5128e-01 2.2088e-03
1.5128e-01 2.2430e-03
1.5128e-01 2.5167e-03
1.5128e-01 2.8239e-03
1.5128e-01 3.1685e-03
1.5124e-01 3.5551e-03
1.4996e-01 3.9890e-03
1.4870e-01 4.2331e-03
1.4746e-01 3.9890e-03
1.4621e-01 3.5551e-03
1.4617e-01 3.1685e-03
1.4617e-01 2.8239e-03
1.4617e-01 2.5167e-03
1.4617e-01 2.2430e-03
1.4617e-01 1.9991e-03
1.4617e-01 1.7817e-03
1.4617e-01 1.5879e-03
1.4617e-01 1.4152e-03
1.4617e-01 1.2613e-03
1.4617e-01 1.1241e-03
1.4617e-01 1.0018e-03
1.4617e-01 8.9288e-04
1.4617e-01 7.9577e-04
1.4617e-01 7.8965e-04
1.4391e-01 7.0923e-04
1.4369e-01 6.3209e-04
1.4368e-01 5.6335e-04
1.4368e-01 5.0208e-04
1.4368e-01 4.4747e-04
1.4368e-01 3.9880e-04
1.4368e-01 3.5543e-04
1.4368e-01 3.5234e-04
1.4146e-01 3.1677e-04
1.4123e-01 2.8232e-04
1.4123e-01 2.5162e-04
1.4123e-01 2.2425e-04
1.4123e-01 1.9986e-04
1.4123e-01 1.7813e-04
1.4123e-01 1.7774e-04
1.3890e-01 1.5875e-04
1.3882e-01 1.4149e-04
1.3882e-01 1.2610e-04
1.3882e-01 1.1238e-04
1.3882e-01 1.0016e-04
1.3882e-01 8.9268e-05
1.3882e-01 8.8635e-05
1.3663e-01 7.9559e-05
1.3646e-01 7.0906e-05
1.3646e-01 6.3195e-05
1.3646e-01 5.6322e-05
1.3646e-01 5.0196e-05
1.3646e-01 4.4737e-05
1.3646e-01 3.9871e-05
1.3646e-01 3.5535e-05
1.3646e-01 3.1670e-05
1.3646e-01 2.8226e-05
1.3646e-01 2.8163e-05
1.3420e-01 2.5156e-05
1.3413e-01 2.2420e-05
1.3413e-01 1.9982e-05
1.3413e-01 1.7808e-05
1.3413e-01 1.5872e-05
1.3413e-01 1.4145e-05
1.3413e-01 1.4116e-05
1.3413e-01 1.4145e-05
1.3413e-01 1.5872e-05
1.3413e-01 1.7808e-05
1.3413e-01 1.9982e-05
1.3413e-01 2.2420e-05
1.3413e-01 2.5156e-05
1.3413e-01 2.8226e-05
1.3413e-01 3.1670e-05
1.3413e-01 3.5535e-05
1.3411e-01 3.9871e-05
1.3349e-01 4.4737e-05
1.3185e-01 4.8700e-05
1.3185e-01 5.0196e-05
1.3185e-01 5.6322e-05
1.3183e-01 6.3195e-05
1.3097e-01 7.0906e-05
1.2960e-01 7.6226e-05
1.2959e-01 7.9559e-05
1.2926e-01 8.9268e-05
1.2739e-01 9.8623e-05
1.2736e-01 1.0016e-04
1.2559e-01 1.1238e-04
1.2522e-01 1.1480e-04
1.2450e-01 1.2610e-04
1.2309e-01 1.3647e-04
1.2283e-01 1.4149e-04
1.2099e-01 1.5668e-04
1.2082e-01 1.5875e-04
1.1893e-01 1.7645e-04
1.1852e-01 1.7813e-04
1.1690e-01 1.9535e-04
1.1491e-01 1.9974e-04
1.1479e-01 1.9986e-04
1.1295e-01 2.2155e-04
1.1103e-01 2.2420e-04
1.1100e-01 2.2425e-04
1.0913e-01 2.4772e-04
1.0749e-01 2.5162e-04
1.0727e-01 2.5455e-04
1.0545e-01 2.7698e-04
1.0365e-01 2.8232e-04
1.0365e-01 2.8232e-04
1.0188e-01 3.0982e-04
1.0022e-01 3.1677e-04
1.0015e-01 3.1804e-04
9.8441e-02 3.4641e-04
9.6763e-02 3.5503e-04
9.6664e-02 3.5543e-04
9.5114e-02 3.8421e-04
9.3494e-02 3.9594e-04
9.2948e-02 3.9880e-04
9.1901e-02 4.2341e-04
9.0335e-02 4.3880e-04
8.8795e-02 4.4609e-04
8.8480e-02 4.4747e-04
8.7282e-02 4.7639e-04
8.5795e-02 4.9522e-04
8.4387e-02 5.0208e-04
8.4333e-02 5.0360e-04
8.2896e-02 5.4880e-04
8.1483e-02 5.6014e-04
8.0203e-02 5.6335e-04
8.0095e-02 5.6669e-04
7.8730e-02 6.0829e-04
7.7388e-02 6.2588e-04
7.6366e-02 6.3209e-04
7.6070e-02 6.4342e-04
7.4773e-02 6.8808e-04
7.3499e-02 7.0721e-04
7.3194e-02 7.0923e-04
7.2247e-02 7.4347e-04
7.1016e-02 7.7433e-04
6.9806e-02 7.9063e-04
6.9343e-02 7.9577e-04
6.8616e-02 8.3623e-04
6.7447e-02 8.7129e-04
6.6297e-02 8.8772e-04
6.5757e-02 8.9288e-04
6.5168e-02 9.3016e-04
6.4057e-02 9.7672e-04
6.2966e-02 9.9161e-04
6.1893e-02 1.0002e-03
6.1775e-02 1.0018e-03
6.0838e-02 1.0824e-03
5.9801e-02 1.1134e-03
5.8958e-02 1.1241e-03
5.8782e-02 1.1419e-03
5.7781e-02 1.2113e-03
5.6796e-02 1.2423e-03
5.5828e-02 1.2562e-03
5.5148e-02 1.2613e-03
5.4877e-02 1.2883e-03
5.3942e-02 1.3702e-03
5.3023e-02 1.4025e-03
5.2153e-02 1.4152e-03
5.2119e-02 1.4193e-03
5.1231e-02 1.5108e-03
5.0358e-02 1.5584e-03
4.9500e-02 1.5807e-03
4.8927e-02 1.5879e-03
4.8656e-02 1.6219e-03
4.7827e-02 1.7088e-03
4.7012e-02 1.7516e-03
4.6211e-02 1.7738e-03
4.5634e-02 1.7817e-03
4.5424e-02 1.8102e-03
4.4650e-02 1.9118e-03
4.3889e-02 1.9630e-03
4.3141e-02 1.9865e-03
4.2406e-02 1.9971e-03
4.2236e-02 1.9991e-03
4.1683e-02 2.0961e-03
4.0973e-02 2.1780e-03
4.0275e-02 2.2177e-03
3.9588e-02 2.2368e-03
3.9200e-02 2.2430e-03
3.8914e-02 2.3035e-03
3.8251e-02 2.4148e-03
3.7599e-02 2.4723e-03
3.6958e-02 2.5008e-03
3.6328e-02 2.5128e-03
3.6031e-02 2.5167e-03
3.5709e-02 2.5936e-03
3.5101e-02 2.7122e-03
3.4503e-02 2.7723e-03
3.3915e-02 2.8024e-03
3.3337e-02 2.8175e-03
3.2895e-02 2.8239e-03
3.2769e-02 2.8628e-03
3.2210e-02 3.0219e-03
3.1662e-02 3.1029e-03
3.1122e-02 3.1412e-03
3.0592e-02 3.1578e-03
3.0070e-02 3.1665e-03
2.9968e-02 3.1685e-03
2.9558e-02 3.3361e-03
2.9054e-02 3.4508e-03
2.8559e-02 3.5087e-03
2.8073e-02 3.5313e-03
2.7594e-02 3.5466e-03
2.7234e-02 3.5551e-03
2.7124e-02 3.6165e-03
2.6662e-02 3.8528e-03
2.6208e-02 3.9336e-03
2.5761e-02 3.9675e-03
2.5322e-02 3.9853e-03
2.5241e-02 3.9890e-03
2.4890e-02 4.2736e-03
2.4466e-02 4.4158e-03
2.4049e-02 4.4568e-03
2.3640e-02 4.4754e-03
2.3636e-02 4.4757e-03
2.3237e-02 4.8637e-03
2.2841e-02 4.9797e-03
2.2452e-02 5.0133e-03
2.2319e-02 5.0219e-03
2.2069e-02 5.3094e-03
2.1693e-02 5.5482e-03
2.1323e-02 5.6172e-03
2.1086e-02 5.6348e-03
2.0960e-02 5.8047e-03
2.0603e-02 6.1583e-03
2.0252e-02 6.2779e-03
1.9907e-02 6.3183e-03
1.9866e-02 6.3224e-03
1.9567e-02 6.7761e-03
1.9234e-02 6.9929e-03
1.8906e-02 7.0741e-03
1.8770e-02 7.0939e-03
1.8584e-02 7.4420e-03
1.8267e-02 7.7704e-03
1.7956e-02 7.8988e-03
1.7650e-02 7.9548e-03
1.7625e-02 7.9596e-03
1.7349e-02 8.5780e-03
1.7054e-02 8.8042e-03
1.6763e-02 8.8964e-03
1.6538e-02 8.9309e-03
1.6477e-02 9.0934e-03
1.6197e-02 9.7214e-03
1.5921e-02 9.9098e-03
1.5649e-02 9.9934e-03
1.5529e-02 1.0021e-02
1.5383e-02 1.0502e-02
1.5121e-02 1.1044e-02
1.4863e-02 1.1195e-02
1.4610e-02 1.1241e-02
1.4598e-02 1.1244e-02
1.4361e-02 1.2118e-02
1.4116e-02 1.2463e-02
1.3875e-02 1.2568e-02
1.3639e-02 1.2607e-02
1.3588e-02 1.2616e-02
1.3407e-02 1.3337e-02
1.3178e-02 1.3859e-02
1.2954e-02 1.4062e-02
1.2733e-02 1.4134e-02
1.2641e-02 1.4155e-02
1.2516e-02 1.4762e-02
1.2303e-02 1.5344e-02
1.2093e-02 1.5646e-02
1.1887e-02 1.5791e-02
1.1684e-02 1.5848e-02
1.1512e-02 1.5883e-02
1.1485e-02 1.6037e-02
1.1290e-02 1.7079e-02
1.1097e-02 1.7515e-02
1.0908e-02 1.7686e-02
1.0722e-02 1.7768e-02
1.0539e-02 1.7817e-02
1.0525e-02 1.7821e-02
1.0360e-02 1.8966e-02
1.0183e-02 1.9557e-02
1.0010e-02 1.9771e-02
9.8393e-03 1.9895e-02
9.6716e-03 1.9967e-02
9.5934e-03 1.9995e-02
9.5068e-03 2.0750e-02
9.3448e-03 2.1649e-02
9.1855e-03 2.2045e-02
9.0290e-03 2.2241e-02
8.8752e-03 2.2351e-02
8.7239e-03 2.2419e-02
8.6746e-03 2.2435e-02
8.5753e-03 2.3308e-02
8.4291e-03 2.4248e-02
8.2855e-03 2.4741e-02
8.1443e-03 2.4990e-02
8.0055e-03 2.5110e-02
7.8691e-03 2.5161e-02
7.8220e-03 2.5173e-02
7.7350e-03 2.6042e-02
7.6032e-03 2.7108e-02
7.4737e-03 2.7761e-02
7.3463e-03 2.8053e-02
7.2211e-03 2.8177e-02
7.0981e-03 2.8223e-02
7.0349e-03 2.8245e-02
6.9771e-03 2.9092e-02
6.8582e-03 3.0536e-02
6.7414e-03 3.1220e-02
6.6265e-03 3.1480e-02
6.5136e-03 3.1587e-02
6.4026e-03 3.1656e-02
6.3366e-03 3.1692e-02
6.2935e-03 3.2549e-02
6.1862e-03 3.4328e-02
6.0808e-03 3.4907e-02
5.9772e-03 3.5228e-02
5.8754e-03 3.5409e-02
5.7752e-03 3.5518e-02
5.7138e-03 3.5559e-02
5.6768e-03 3.6410e-02
5.5801e-03 3.8067e-02
5.4850e-03 3.8979e-02
5.3915e-03 3.9455e-02
5.2997e-03 3.9712e-02
5.2094e-03 3.9833e-02
5.1206e-03 3.9890e-02
5.1034e-03 3.9899e-02
5.0333e-03 4.1925e-02
4.9476e-03 4.3500e-02
4.8633e-03 4.4219e-02
4.7804e-03 4.4541e-02
4.6989e-03 4.4674e-02
4.6189e-03 4.4742e-02
4.5878e-03 4.4768e-02
4.5401e-03 4.6621e-02
4.4628e-03 4.8718e-02
4.3867e-03 4.9632e-02
4.3120e-03 4.9919e-02
4.2385e-03 5.0090e-02
4.1663e-03 5.0194e-02
4.1403e-03 5.0231e-02
4.0953e-03 5.2629e-02
4.0255e-03 5.4655e-02
3.9569e-03 5.5447e-02
3.8895e-03 5.5895e-02
3.8232e-03 5.6158e-02
3.7580e-03 5.6313e-02
3.7177e-03 5.6361e-02
3.6940e-03 5.7555e-02
3.6311e-03 6.0432e-02
3.5692e-03 6.1841e-02
3.5084e-03 6.2578e-02
3.4486e-03 6.2954e-02
3.3898e-03 6.3139e-02
3.3321e-03 6.3222e-02
3.3199e-03 6.3238e-02
3.2753e-03 6.6608e-02
3.2195e-03 6.9107e-02
3.1646e-03 7.0193e-02
3.1107e-03 7.0686e-02
3.0577e-03 7.0857e-02
3.0056e-03 7.0951e-02
3.0039e-03 7.0955e-02
2.9544e-03 7.5731e-02
2.9040e-03 7.8028e-02
2.8545e-03 7.8943e-02
2.8059e-03 7.9311e-02
2.7581e-03 7.9510e-02
2.7153e-03 7.9614e-02
2.7111e-03 8.0154e-02
2.6649e-03 8.5792e-02
2.6195e-03 8.7490e-02
2.5748e-03 8.8440e-02
2.5310e-03 8.8937e-02
2.4878e-03 8.9197e-02
2.4454e-03 8.9326e-02
2.4438e-03 8.9330e-02
2.4038e-03 9.4759e-02
2.3628e-03 9.7702e-02
2.3225e-03 9.9104e-02
2.2830e-03 9.9790e-02
2.2441e-03 1.0010e-01
2.2058e-03 1.0022e-01
2.2034e-03 1.0023e-01
9.6811e-01 3.9843e-10
9.7444e-01 4.4685e-10
9.7848e-01 5.0138e-10
9.8104e-01 5.6257e-10
9.8267e-01 6.3122e-10
9.8371e-01 7.0825e-10
9.8438e-01 7.9468e-10
9.8481e-01 8.9165e-10
9.8489e-01 9.1305e-10
9.9165e-01 1.0005e-09
9.9764e-01 1.1225e-09
1.0015e+00 1.2595e-09
1.0020e+00 1.2809e-09
1.0123e+00 1.4132e-09
1.0193e+00 1.5503e-09
1.0227e+00 1.5857e-09
1.0370e+00 1.7631e-09
1.0387e+00 1.7792e-09
1.0550e+00 1.9493e-09
1.0601e+00 1.9963e-09
1.0733e+00 2.1298e-09
1.0836e+00 2.2399e-09
1.0919e+00 2.3403e-09
1.1037e+00 2.5133e-09
1.1108e+00 2.6545e-09
1.1184e+00 2.8200e-09
1.1285e+00 3.1641e-09
1.1301e+00 3.2597e-09
1.1359e+00 3.5502e-09
1.1405e+00 3.9835e-09
1.1429e+00 4.4696e-09
1.1431e+00 5.0150e-09
1.1419e+00 5.6270e-09
1.1399e+00 6.3136e-09
1.1358e+00 7.0841e-09
1.1301e+00 7.8391e-09
1.1298e+00 7.9486e-09
1.1270e+00 8.9186e-09
1.1226e+00 1.0007e-08
1.1153e+00 1.1228e-08
1.1108e+00 1.1853e-08
1.1088e+00 1.2598e-08
1.1036e+00 1.4136e-08
1.0924e+00 1.5861e-08
1.0919e+00 1.5946e-08
1.0856e+00 1.7796e-08
1.0733e+00 1.9785e-08
1.0726e+00 1.9968e-08
1.0616e+00 2.2404e-08
1.0550e+00 2.3574e-08
1.0483e+00 2.5139e-08
1.0370e+00 2.7211e-08
1.0249e+00 2.8206e-08
1.0193e+00 2.8973e-08
1.0020e+00 3.0784e-08
9.8489e-01 3.0581e-08
9.6811e-01 2.8573e-08
9.6680e-01 2.8206e-08
9.5589e-01 2.5139e-08
9.5327e-01 2.2404e-08
9.5222e-01 1.9968e-08
9.5183e-01 1.7796e-08
9.5171e-01 1.5861e-08
9.5166e-01 1.4136e-08
9.5164e-01 1.2598e-08
9.5163e-01 1.1228e-08
9.5162e-01 1.0007e-08
9.5162e-01 8.9186e-09
9.5162e-01 7.9486e-09
9.5162e-01 7.0841e-09
9.5162e-01 6.3136e-09
9.5162e-01 5.6270e-09
9.5162e-01 5.0150e-09
9.5162e-01 4.4696e-09
9.5162e-01 3.9835e-09
9.5162e-01 3.5502e-09
9.5162e-01 3.1641e-09
9.5163e-01 2.8200e-09
9.5164e-01 2.5133e-09
9.5164e-01 2.2399e-09
9.5166e-01 1.9963e-09
9.5168e-01 1.7792e-09
9.5171e-01 1.5857e-09
9.5175e-01 1.4132e-09
9.5182e-01 1.2595e-09
9.5193e-01 1.1225e-09
9.5209e-01 1.0005e-09
9.5233e-01 8.9165e-10
9.5270e-01 7.9468e-10
9.5325e-01 7.0825e-10
9.5410e-01 6.3122e-10
9.5541e-01 5.6257e-10
9.5756e-01 5.0138e-10
9.6127e-01 4.4685e-10
9.6811e-01 3.9843e-10
5.5856e-01 5.8058e-10
5.6141e-01 6.3122e-10
5.6424e-01 7.0825e-10
5.6601e-01 7.9468e-10
5.6712e-01 8.9165e-10
5.6783e-01 1.0005e-09
5.6824e-01 1.1065e-09
5.6884e-01 1.1225e-09
5.7319e-01 1.2595e-09
5.7594e-01 1.4132e-09
5.7768e-01 1.5857e-09
5.7809e-01 1.6385e-09
5.8200e-01 1.7792e-09
5.8593e-01 1.9963e-09
5.8811e-01 2.1946e-09
5.8926e-01 2.2399e-09
5.9498e-01 2.5133e-09
5.9831e-01 2.7802e-09
5.9920e-01 2.8200e-09
6.0571e-01 3.1641e-09
6.0868e-01 3.4048e-09
6.1143e-01 3.5502e-09
6.1772e-01 3.9835e-09
6.1923e-01 4.1194e-09
6.2463e-01 4.4696e-09
6.2997e-01 4.9891e-09
6.3032e-01 5.0150e-09
6.3750e-01 5.6270e-09
6.4089e-01 6.0728e-09
6.4324e-01 6.3136e-09
6.4908e-01 7.0841e-09
6.5200e-01 7.6978e-09
6.5364e-01 7.9486e-09
6.5866e-01 8.9186e-09
6.6184e-01 1.0007e-08
6.6330e-01 1.0768e-08
6.6496e-01 1.1228e-08
6.6875e-01 1.2598e-08
6.7113e-01 1.4136e-08
6.7264e-01 1.5861e-08
6.7359e-01 1.7796e-08
6.7419e-01 1.9968e-08
6.7457e-01 2.2404e-08
6.7480e-01 2.4923e-08
6.7571e-01 2.2404e-08
6.7724e-01 1.9968e-08
6.7966e-01 1.7796e-08
6.8348e-01 1.5861e-08
6.8650e-01 1.4804e-08
6.8716e-01 1.4136e-08
6.8926e-01 1.2598e-08
6.9260e-01 1.1228e-08
6.9791e-01 1.0007e-08
6.9840e-01 9.9091e-09
7.0318e-01 8.9186e-09
7.1051e-01 8.0040e-09
7.1102e-01 7.9486e-09
7.2029e-01 7.0841e-09
7.2282e-01 6.8928e-09
7.3221e-01 6.3136e-09
7.3535e-01 6.1412e-09
7.4700e-01 5.6270e-09
7.4810e-01 5.5805e-09
7.6107e-01 5.1032e-09
7.6393e-01 5.0150e-09
7.7426e-01 4.6903e-09
7.8277e-01 4.4696e-09
7.8769e-01 4.3387e-09
8.0134e-01 4.0185e-09
8.0289e-01 3.9835e-09
8.1523e-01 3.6985e-09
8.2239e-01 3.5502e-09
8.2936e-01 3.4039e-09
8.4153e-01 3.1641e-09
8.4374e-01 3.1210e-09
8.5837e-01 2.8306e-09
8.5883e-01 2.8200e-09
8.7325e-01 2.5256e-09
8.7374e-01 2.5133e-09
8.8621e-01 2.2399e-09
8.8839e-01 2.1998e-09
8.9567e-01 1.9963e-09
9.0379e-01 1.8379e-09
9.0521e-01 1.7792e-09
9.1121e-01 1.5857e-09
9.1946e-01 1.4267e-09
9.1967e-01 1.4132e-09
9.2224e-01 1.2595e-09
9.2587e-01 1.1225e-09
9.3115e-01 1.0005e-09
9.3540e-01 9.3220e-10
9.3893e-01 1.0005e-09
9.4316e-01 1.1225e-09
9.4594e-01 1.2595e-09
9.4777e-01 1.4132e-09
9.4895e-01 1.5857e-09
9.4975e-01 1.7792e-09
9.5028e-01 1.9963e-09
9.5064e-01 2.2399e-09
9.5089e-01 2.5133e-09
9.5106e-01 2.8200e-09
9.5118e-01 3.1641e-09
9.5126e-01 3.5502e-09
9.5132e-01 3.9835e-09
9.5135e-01 4.4696e-09
9.5138e-01 5.0150e-09
9.5139e-01 5.6270e-09
9.5138e-01 6.3136e-09
9.5137e-01 7.0841e-09
9.5133e-01 7.9486e-09
9.5125e-01 8.9186e-09
9.5112e-01 1.0007e-08
9.5086e-01 1.1228e-08
9.5025e-01 1.2598e-08
9.4884e-01 1.4136e-08
9.4511e-01 1.5861e-08
9.3540e-01 1.7617e-08
9.3540e-01 1.7796e-08
9.3539e-01 1.9968e-08
9.3539e-01 2.2404e-08
9.3539e-01 2.5139e-08
9.3539e-01 2.8206e-08
9.3539e-01 3.1648e-08
9.3538e-01 3.5510e-08
9.3537e-01 3.9844e-08
9.3534e-01 4.4706e-08
9.3528e-01 5.0161e-08
9.3508e-01 5.6283e-08
9.3436e-01 6.3151e-08
9.3151e-01 7.0857e-08
9.2172e-01 7.9504e-08
9.1946e-01 8.1369e-08
9.1946e-01 8.9206e-08
9.1945e-01 1.0009e-07
9.1945e-01 1.1231e-07
9.1943e-01 1.2601e-07
9.1934e-01 1.4139e-07
9.1897e-01 1.5864e-07
9.1745e-01 1.7800e-07
9.1146e-01 1.9972e-07
9.0379e-01 2.1636e-07
9.0379e-01 2.2410e-07
9.0379e-01 2.5144e-07
9.0378e-01 2.8213e-07
9.0374e-01 3.1656e-07
9.0359e-01 3.5519e-07
9.0286e-01 3.9853e-07
9.0051e-01 4.4716e-07
8.9287e-01 5.0173e-07
8.8839e-01 5.2505e-07
8.8838e-01 5.6296e-07
8.8833e-01 6.3166e-07
8.8811e-01 7.0874e-07
8.8746e-01 7.9522e-07
8.8508e-01 8.9227e-07
8.7383e-01 1.0012e-06
8.7325e-01 1.0069e-06
8.7319e-01 1.1233e-06
8.7301e-01 1.2604e-06
8.7236e-01 1.4142e-06
8.6907e-01 1.5868e-06
8.5837e-01 1.7700e-06
8.5835e-01 1.7804e-06
8.5779e-01 1.9977e-06
8.5486e-01 2.2415e-06
8.4374e-01 2.4895e-06
8.4347e-01 2.5150e-06
8.3798e-01 2.8219e-06
8.2936e-01 3.0483e-06
8.1523e-01 3.1608e-06
8.1429e-01 3.1663e-06
8.0134e-01 3.4275e-06
7.8769e-01 3.4798e-06
7.7426e-01 3.5420e-06
7.6834e-01 3.5527e-06
7.6107e-01 3.6410e-06
7.4810e-01 3.8717e-06
7.3535e-01 3.9771e-06
7.3350e-01 3.9862e-06
7.2282e-01 4.1972e-06
7.1051e-01 4.1655e-06
6.9974e-01 3.9862e-06
6.9840e-01 3.9804e-06
6.8652e-01 3.5527e-06
6.8650e-01 3.5514e-06
6.7704e-01 3.1663e-06
6.7480e-01 2.9502e-06
6.7417e-01 3.1663e-06
6.7076e-01 3.5527e-06
6.6330e-01 3.8809e-06
6.5200e-01 3.9525e-06
6.4089e-01 3.8870e-06
6.2997e-01 3.6892e-06
6.2659e-01 3.5527e-06
6.1923e-01 3.3106e-06
6.1513e-01 3.1663e-06
6.0868e-01 3.0182e-06
6.0307e-01 2.8219e-06
5.9831e-01 2.5150e-06
5.9831e-01 2.5150e-06
5.8900e-01 2.2415e-06
5.8811e-01 2.0085e-06
5.8771e-01 1.9977e-06
5.7896e-01 1.7804e-06
5.7814e-01 1.5868e-06
5.7809e-01 1.5747e-06
5.6976e-01 1.4142e-06
5.6841e-01 1.2604e-06
5.6825e-01 1.1233e-06
5.6824e-01 1.1168e-06
5.5999e-01 1.0012e-06
5.5874e-01 8.9227e-07
5.5859e-01 7.9522e-07
5.5857e-01 7.0874e-07
5.5856e-01 6.3166e-07
5.5856e-01 5.6296e-07
5.5856e-01 5.1822e-07
5.5628e-01 5.0173e-07
5.4988e-01 4.4716e-07
5.4917e-01 3.9853e-07
5.4906e-01 3.5519e-07
5.4905e-01 3.1656e-07
5.4904e-01 2.8213e-07
5.4904e-01 2.5144e-07
5.4904e-01 2.2410e-07
5.4904e-01 1.9972e-07
5.4904e-01 1.7800e-07
5.4904e-01 1.5864e-07
5.4904e-01 1.4139e-07
5.4904e-01 1.2601e-07
5.4904e-01 1.1231e-07
5.4904e-01 1.0009e-07
5.4904e-01 8.9206e-08
5.4904e-01 7.9504e-08
5.4904e-01 7.0857e-08
5.4904e-01 6.3151e-08
5.4904e-01 5.6283e-08
5.4904e-01 5.0161e-08
5.4904e-01 4.4706e-08
5.4904e-01 3.9844e-08
5.4904e-01 3.5510e-08
5.4904e-01 3.1648e-08
5.4904e-01 2.8206e-08
5.4904e-01 2.5139e-08
5.4904e-01 2.2404e-08
5.4904e-01 1.9968e-08
5.4904e-01 1.7796e-08
5.4904e-01 1.5861e-08
5.4904e-01 1.4136e-08
5.4904e-01 1.2598e-08
5.4904e-01 1.1228e-08
5.4904e-01 1.0007e-08
5.4904e-01 8.9186e-09
5.4904e-01 7.9486e-09
5.4904e-01 7.0841e-09
5.4904e-01 6.3136e-09
5.4904e-01 5.6270e-09
5.4904e-01 5.0150e-09
5.4904e-01 4.4696e-09
5.4904e-01 3.9835e-09
5.4905e-01 3.5502e-09
5.4905e-01 3.1641e-09
5.4906e-01 2.8200e-09
5.4907e-01 2.5133e-09
5.4908e-01 2.2399e-09
5.4911e-01 1.9963e-09
5.4915e-01 1.7792e-09
5.4921e-01 1.5857e-09
5.4932e-01 1.4132e-09
5.4948e-01 1.2595e-09
5.4973e-01 1.1225e-09
5.5014e-01 1.0005e-09
5.5078e-01 8.9165e-10
5.5179e-01 7.9468e-10
5.5340e-01 7.0825e-10
5.5597e-01 6.3122e-10
5.5856e-01 5.8058e-10
