1.0000e-02 3.5537e-04
1.0096e-02 3.5265e-04
1.0193e-02 3.4998e-04
1.0290e-02 3.4736e-04
1.0389e-02 3.4478e-04
1.0488e-02 3.4226e-04
1.0589e-02 3.3977e-04
1.0690e-02 3.3732e-04
1.0793e-02 3.3491e-04
1.0896e-02 3.3255e-04
1.1000e-02 3.3024e-04
1.1106e-02 3.2798e-04
1.1212e-02 3.1684e-04
1.1213e-02 3.1677e-04
1.1319e-02 3.0993e-04
1.1428e-02 3.0220e-04
1.1537e-02 2.9373e-04
1.1648e-02 2.8467e-04
1.1673e-02 2.8232e-04
1.1759e-02 2.7256e-04
1.1872e-02 2.5987e-04
1.1986e-02 2.5178e-04
1.1988e-02 2.5162e-04
1.2101e-02 2.4146e-04
1.2217e-02 2.3216e-04
1.2325e-02 2.2425e-04
1.2334e-02 2.2352e-04
1.2452e-02 2.1337e-04
1.2571e-02 2.0492e-04
1.2674e-02 1.9986e-04
1.2691e-02 1.9875e-04
1.2813e-02 1.9077e-04
1.2936e-02 1.8384e-04
1.3053e-02 1.7813e-04
1.3060e-02 1.7769e-04
1.3185e-02 1.6992e-04
1.3311e-02 1.6319e-04
1.3424e-02 1.5875e-04
1.3439e-02 1.5806e-04
1.3567e-02 1.5220e-04
1.3697e-02 1.4692e-04
1.3829e-02 1.4223e-04
1.3850e-02 1.4149e-04
1.3961e-02 1.3683e-04
1.4095e-02 1.3180e-04
1.4230e-02 1.2760e-04
1.4281e-02 1.2610e-04
1.4366e-02 1.2314e-04
1.4504e-02 1.1873e-04
1.4643e-02 1.1492e-04
1.4749e-02 1.1238e-04
1.4783e-02 1.1131e-04
1.4925e-02 1.0702e-04
1.5068e-02 1.0353e-04
1.5212e-02 1.0053e-04
1.5231e-02 1.0016e-04
1.5358e-02 9.6958e-05
1.5505e-02 9.3698e-05
1.5653e-02 9.0860e-05
1.5746e-02 8.9268e-05
1.5803e-02 8.8073e-05
1.5955e-02 8.5202e-05
1.6107e-02 8.2636e-05
1.6262e-02 8.0359e-05
1.6319e-02 7.9559e-05
1.6417e-02 7.7829e-05
1.6575e-02 7.5263e-05
1.6734e-02 7.2968e-05
1.6894e-02 7.0993e-05
1.6901e-02 7.0906e-05
1.7056e-02 6.8592e-05
1.7219e-02 6.6421e-05
1.7384e-02 6.4489e-05
1.7506e-02 6.3195e-05
1.7550e-02 6.2632e-05
1.7719e-02 6.0579e-05
1.7888e-02 5.8904e-05
1.8060e-02 5.7396e-05
1.8194e-02 5.6322e-05
1.8233e-02 5.5928e-05
1.8407e-02 5.4228e-05
1.8584e-02 5.2705e-05
1.8762e-02 5.1352e-05
1.8939e-02 5.0196e-05
1.8941e-02 5.0183e-05
1.9123e-02 4.8701e-05
1.9306e-02 4.7365e-05
1.9491e-02 4.6157e-05
1.9678e-02 4.5062e-05
1.9736e-02 4.4737e-05
1.9866e-02 4.3829e-05
2.0057e-02 4.2625e-05
2.0249e-02 4.1529e-05
2.0443e-02 4.0535e-05
2.0583e-02 3.9871e-05
2.0638e-02 3.9539e-05
2.0836e-02 3.8392e-05
2.1036e-02 3.7363e-05
2.1237e-02 3.6469e-05
2.1441e-02 3.5660e-05
2.1473e-02 3.5535e-05
2.1646e-02 3.4689e-05
2.1853e-02 3.3759e-05
2.2063e-02 3.2914e-05
2.2274e-02 3.2144e-05
2.2412e-02 3.1670e-05
2.2488e-02 3.1345e-05
2.2703e-02 3.0460e-05
2.2920e-02 2.9658e-05
2.3140e-02 2.8934e-05
2.3362e-02 2.8280e-05
2.3381e-02 2.8226e-05
2.3585e-02 2.7482e-05
2.3811e-02 2.6779e-05
2.4040e-02 2.6140e-05
2.4270e-02 2.5560e-05
2.4443e-02 2.5156e-05
2.4502e-02 2.4983e-05
2.4737e-02 2.4315e-05
2.4974e-02 2.3711e-05
2.5213e-02 2.3176e-05
2.5455e-02 2.2689e-05
2.5598e-02 2.2420e-05
2.5699e-02 2.2177e-05
2.5945e-02 2.1613e-05
2.6193e-02 2.1098e-05
2.6444e-02 2.0622e-05
2.6698e-02 2.0168e-05
2.6807e-02 1.9982e-05
2.6953e-02 1.9664e-05
2.7211e-02 1.9138e-05
2.7472e-02 1.8662e-05
2.7735e-02 1.8231e-05
2.8001e-02 1.7851e-05
2.8034e-02 1.7808e-05
2.8269e-02 1.7415e-05
2.8540e-02 1.6999e-05
2.8813e-02 1.6619e-05
2.9089e-02 1.6273e-05
2.9368e-02 1.5958e-05
2.9448e-02 1.5872e-05
2.9649e-02 1.5585e-05
2.9933e-02 1.5212e-05
3.0220e-02 1.4871e-05
3.0510e-02 1.4561e-05
3.0802e-02 1.4278e-05
3.0948e-02 1.4145e-05
3.1097e-02 1.3969e-05
3.1395e-02 1.3630e-05
3.1696e-02 1.3304e-05
3.1999e-02 1.3007e-05
3.2306e-02 1.2737e-05
3.2461e-02 1.2607e-05
3.2615e-02 1.2443e-05
3.2928e-02 1.2128e-05
3.3243e-02 1.1851e-05
3.3562e-02 1.1615e-05
3.3883e-02 1.1398e-05
3.4144e-02 1.1236e-05
3.4208e-02 1.1184e-05
3.4535e-02 1.0926e-05
3.4866e-02 1.0689e-05
3.5200e-02 1.0473e-05
3.5537e-02 1.0275e-05
3.5878e-02 1.0093e-05
3.6035e-02 1.0014e-05
3.6222e-02 9.8899e-06
3.6569e-02 9.6729e-06
3.6919e-02 9.4735e-06
3.7273e-02 9.2853e-06
3.7630e-02 9.1038e-06
3.7990e-02 8.9382e-06
3.8020e-02 8.9247e-06
3.8354e-02 8.7304e-06
3.8721e-02 8.5352e-06
3.9092e-02 8.3568e-06
3.9467e-02 8.1981e-06
3.9845e-02 8.0611e-06
4.0164e-02 7.9541e-06
4.0227e-02 7.9266e-06
4.0612e-02 7.7621e-06
4.1001e-02 7.6105e-06
4.1394e-02 7.4706e-06
4.1790e-02 7.3388e-06
4.2191e-02 7.2121e-06
4.2595e-02 7.0956e-06
4.2619e-02 7.0890e-06
4.3003e-02 6.9468e-06
4.3415e-02 6.8073e-06
4.3831e-02 6.6789e-06
4.4250e-02 6.5653e-06
4.4674e-02 6.4688e-06
4.5102e-02 6.3800e-06
4.5424e-02 6.3180e-06
4.5534e-02 6.2898e-06
4.5971e-02 6.1833e-06
4.6411e-02 6.0847e-06
4.6856e-02 5.9894e-06
4.7304e-02 5.8951e-06
4.7758e-02 5.8087e-06
4.8215e-02 5.7297e-06
4.8677e-02 5.6575e-06
4.8860e-02 5.6309e-06
4.9143e-02 5.5752e-06
4.9614e-02 5.4939e-06
5.0089e-02 5.4263e-06
5.0569e-02 5.3645e-06
5.1053e-02 5.3087e-06
5.1543e-02 5.2584e-06
5.2036e-02 5.2141e-06
5.2535e-02 5.1721e-06
5.3038e-02 5.1300e-06
5.3546e-02 5.0928e-06
5.4059e-02 5.0611e-06
5.4577e-02 5.0355e-06
5.5039e-02 5.0185e-06
5.5100e-02 5.0154e-06
5.5628e-02 4.9978e-06
5.6160e-02 4.9894e-06
5.6698e-02 4.9909e-06
5.7242e-02 5.0039e-06
5.7535e-02 5.0185e-06
5.7790e-02 5.0277e-06
5.8343e-02 5.0600e-06
5.8902e-02 5.1126e-06
5.9467e-02 5.1931e-06
6.0036e-02 5.3044e-06
6.0611e-02 5.4605e-06
6.1066e-02 5.6309e-06
6.1192e-02 5.6693e-06
6.1778e-02 5.9079e-06
6.2370e-02 6.2819e-06
6.2414e-02 6.3180e-06
6.2967e-02 6.7472e-06
6.3254e-02 7.0890e-06
6.3571e-02 7.4951e-06
6.3827e-02 7.9541e-06
6.4180e-02 8.8034e-06
6.4222e-02 8.9247e-06
6.4546e-02 1.0014e-05
6.4750e-02 1.1236e-05
6.4794e-02 1.1579e-05
6.4974e-02 1.2607e-05
6.5149e-02 1.4145e-05
6.5259e-02 1.5872e-05
6.5329e-02 1.7808e-05
6.5373e-02 1.9982e-05
6.5401e-02 2.2420e-05
6.5415e-02 2.4414e-05
6.5434e-02 2.2420e-05
6.5471e-02 1.9982e-05
6.5530e-02 1.7808e-05
6.5623e-02 1.5872e-05
6.5770e-02 1.4145e-05
6.6002e-02 1.2607e-05
6.6042e-02 1.2383e-05
6.6117e-02 1.1236e-05
6.6252e-02 1.0014e-05
6.6465e-02 8.9247e-06
6.6674e-02 8.2253e-06
6.6736e-02 7.9541e-06
6.6994e-02 7.0890e-06
6.7313e-02 6.4373e-06
6.7367e-02 6.3180e-06
6.7747e-02 5.6309e-06
6.7958e-02 5.3492e-06
6.8211e-02 5.0185e-06
6.8609e-02 4.6125e-06
6.8757e-02 4.4727e-06
6.9266e-02 4.0648e-06
6.9376e-02 3.9862e-06
6.9930e-02 3.6302e-06
7.0069e-02 3.5527e-06
7.0600e-02 3.2739e-06
7.0840e-02 3.1663e-06
7.1276e-02 2.9772e-06
7.1702e-02 2.8219e-06
7.1959e-02 2.7289e-06
7.2648e-02 2.5195e-06
7.2664e-02 2.5150e-06
7.3344e-02 2.3181e-06
7.3668e-02 2.2415e-06
7.4047e-02 2.1482e-06
7.4756e-02 2.0044e-06
7.4791e-02 1.9977e-06
7.5472e-02 1.8602e-06
7.5964e-02 1.7804e-06
7.6195e-02 1.7403e-06
7.6925e-02 1.6267e-06
7.7222e-02 1.5868e-06
7.7662e-02 1.5227e-06
7.8406e-02 1.4315e-06
7.8559e-02 1.4142e-06
7.9157e-02 1.3404e-06
7.9915e-02 1.2651e-06
7.9964e-02 1.2604e-06
8.0681e-02 1.1849e-06
8.1424e-02 1.1233e-06
8.1454e-02 1.1205e-06
8.2234e-02 1.0507e-06
8.2949e-02 1.0012e-06
8.3022e-02 9.9553e-07
8.3817e-02 9.3703e-07
8.4585e-02 8.9227e-07
8.4620e-02 8.8998e-07
8.5430e-02 8.3789e-07
8.6249e-02 7.9631e-07
8.6271e-02 7.9522e-07
8.7075e-02 7.5002e-07
8.7909e-02 7.1125e-07
8.7963e-02 7.0874e-07
8.8751e-02 6.6773e-07
8.9601e-02 6.3243e-07
8.9620e-02 6.3166e-07
9.0460e-02 5.9334e-07
9.1299e-02 5.6296e-07
9.1326e-02 5.6186e-07
9.2201e-02 5.2700e-07
9.3010e-02 5.0173e-07
9.3084e-02 4.9915e-07
9.3976e-02 4.6918e-07
9.4789e-02 4.4716e-07
9.4876e-02 4.4453e-07
9.5785e-02 4.1763e-07
9.6581e-02 3.9853e-07
9.6703e-02 3.9525e-07
9.7629e-02 3.7116e-07
9.8374e-02 3.5519e-07
9.8564e-02 3.5067e-07
9.9509e-02 3.2914e-07
1.0016e-01 3.1656e-07
1.0046e-01 3.1021e-07
1.0142e-01 2.9114e-07
1.0194e-01 2.8213e-07
1.0240e-01 2.7354e-07
1.0338e-01 2.5677e-07
1.0372e-01 2.5144e-07
1.0437e-01 2.4039e-07
1.0537e-01 2.2581e-07
1.0549e-01 2.2410e-07
1.0638e-01 2.1047e-07
1.0722e-01 1.9972e-07
1.0740e-01 1.9719e-07
1.0842e-01 1.8348e-07
1.0888e-01 1.7800e-07
1.0946e-01 1.7077e-07
1.1051e-01 1.5928e-07
1.1057e-01 1.5864e-07
1.1157e-01 1.4716e-07
1.1215e-01 1.4139e-07
1.1264e-01 1.3625e-07
1.1372e-01 1.2623e-07
1.1374e-01 1.2601e-07
1.1481e-01 1.1573e-07
1.1520e-01 1.1231e-07
1.1591e-01 1.0606e-07
1.1663e-01 1.0009e-07
1.1702e-01 9.6948e-08
1.1802e-01 8.9206e-08
1.1814e-01 8.8294e-08
1.1927e-01 7.9876e-08
1.1932e-01 7.9504e-08
1.2041e-01 7.1716e-08
1.2053e-01 7.0857e-08
1.2157e-01 6.4014e-08
1.2169e-01 6.3151e-08
1.2273e-01 5.6734e-08
1.2280e-01 5.6283e-08
1.2384e-01 5.0161e-08
1.2391e-01 4.9824e-08
1.2476e-01 4.4706e-08
1.2509e-01 4.3101e-08
1.2563e-01 3.9844e-08
1.2629e-01 3.6806e-08
1.2649e-01 3.5510e-08
1.2729e-01 3.1648e-08
1.2750e-01 3.0838e-08
1.2793e-01 2.8206e-08
1.2872e-01 2.5165e-08
1.2872e-01 2.5139e-08
1.2916e-01 2.2404e-08
1.2984e-01 1.9968e-08
1.2996e-01 1.9606e-08
1.3020e-01 1.7796e-08
1.3063e-01 1.5861e-08
1.3120e-01 1.4337e-08
1.3122e-01 1.4136e-08
1.3139e-01 1.2598e-08
1.3166e-01 1.1228e-08
1.3208e-01 1.0007e-08
1.3246e-01 9.2777e-09
1.3247e-01 8.9186e-09
1.3253e-01 7.9486e-09
1.3261e-01 7.0841e-09
1.3273e-01 6.3136e-09
1.3294e-01 5.6270e-09
1.3326e-01 5.0150e-09
1.3373e-01 4.4975e-09
1.3373e-01 4.4696e-09
1.3373e-01 3.9835e-09
1.3373e-01 3.5502e-09
1.3373e-01 3.1641e-09
1.3373e-01 2.8200e-09
1.3373e-01 2.5133e-09
1.3373e-01 2.2399e-09
1.3373e-01 1.9963e-09
1.3373e-01 1.7792e-09
1.3373e-01 1.5857e-09
1.3373e-01 1.4132e-09
1.3373e-01 1.2595e-09
1.3373e-01 1.1225e-09
1.3373e-01 1.0005e-09
1.3373e-01 8.9165e-10
1.3373e-01 7.9468e-10
1.3373e-01 7.0825e-10
1.3373e-01 6.3122e-10
1.3373e-01 5.6257e-10
1.3373e-01 5.0138e-10
1.3373e-01 4.4685e-10
1.3373e-01 3.9825e-10
1.3374e-01 3.5494e-10
1.3374e-01 3.1634e-10
1.3375e-01 2.8193e-10
1.3376e-01 2.5127e-10
1.3377e-01 2.2394e-10
1.3379e-01 1.9959e-10
1.3383e-01 1.7788e-10
1.3389e-01 1.5853e-10
1.3398e-01 1.4129e-10
1.3413e-01 1.2592e-10
1.3437e-01 1.1223e-10
1.3474e-01 1.0002e-10
1.3501e-01 9.3916e-11
1.3528e-01 1.0002e-10
1.3566e-01 1.1223e-10
1.3589e-01 1.2592e-10
1.3604e-01 1.4129e-10
1.3614e-01 1.5853e-10
1.3620e-01 1.7788e-10
1.3624e-01 1.9959e-10
1.3626e-01 2.2394e-10
1.3627e-01 2.5127e-10
1.3628e-01 2.8193e-10
1.3629e-01 3.1634e-10
1.3629e-01 3.5494e-10
1.3630e-01 3.9825e-10
1.3630e-01 4.4685e-10
1.3630e-01 5.0138e-10
1.3630e-01 5.6257e-10
1.3630e-01 6.3122e-10
1.3630e-01 7.0825e-10
1.3630e-01 7.9468e-10
1.3630e-01 8.9165e-10
1.3630e-01 1.0005e-09
1.3630e-01 1.1225e-09
1.3630e-01 1.2595e-09
1.3630e-01 1.4132e-09
1.3630e-01 1.5857e-09
1.3630e-01 1.7792e-09
1.3630e-01 1.9963e-09
1.3630e-01 2.2399e-09
1.3630e-01 2.5133e-09
1.3630e-01 2.8200e-09
1.3630e-01 3.1641e-09
1.3630e-01 3.5502e-09
1.3630e-01 3.9835e-09
1.3630e-01 4.4696e-09
1.3630e-01 4.4783e-09
1.3681e-01 5.0150e-09
1.3715e-01 5.6270e-09
1.3735e-01 6.3136e-09
1.3749e-01 7.0841e-09
1.3757e-01 7.9486e-09
1.3761e-01 8.6298e-09
1.3779e-01 8.9186e-09
1.3835e-01 1.0007e-08
1.3869e-01 1.1228e-08
1.3891e-01 1.2598e-08
1.3892e-01 1.2650e-08
1.3965e-01 1.4136e-08
1.4014e-01 1.5861e-08
1.4026e-01 1.6409e-08
1.4090e-01 1.7796e-08
1.4156e-01 1.9968e-08
1.4160e-01 2.0107e-08
1.4260e-01 2.2404e-08
1.4296e-01 2.3502e-08
1.4369e-01 2.5139e-08
1.4432e-01 2.6820e-08
1.4496e-01 2.8206e-08
1.4571e-01 2.9982e-08
1.4649e-01 3.1648e-08
1.4710e-01 3.2981e-08
1.4831e-01 3.5510e-08
1.4851e-01 3.5913e-08
1.4993e-01 3.8549e-08
1.5063e-01 3.9844e-08
1.5137e-01 4.1102e-08
1.5282e-01 4.3583e-08
1.5349e-01 4.4706e-08
1.5428e-01 4.5875e-08
1.5576e-01 4.8066e-08
1.5710e-01 5.0161e-08
1.5725e-01 5.0361e-08
1.5876e-01 5.2189e-08
1.6028e-01 5.4128e-08
1.6182e-01 5.6164e-08
1.6192e-01 5.6283e-08
1.6337e-01 5.7711e-08
1.6493e-01 5.9297e-08
1.6651e-01 6.0942e-08
1.6811e-01 6.2629e-08
1.6863e-01 6.3151e-08
1.6972e-01 6.4001e-08
1.7134e-01 6.5237e-08
1.7299e-01 6.6484e-08
1.7464e-01 6.7756e-08
1.7632e-01 6.9043e-08
1.7800e-01 7.0331e-08
1.7873e-01 7.0857e-08
1.7971e-01 7.1393e-08
1.8143e-01 7.2296e-08
1.8317e-01 7.3191e-08
1.8492e-01 7.4082e-08
1.8670e-01 7.4964e-08
1.8848e-01 7.5832e-08
1.9029e-01 7.6686e-08
1.9211e-01 7.7524e-08
1.9395e-01 7.8347e-08
1.9581e-01 7.9172e-08
1.9659e-01 7.9504e-08
1.9769e-01 7.9846e-08
1.9958e-01 8.0413e-08
2.0149e-01 8.0968e-08
2.0342e-01 8.1513e-08
2.0537e-01 8.2048e-08
2.0734e-01 8.2555e-08
2.0932e-01 8.3045e-08
2.1133e-01 8.3527e-08
2.1335e-01 8.3999e-08
2.1540e-01 8.4464e-08
2.1746e-01 8.4923e-08
2.1954e-01 8.5401e-08
2.2165e-01 8.5907e-08
2.2377e-01 8.6413e-08
2.2591e-01 8.6923e-08
2.2808e-01 8.7438e-08
2.3026e-01 8.7959e-08
2.3247e-01 8.8480e-08
2.3470e-01 8.9005e-08
2.3554e-01 8.9206e-08
2.3694e-01 8.9450e-08
2.3921e-01 8.9849e-08
2.4151e-01 9.0264e-08
2.4382e-01 9.0700e-08
2.4615e-01 9.1190e-08
2.4851e-01 9.1720e-08
2.5089e-01 9.2284e-08
2.5330e-01 9.2887e-08
2.5572e-01 9.3540e-08
2.5817e-01 9.4245e-08
2.6065e-01 9.5035e-08
2.6314e-01 9.5908e-08
2.6566e-01 9.6868e-08
2.6821e-01 9.7932e-08
2.7078e-01 9.9120e-08
2.7268e-01 1.0009e-07
2.7337e-01 1.0035e-07
2.7599e-01 1.0142e-07
2.7863e-01 1.0265e-07
2.8130e-01 1.0406e-07
2.8400e-01 1.0569e-07
2.8672e-01 1.0758e-07
2.8947e-01 1.0981e-07
2.9207e-01 1.1231e-07
2.9224e-01 1.1244e-07
2.9504e-01 1.1473e-07
2.9786e-01 1.1755e-07
3.0072e-01 1.2106e-07
3.0360e-01 1.2555e-07
3.0387e-01 1.2601e-07
3.0651e-01 1.2978e-07
3.0944e-01 1.3536e-07
3.1182e-01 1.4139e-07
3.1241e-01 1.4267e-07
3.1540e-01 1.5079e-07
3.1746e-01 1.5864e-07
3.1842e-01 1.6205e-07
3.2147e-01 1.7743e-07
3.2156e-01 1.7800e-07
3.2455e-01 1.9851e-07
3.2469e-01 1.9972e-07
3.2715e-01 2.2410e-07
3.2766e-01 2.3058e-07
3.2918e-01 2.5144e-07
3.3062e-01 2.8213e-07
3.3080e-01 2.8678e-07
3.3247e-01 3.1656e-07
3.3378e-01 3.5519e-07
3.3397e-01 3.6196e-07
3.3431e-01 3.5519e-07
3.3666e-01 3.1656e-07
3.3717e-01 3.0960e-07
3.3791e-01 2.8213e-07
3.3927e-01 2.5144e-07
3.4040e-01 2.3410e-07
3.4094e-01 2.2410e-07
3.4272e-01 1.9972e-07
3.4366e-01 1.9016e-07
3.4486e-01 1.7800e-07
3.4695e-01 1.6228e-07
3.4748e-01 1.5864e-07
3.5027e-01 1.4274e-07
3.5055e-01 1.4139e-07
3.5363e-01 1.2774e-07
3.5410e-01 1.2601e-07
3.5702e-01 1.1571e-07
3.5822e-01 1.1231e-07
3.6044e-01 1.0603e-07
3.6306e-01 1.0009e-07
3.6389e-01 9.8154e-08
3.6737e-01 9.1136e-08
3.6852e-01 8.9206e-08
3.7089e-01 8.4951e-08
3.7445e-01 7.9922e-08
3.7477e-01 7.9504e-08
3.7803e-01 7.4800e-08
3.8160e-01 7.0857e-08
3.8165e-01 7.0790e-08
3.8531e-01 6.6522e-08
3.8900e-01 6.3174e-08
3.8903e-01 6.3151e-08
3.9273e-01 5.9517e-08
3.9649e-01 5.6614e-08
3.9694e-01 5.6283e-08
4.0029e-01 5.3476e-08
4.0412e-01 5.0848e-08
4.0520e-01 5.0161e-08
4.0799e-01 4.8135e-08
4.1190e-01 4.5697e-08
4.1366e-01 4.4706e-08
4.1585e-01 4.3302e-08
4.1983e-01 4.1009e-08
4.2212e-01 3.9844e-08
4.2385e-01 3.8849e-08
4.2791e-01 3.6687e-08
4.3043e-01 3.5510e-08
4.3201e-01 3.4685e-08
4.3615e-01 3.2688e-08
4.3859e-01 3.1648e-08
4.4033e-01 3.0827e-08
4.4455e-01 2.8977e-08
4.4648e-01 2.8206e-08
4.4881e-01 2.7190e-08
4.5311e-01 2.5501e-08
4.5406e-01 2.5139e-08
4.5745e-01 2.3753e-08
4.6132e-01 2.2404e-08
4.6183e-01 2.2214e-08
4.6625e-01 2.0573e-08
4.6803e-01 1.9968e-08
4.7072e-01 1.9024e-08
4.7457e-01 1.7796e-08
4.7523e-01 1.7583e-08
4.7978e-01 1.6109e-08
4.8055e-01 1.5861e-08
4.8438e-01 1.4661e-08
4.8609e-01 1.4136e-08
4.8902e-01 1.3278e-08
4.9131e-01 1.2598e-08
4.9370e-01 1.1941e-08
4.9616e-01 1.1228e-08
4.9843e-01 1.0644e-08
5.0066e-01 1.0007e-08
5.0321e-01 9.3848e-09
5.0483e-01 8.9186e-09
5.0803e-01 8.1756e-09
5.0880e-01 7.9486e-09
5.1255e-01 7.0841e-09
5.1289e-01 7.0161e-09
5.1544e-01 6.3136e-09
5.1781e-01 5.8601e-09
5.1858e-01 5.6270e-09
5.2130e-01 5.0150e-09
5.2277e-01 4.7688e-09
5.2371e-01 4.4696e-09
5.2598e-01 3.9835e-09
5.2777e-01 3.7184e-09
5.2822e-01 3.5502e-09
5.2965e-01 3.1641e-09
5.3191e-01 2.8200e-09
5.3283e-01 2.7120e-09
5.3323e-01 2.5133e-09
5.3407e-01 2.2399e-09
5.3542e-01 1.9963e-09
5.3754e-01 1.7792e-09
5.3793e-01 1.7459e-09
5.3806e-01 1.5857e-09
5.3828e-01 1.4132e-09
5.3864e-01 1.2595e-09
5.3920e-01 1.1225e-09
5.4010e-01 1.0005e-09
5.4151e-01 8.9165e-10
5.4309e-01 8.1522e-10
5.4322e-01 7.9468e-10
5.4341e-01 7.0825e-10
5.4343e-01 6.3122e-10
5.4340e-01 5.6257e-10
5.4337e-01 5.0138e-10
5.4336e-01 4.4685e-10
5.4335e-01 3.9825e-10
5.4335e-01 3.5494e-10
5.4336e-01 3.1634e-10
5.4338e-01 2.8193e-10
5.4342e-01 2.5127e-10
5.4348e-01 2.2394e-10
5.4355e-01 1.9959e-10
5.4367e-01 1.7788e-10
5.4383e-01 1.5853e-10
5.4406e-01 1.4129e-10
5.4441e-01 1.2592e-10
5.4491e-01 1.1223e-10
5.4563e-01 1.0002e-10
5.4675e-01 8.9145e-11
5.4829e-01 7.9970e-11
5.4985e-01 8.9145e-11
5.5097e-01 1.0002e-10
5.5171e-01 1.1223e-10
5.5221e-01 1.2592e-10
5.5256e-01 1.4129e-10
5.5279e-01 1.5853e-10
5.5296e-01 1.7788e-10
5.5307e-01 1.9959e-10
5.5315e-01 2.2394e-10
5.5321e-01 2.5127e-10
5.5324e-01 2.8193e-10
5.5326e-01 3.1634e-10
5.5328e-01 3.5494e-10
5.5328e-01 3.9825e-10
5.5326e-01 4.4685e-10
5.5324e-01 5.0138e-10
5.5320e-01 5.6257e-10
5.5314e-01 6.3122e-10
5.5307e-01 7.0825e-10
5.5303e-01 7.9468e-10
5.5323e-01 8.9165e-10
5.5354e-01 9.1972e-10
5.5512e-01 1.0005e-09
5.5666e-01 1.1225e-09
5.5763e-01 1.2595e-09
5.5825e-01 1.4132e-09
5.5863e-01 1.5857e-09
5.5884e-01 1.7354e-09
5.5942e-01 1.7792e-09
5.6177e-01 1.9963e-09
5.6325e-01 2.2399e-09
5.6418e-01 2.5133e-09
5.6420e-01 2.5200e-09
5.6723e-01 2.8200e-09
5.6920e-01 3.1641e-09
5.6960e-01 3.2534e-09
5.7244e-01 3.5502e-09
5.7506e-01 3.9775e-09
5.7512e-01 3.9835e-09
5.7944e-01 4.4696e-09
5.8057e-01 4.6372e-09
5.8406e-01 5.0150e-09
5.8613e-01 5.2820e-09
5.8939e-01 5.6270e-09
5.9174e-01 5.9009e-09
5.9570e-01 6.3136e-09
5.9741e-01 6.4989e-09
6.0305e-01 7.0841e-09
6.0314e-01 7.0931e-09
6.0891e-01 7.6059e-09
6.1256e-01 7.9486e-09
6.1475e-01 8.1390e-09
6.2064e-01 8.6426e-09
6.2380e-01 8.9186e-09
6.2658e-01 9.1323e-09
6.3258e-01 9.5947e-09
6.3757e-01 1.0007e-08
6.3864e-01 1.0083e-08
6.4476e-01 1.0491e-08
6.5094e-01 1.0944e-08
6.5471e-01 1.1228e-08
6.5717e-01 1.1381e-08
6.6347e-01 1.1771e-08
6.6982e-01 1.2200e-08
6.7533e-01 1.2598e-08
6.7624e-01 1.2651e-08
6.8272e-01 1.3023e-08
6.8926e-01 1.3439e-08
6.9586e-01 1.3906e-08
6.9898e-01 1.4136e-08
7.0253e-01 1.4347e-08
7.0926e-01 1.4774e-08
7.1605e-01 1.5269e-08
7.2291e-01 1.5848e-08
7.2305e-01 1.5861e-08
7.2984e-01 1.6344e-08
7.3683e-01 1.6942e-08
7.4389e-01 1.7687e-08
7.4484e-01 1.7796e-08
7.5101e-01 1.8393e-08
7.5821e-01 1.9280e-08
7.6269e-01 1.9968e-08
7.6547e-01 2.0341e-08
7.7280e-01 2.1574e-08
7.7663e-01 2.2404e-08
7.8020e-01 2.3126e-08
7.8758e-01 2.5139e-08
7.8768e-01 2.5166e-08
7.9522e-01 2.7481e-08
7.9742e-01 2.8206e-08
8.0284e-01 3.0027e-08
8.1053e-01 3.1648e-08
8.1053e-01 3.1649e-08
8.1053e-01 3.1648e-08
8.1830e-01 2.9984e-08
8.2181e-01 2.8206e-08
8.2614e-01 2.6353e-08
8.2834e-01 2.5139e-08
8.3405e-01 2.2718e-08
8.3473e-01 2.2404e-08
8.4100e-01 1.9968e-08
8.4204e-01 1.9628e-08
8.4748e-01 1.7796e-08
8.5011e-01 1.7073e-08
8.5449e-01 1.5861e-08
8.5825e-01 1.4986e-08
8.6187e-01 1.4136e-08
8.6647e-01 1.3213e-08
8.6945e-01 1.2598e-08
8.7477e-01 1.1659e-08
8.7706e-01 1.1228e-08
8.8315e-01 1.0258e-08
8.8456e-01 1.0007e-08
8.9161e-01 8.9711e-09
8.9191e-01 8.9186e-09
8.9818e-01 7.9486e-09
9.0015e-01 7.7034e-09
9.0452e-01 7.0841e-09
9.0878e-01 6.6080e-09
9.1046e-01 6.3136e-09
9.1558e-01 5.6270e-09
9.1748e-01 5.4235e-09
9.1964e-01 5.0150e-09
9.2364e-01 4.4696e-09
9.2627e-01 4.2035e-09
9.2724e-01 3.9835e-09
9.2954e-01 3.5502e-09
9.3258e-01 3.1641e-09
9.3514e-01 2.9304e-09
9.3701e-01 3.1641e-09
9.3911e-01 3.5502e-09
9.4053e-01 3.9835e-09
9.4148e-01 4.4696e-09
9.4214e-01 5.0150e-09
9.4261e-01 5.6270e-09
9.4293e-01 6.3136e-09
9.4315e-01 7.0841e-09
9.4332e-01 7.9486e-09
9.4342e-01 8.9186e-09
9.4350e-01 1.0007e-08
9.4355e-01 1.1228e-08
9.4356e-01 1.2598e-08
9.4355e-01 1.4136e-08
9.4353e-01 1.5861e-08
9.4344e-01 1.7796e-08
9.4329e-01 1.9968e-08
9.4304e-01 2.2404e-08
9.4254e-01 2.5139e-08
9.4154e-01 2.8206e-08
9.3950e-01 3.1648e-08
9.3514e-01 3.5063e-08
9.3511e-01 3.5510e-08
9.3497e-01 3.9844e-08
9.3486e-01 4.4706e-08
9.3470e-01 5.0161e-08
9.3442e-01 5.6283e-08
9.3387e-01 6.3151e-08
9.3243e-01 7.0857e-08
9.2811e-01 7.9504e-08
9.2627e-01 8.2497e-08
9.2619e-01 8.9206e-08
9.2607e-01 1.0009e-07
9.2588e-01 1.1231e-07
9.2544e-01 1.2601e-07
9.2403e-01 1.4139e-07
9.1900e-01 1.5864e-07
9.1748e-01 1.6301e-07
9.1739e-01 1.7800e-07
9.1723e-01 1.9972e-07
9.1677e-01 2.2410e-07
9.1516e-01 2.5144e-07
9.0878e-01 2.8106e-07
9.0878e-01 2.8213e-07
9.0869e-01 3.1656e-07
9.0850e-01 3.5519e-07
9.0776e-01 3.9853e-07
9.0399e-01 4.4716e-07
9.0015e-01 4.7530e-07
9.0008e-01 5.0173e-07
8.9984e-01 5.6296e-07
8.9878e-01 6.3166e-07
8.9161e-01 7.0685e-07
8.9161e-01 7.0874e-07
8.9150e-01 7.9522e-07
8.9113e-01 8.9227e-07
8.8821e-01 1.0012e-06
8.8315e-01 1.0816e-06
8.8311e-01 1.1233e-06
8.8296e-01 1.2604e-06
8.8180e-01 1.4142e-06
8.7477e-01 1.5735e-06
8.7476e-01 1.5868e-06
8.7469e-01 1.7804e-06
8.7421e-01 1.9977e-06
8.6854e-01 2.2415e-06
8.6647e-01 2.3140e-06
8.6640e-01 2.5150e-06
8.6592e-01 2.8219e-06
8.5847e-01 3.1663e-06
8.5825e-01 3.1770e-06
8.5824e-01 3.5527e-06
8.5816e-01 3.9862e-06
8.5719e-01 4.4727e-06
8.5011e-01 4.9763e-06
8.4847e-01 5.0185e-06
8.4204e-01 5.4582e-06
8.4184e-01 5.6309e-06
8.3878e-01 6.3180e-06
8.3405e-01 6.7904e-06
8.2808e-01 6.3180e-06
8.2614e-01 6.2709e-06
8.1830e-01 6.1434e-06
8.1053e-01 6.1036e-06
8.0284e-01 6.0717e-06
7.9522e-01 5.7375e-06
7.8768e-01 5.7199e-06
7.8020e-01 5.7521e-06
7.7280e-01 5.8126e-06
7.6747e-01 5.6309e-06
7.6547e-01 5.6239e-06
7.5821e-01 5.6201e-06
7.5101e-01 5.6215e-06
7.4389e-01 5.6260e-06
7.3723e-01 5.6309e-06
7.3683e-01 5.6354e-06
7.2984e-01 5.6327e-06
7.2887e-01 5.6309e-06
7.2291e-01 5.6303e-06
7.1997e-01 5.6309e-06
7.1605e-01 5.6451e-06
7.0926e-01 5.6852e-06
7.0253e-01 5.7187e-06
6.9586e-01 5.6741e-06
6.9431e-01 5.6309e-06
6.8926e-01 5.6225e-06
6.8272e-01 5.6087e-06
6.7624e-01 5.5899e-06
6.6982e-01 5.5674e-06
6.6347e-01 5.5335e-06
6.5717e-01 5.4859e-06
6.5094e-01 5.1805e-06
6.4823e-01 5.0185e-06
6.4476e-01 4.9928e-06
6.3864e-01 4.9191e-06
6.3258e-01 4.8432e-06
6.2761e-01 4.4727e-06
6.2658e-01 4.4528e-06
6.2064e-01 4.3033e-06
6.1475e-01 4.0518e-06
6.1387e-01 3.9862e-06
6.0891e-01 3.8836e-06
6.0401e-01 3.5527e-06
6.0314e-01 3.5306e-06
5.9741e-01 3.3764e-06
5.9434e-01 3.1663e-06
5.9174e-01 2.9892e-06
5.8904e-01 2.8219e-06
5.8613e-01 2.6146e-06
5.8436e-01 2.5150e-06
5.8070e-01 2.2415e-06
5.8057e-01 2.2284e-06
5.7542e-01 1.9977e-06
5.7506e-01 1.9816e-06
5.7022e-01 1.7804e-06
5.6960e-01 1.7226e-06
5.6595e-01 1.5868e-06
5.6433e-01 1.4142e-06
5.6420e-01 1.3361e-06
5.6164e-01 1.2604e-06
5.5906e-01 1.1233e-06
5.5886e-01 1.0012e-06
5.5884e-01 8.9227e-07
5.5884e-01 7.9522e-07
5.5884e-01 7.9235e-07
5.5870e-01 7.9522e-07
5.5354e-01 8.8727e-07
5.4872e-01 7.9522e-07
5.4832e-01 7.0874e-07
5.4829e-01 6.3166e-07
5.4829e-01 5.6296e-07
5.4829e-01 5.0173e-07
5.4829e-01 4.4716e-07
5.4829e-01 3.9853e-07
5.4829e-01 3.5519e-07
5.4829e-01 3.1656e-07
5.4829e-01 2.8213e-07
5.4829e-01 2.5144e-07
5.4829e-01 2.2410e-07
5.4829e-01 1.9972e-07
5.4829e-01 1.7800e-07
5.4829e-01 1.5864e-07
5.4829e-01 1.4139e-07
5.4829e-01 1.2601e-07
5.4829e-01 1.1231e-07
5.4829e-01 1.0009e-07
5.4829e-01 8.9206e-08
5.4829e-01 7.9504e-08
5.4829e-01 7.0857e-08
5.4829e-01 6.3151e-08
5.4829e-01 5.6283e-08
5.4829e-01 5.0161e-08
5.4829e-01 4.4706e-08
5.4829e-01 3.9844e-08
5.4829e-01 3.5510e-08
5.4829e-01 3.1648e-08
5.4829e-01 2.8206e-08
5.4829e-01 2.5139e-08
5.4829e-01 2.2404e-08
5.4829e-01 1.9968e-08
5.4829e-01 1.7796e-08
5.4829e-01 1.5861e-08
5.4829e-01 1.4136e-08
5.4829e-01 1.2598e-08
5.4829e-01 1.1228e-08
5.4829e-01 1.0007e-08
5.4829e-01 8.9186e-09
5.4829e-01 7.9486e-09
5.4829e-01 7.0841e-09
5.4829e-01 6.3136e-09
5.4829e-01 5.6270e-09
5.4830e-01 5.0150e-09
5.4830e-01 4.4696e-09
5.4831e-01 3.9835e-09
5.4831e-01 3.5502e-09
5.4833e-01 3.1641e-09
5.4835e-01 2.8200e-09
5.4839e-01 2.5133e-09
5.4844e-01 2.2399e-09
5.4853e-01 1.9963e-09
5.4867e-01 1.7792e-09
5.4888e-01 1.5857e-09
5.4916e-01 1.4132e-09
5.4942e-01 1.2595e-09
5.4896e-01 1.1225e-09
5.4829e-01 1.0982e-09
5.4796e-01 1.1225e-09
5.4762e-01 1.2595e-09
5.4776e-01 1.4132e-09
5.4793e-01 1.5857e-09
5.4806e-01 1.7792e-09
5.4814e-01 1.9963e-09
5.4820e-01 2.2399e-09
5.4823e-01 2.5133e-09
5.4825e-01 2.8200e-09
5.4827e-01 3.1641e-09
5.4828e-01 3.5502e-09
5.4828e-01 3.9835e-09
5.4828e-01 4.4696e-09
5.4829e-01 5.0150e-09
5.4829e-01 5.6270e-09
5.4829e-01 6.3136e-09
5.4829e-01 7.0841e-09
5.4829e-01 7.9486e-09
5.4829e-01 8.9186e-09
5.4829e-01 1.0007e-08
5.4829e-01 1.1228e-08
5.4829e-01 1.2598e-08
5.4829e-01 1.4136e-08
5.4829e-01 1.5861e-08
5.4829e-01 1.7796e-08
5.4829e-01 1.9968e-08
5.4829e-01 2.2404e-08
5.4829e-01 2.5139e-08
5.4829e-01 2.8206e-08
5.4829e-01 3.1648e-08
5.4829e-01 3.5510e-08
5.4829e-01 3.9844e-08
5.4829e-01 4.4706e-08
5.4829e-01 5.0161e-08
5.4829e-01 5.6283e-08
5.4829e-01 6.3151e-08
5.4829e-01 7.0857e-08
5.4829e-01 7.9504e-08
5.4829e-01 8.9206e-08
5.4829e-01 1.0009e-07
5.4829e-01 1.1231e-07
5.4829e-01 1.2601e-07
5.4829e-01 1.4139e-07
5.4829e-01 1.5864e-07
5.4829e-01 1.7800e-07
5.4829e-01 1.9972e-07
5.4829e-01 2.2410e-07
5.4829e-01 2.5144e-07
5.4829e-01 2.8213e-07
5.4829e-01 3.1656e-07
5.4829e-01 3.5519e-07
5.4829e-01 3.9853e-07
5.4829e-01 4.4716e-07
5.4829e-01 5.0173e-07
5.4829e-01 5.6296e-07
5.4827e-01 6.3166e-07
5.4802e-01 7.0874e-07
5.4309e-01 7.9362e-07
5.3793e-01 7.6149e-07
5.3793e-01 7.9522e-07
5.3793e-01 8.9227e-07
5.3791e-01 1.0012e-06
5.3778e-01 1.1233e-06
5.3627e-01 1.2604e-06
5.3283e-01 1.3681e-06
5.3282e-01 1.4142e-06
5.3278e-01 1.5868e-06
5.3226e-01 1.7804e-06
5.2777e-01 1.9835e-06
5.2771e-01 1.9977e-06
5.2655e-01 2.2415e-06
5.2277e-01 2.4561e-06
5.2264e-01 2.5150e-06
5.2105e-01 2.8219e-06
5.1781e-01 3.0554e-06
5.1748e-01 3.1663e-06
5.1289e-01 3.5463e-06
5.1288e-01 3.5527e-06
5.1224e-01 3.9862e-06
5.0803e-01 4.4247e-06
5.0762e-01 4.4727e-06
5.0321e-01 4.9769e-06
5.0320e-01 5.0185e-06
5.0313e-01 5.6309e-06
5.0218e-01 6.3180e-06
4.9843e-01 6.9498e-06
4.9370e-01 6.9811e-06
4.9262e-01 7.0890e-06
4.8902e-01 7.7369e-06
4.8850e-01 7.9541e-06
4.8438e-01 8.8389e-06
4.8367e-01 8.9247e-06
4.7978e-01 9.8148e-06
4.7838e-01 1.0014e-05
4.7523e-01 1.0827e-05
4.7349e-01 1.1236e-05
4.7072e-01 1.2069e-05
4.6911e-01 1.2607e-05
4.6625e-01 1.3594e-05
4.6530e-01 1.4145e-05
4.6183e-01 1.5528e-05
4.6166e-01 1.5872e-05
4.5812e-01 1.7808e-05
4.5745e-01 1.8149e-05
4.5311e-01 1.9855e-05
4.5279e-01 1.9982e-05
4.4881e-01 2.2192e-05
4.4880e-01 2.2420e-05
4.4861e-01 2.5156e-05
4.4455e-01 2.8215e-05
4.4454e-01 2.8226e-05
4.4237e-01 3.1670e-05
4.4033e-01 3.3563e-05
4.3615e-01 3.4136e-05
4.3466e-01 3.5535e-05
4.3201e-01 3.8308e-05
4.3166e-01 3.9871e-05
4.2791e-01 4.4405e-05
4.2791e-01 4.4737e-05
4.2786e-01 5.0196e-05
4.2658e-01 5.6322e-05
4.2385e-01 6.1035e-05
4.2380e-01 6.3195e-05
4.2189e-01 7.0906e-05
4.1983e-01 7.5410e-05
4.1585e-01 7.8380e-05
4.1513e-01 7.9559e-05
4.1190e-01 8.7392e-05
4.1144e-01 8.9268e-05
4.0799e-01 9.8956e-05
4.0798e-01 1.0016e-04
4.0777e-01 1.1238e-04
4.0412e-01 1.2560e-04
4.0391e-01 1.2610e-04
4.0029e-01 1.4042e-04
3.9991e-01 1.4149e-04
3.9649e-01 1.5689e-04
3.9595e-01 1.5875e-04
3.9273e-01 1.7525e-04
3.8939e-01 1.5875e-04
3.8900e-01 1.5818e-04
3.8537e-01 1.4149e-04
3.8531e-01 1.4129e-04
3.8531e-01 1.4149e-04
3.8491e-01 1.5875e-04
3.8165e-01 1.7627e-04
3.8165e-01 1.7813e-04
3.8165e-01 1.9986e-04
3.8162e-01 2.2425e-04
3.8057e-01 2.5162e-04
3.7803e-01 2.7339e-04
3.7709e-01 2.8232e-04
3.7445e-01 3.0780e-04
3.7165e-01 2.8232e-04
3.7089e-01 2.8114e-04
3.6755e-01 2.5162e-04
3.6737e-01 2.2425e-04
3.6737e-01 2.2292e-04
3.6389e-01 2.2373e-04
3.6044e-01 2.2409e-04
3.6044e-01 2.2425e-04
3.6044e-01 2.5162e-04
3.6043e-01 2.8232e-04
3.6030e-01 3.1677e-04
3.5702e-01 3.5434e-04
3.5702e-01 3.5543e-04
3.5702e-01 3.9880e-04
3.5702e-01 4.4747e-04
3.5702e-01 5.0208e-04
3.5700e-01 5.6335e-04
3.5600e-01 6.3209e-04
3.5363e-01 6.8648e-04
3.5332e-01 7.0923e-04
3.5027e-01 7.8824e-04
3.5016e-01 7.9577e-04
3.4695e-01 8.9047e-04
3.4506e-01 8.9288e-04
3.4366e-01 9.2914e-04
3.4258e-01 8.9288e-04
3.4043e-01 7.9577e-04
3.4040e-01 7.0923e-04
3.4040e-01 6.3209e-04
3.4040e-01 5.6335e-04
3.4040e-01 5.5236e-04
3.3779e-01 5.0208e-04
3.3719e-01 4.4747e-04
3.3717e-01 4.2424e-04
3.3545e-01 3.9880e-04
3.3397e-01 3.9078e-04
3.3397e-01 3.9880e-04
3.3397e-01 4.4747e-04
3.3397e-01 5.0208e-04
3.3397e-01 5.6335e-04
3.3397e-01 6.3209e-04
3.3397e-01 7.0923e-04
3.3397e-01 7.9577e-04
3.3397e-01 8.9288e-04
3.3388e-01 1.0018e-03
3.3080e-01 1.1219e-03
3.2947e-01 1.1241e-03
3.2766e-01 1.1877e-03
3.2615e-01 1.1241e-03
3.2455e-01 1.1161e-03
3.2149e-01 1.0018e-03
3.2147e-01 1.0017e-03
3.1846e-01 8.9288e-04
3.1842e-01 7.9577e-04
3.1842e-01 7.0923e-04
3.1842e-01 6.7673e-04
3.1668e-01 6.3209e-04
3.1542e-01 5.6335e-04
3.1540e-01 5.0208e-04
3.1540e-01 5.0177e-04
3.1248e-01 4.4747e-04
3.1241e-01 4.3882e-04
3.0998e-01 3.9880e-04
3.0944e-01 3.8629e-04
3.0943e-01 3.9880e-04
3.0922e-01 4.4747e-04
3.0651e-01 4.9870e-04
3.0651e-01 5.0208e-04
3.0651e-01 5.6335e-04
3.0641e-01 6.3209e-04
3.0360e-01 7.0732e-04
3.0072e-01 6.9724e-04
2.9786e-01 6.4466e-04
2.9730e-01 6.3209e-04
2.9504e-01 6.2944e-04
2.9224e-01 6.2263e-04
2.8947e-01 5.9977e-04
2.8743e-01 5.6335e-04
2.8672e-01 5.6276e-04
2.8400e-01 5.6066e-04
2.8130e-01 5.5701e-04
2.7863e-01 5.4904e-04
2.7599e-01 5.3080e-04
2.7359e-01 5.0208e-04
2.7337e-01 5.0199e-04
2.7078e-01 5.0121e-04
2.6821e-01 5.0022e-04
2.6566e-01 4.9901e-04
2.6314e-01 4.9721e-04
2.6065e-01 4.9425e-04
2.5817e-01 4.9024e-04
2.5572e-01 4.8504e-04
2.5330e-01 4.7873e-04
2.5089e-01 4.7143e-04
2.4851e-01 4.6343e-04
2.4615e-01 4.5506e-04
2.4402e-01 4.4747e-04
2.4382e-01 4.4746e-04
2.4151e-01 4.4733e-04
2.3921e-01 4.4722e-04
2.3694e-01 4.4712e-04
2.3470e-01 4.4701e-04
2.3247e-01 4.4692e-04
2.3026e-01 4.4683e-04
2.2808e-01 4.4673e-04
2.2591e-01 4.4665e-04
2.2377e-01 4.4658e-04
2.2165e-01 4.4653e-04
2.1954e-01 4.4650e-04
2.1746e-01 4.4630e-04
2.1540e-01 4.4621e-04
2.1335e-01 4.4616e-04
2.1133e-01 4.4638e-04
2.0932e-01 4.4615e-04
2.0734e-01 4.4586e-04
2.0537e-01 4.4559e-04
2.0342e-01 4.4537e-04
2.0149e-01 4.4514e-04
1.9958e-01 4.4488e-04
1.9769e-01 4.4460e-04
1.9581e-01 4.4428e-04
1.9395e-01 4.4393e-04
1.9211e-01 4.4354e-04
1.9029e-01 4.4308e-04
1.8848e-01 4.4256e-04
1.8670e-01 4.4194e-04
1.8492e-01 4.4075e-04
1.8317e-01 4.3850e-04
1.8143e-01 4.3466e-04
1.7971e-01 4.2873e-04
1.7800e-01 4.1925e-04
1.7632e-01 4.0356e-04
1.7589e-01 3.9880e-04
1.7464e-01 3.9850e-04
1.7299e-01 3.9803e-04
1.7134e-01 3.9733e-04
1.6972e-01 3.9581e-04
1.6811e-01 3.9292e-04
1.6651e-01 3.8729e-04
1.6493e-01 3.7631e-04
1.6344e-01 3.5543e-04
1.6337e-01 3.5540e-04
1.6182e-01 3.5439e-04
1.6028e-01 3.5173e-04
1.5876e-01 3.4406e-04
1.5725e-01 3.1996e-04
1.5708e-01 3.1677e-04
1.5576e-01 3.1532e-04
1.5428e-01 3.0873e-04
1.5288e-01 2.8232e-04
1.5282e-01 2.8222e-04
1.5137e-01 2.7860e-04
1.4993e-01 2.5367e-04
1.4983e-01 2.5162e-04
1.4851e-01 2.4691e-04
1.4727e-01 2.2425e-04
1.4710e-01 2.2346e-04
1.4571e-01 2.0324e-04
1.4552e-01 1.9986e-04
1.4432e-01 1.8775e-04
1.4372e-01 1.7813e-04
1.4296e-01 1.6415e-04
1.4258e-01 1.5875e-04
1.4162e-01 1.4149e-04
1.4160e-01 1.4088e-04
1.4033e-01 1.2610e-04
1.4026e-01 1.1727e-04
1.3979e-01 1.1238e-04
1.3894e-01 1.0016e-04
1.3892e-01 8.9268e-05
1.3892e-01 8.9112e-05
1.3765e-01 7.9559e-05
1.3761e-01 7.0906e-05
1.3761e-01 6.3195e-05
1.3761e-01 6.2783e-05
1.3639e-01 5.6322e-05
1.3630e-01 5.0196e-05
1.3630e-01 4.4737e-05
1.3630e-01 3.9871e-05
1.3630e-01 3.5535e-05
1.3630e-01 3.1670e-05
1.3630e-01 3.1661e-05
1.3504e-01 2.8226e-05
1.3501e-01 2.5156e-05
1.3501e-01 2.2420e-05
1.3501e-01 1.9982e-05
1.3501e-01 1.7808e-05
1.3501e-01 1.5872e-05
1.3501e-01 1.4145e-05
1.3501e-01 1.2607e-05
1.3501e-01 1.1236e-05
1.3501e-01 1.0014e-05
1.3501e-01 8.9247e-06
1.3501e-01 7.9541e-06
1.3501e-01 7.0890e-06
1.3501e-01 6.3180e-06
1.3501e-01 5.6309e-06
1.3501e-01 5.0185e-06
1.3501e-01 4.4727e-06
1.3501e-01 3.9862e-06
1.3501e-01 3.5527e-06
1.3501e-01 3.1663e-06
1.3501e-01 2.8219e-06
1.3501e-01 2.5150e-06
1.3501e-01 2.2415e-06
1.3501e-01 1.9977e-06
1.3501e-01 1.7804e-06
1.3501e-01 1.5868e-06
1.3501e-01 1.4142e-06
1.3501e-01 1.2604e-06
1.3501e-01 1.1233e-06
1.3501e-01 1.0012e-06
1.3501e-01 8.9227e-07
1.3501e-01 7.9522e-07
1.3501e-01 7.0874e-07
1.3501e-01 7.0088e-07
1.3501e-01 7.0874e-07
1.3501e-01 7.9522e-07
1.3501e-01 8.9227e-07
1.3501e-01 1.0012e-06
1.3501e-01 1.1233e-06
1.3501e-01 1.2604e-06
1.3501e-01 1.4142e-06
1.3501e-01 1.5868e-06
1.3501e-01 1.7804e-06
1.3501e-01 1.9977e-06
1.3501e-01 2.2415e-06
1.3501e-01 2.5150e-06
1.3501e-01 2.8219e-06
1.3501e-01 3.1663e-06
1.3501e-01 3.5527e-06
1.3501e-01 3.9862e-06
1.3501e-01 4.4727e-06
1.3501e-01 5.0185e-06
1.3501e-01 5.6309e-06
1.3501e-01 6.3180e-06
1.3501e-01 7.0890e-06
1.3501e-01 7.9541e-06
1.3501e-01 8.9247e-06
1.3501e-01 1.0014e-05
1.3501e-01 1.1236e-05
1.3501e-01 1.2607e-05
1.3501e-01 1.4145e-05
1.3501e-01 1.5872e-05
1.3501e-01 1.7808e-05
1.3501e-01 1.9982e-05
1.3501e-01 2.2420e-05
1.3501e-01 2.5156e-05
1.3500e-01 2.8226e-05
1.3434e-01 3.1670e-05
1.3373e-01 3.3544e-05
1.3373e-01 3.5535e-05
1.3373e-01 3.9871e-05
1.3373e-01 4.4737e-05
1.3373e-01 5.0196e-05
1.3373e-01 5.6322e-05
1.3359e-01 6.3195e-05
1.3246e-01 7.0171e-05
1.3246e-01 7.0906e-05
1.3246e-01 7.9559e-05
1.3245e-01 8.9268e-05
1.3219e-01 1.0016e-04
1.3120e-01 1.0992e-04
1.3120e-01 1.1238e-04
1.3119e-01 1.2610e-04
1.3057e-01 1.4149e-04
1.2996e-01 1.5006e-04
1.2995e-01 1.5875e-04
1.2975e-01 1.7813e-04
1.2872e-01 1.9646e-04
1.2871e-01 1.9986e-04
1.2841e-01 2.2425e-04
1.2750e-01 2.4488e-04
1.2748e-01 2.5162e-04
1.2629e-01 2.8226e-04
1.2629e-01 2.8232e-04
1.2612e-01 3.1677e-04
1.2509e-01 3.5045e-04
1.2505e-01 3.5543e-04
1.2391e-01 3.9799e-04
1.2390e-01 3.9880e-04
1.2292e-01 4.4747e-04
1.2273e-01 4.5640e-04
1.2217e-01 5.0208e-04
1.2157e-01 5.3377e-04
1.2113e-01 5.6335e-04
1.2041e-01 6.0636e-04
1.1998e-01 6.3209e-04
1.1927e-01 6.8043e-04
1.1875e-01 7.0923e-04
1.1814e-01 7.5595e-04
1.1738e-01 7.9577e-04
1.1702e-01 8.2718e-04
1.1591e-01 8.9265e-04
1.1590e-01 8.9288e-04
1.1481e-01 9.9967e-04
1.1476e-01 1.0018e-03
1.1372e-01 1.1164e-03
1.1356e-01 1.1241e-03
1.1264e-01 1.2374e-03
1.1217e-01 1.2613e-03
1.1157e-01 1.3458e-03
1.1051e-01 1.4146e-03
1.1050e-01 1.4152e-03
1.0946e-01 1.5789e-03
1.0930e-01 1.5879e-03
1.0842e-01 1.7461e-03
1.0786e-01 1.7817e-03
1.0740e-01 1.8766e-03
1.0638e-01 1.9943e-03
1.0631e-01 1.9991e-03
1.0537e-01 2.2147e-03
1.0498e-01 2.2430e-03
1.0437e-01 2.4064e-03
1.0338e-01 2.5122e-03
1.0332e-01 2.5167e-03
1.0240e-01 2.7925e-03
1.0204e-01 2.8239e-03
1.0142e-01 3.0371e-03
1.0046e-01 3.1617e-03
1.0039e-01 3.1685e-03
9.9509e-02 3.5133e-03
9.9028e-02 3.5551e-03
9.8564e-02 3.7611e-03
9.7629e-02 3.9771e-03
9.7541e-02 3.9890e-03
9.6703e-02 4.4139e-03
9.5928e-02 4.4757e-03
9.5785e-02 4.5578e-03
9.4876e-02 5.0012e-03
9.4705e-02 5.0219e-03
9.3976e-02 5.5015e-03
9.3084e-02 5.6314e-03
9.3065e-02 5.6348e-03
9.2201e-02 6.2840e-03
9.1812e-02 6.3224e-03
9.1326e-02 6.7347e-03
9.0460e-02 7.0786e-03
9.0360e-02 7.0939e-03
8.9601e-02 7.8271e-03
8.8751e-02 7.9593e-03
8.8750e-02 7.9596e-03
8.7909e-02 8.8876e-03
8.7706e-02 8.9309e-03
8.7075e-02 9.7256e-03
8.6249e-02 1.0019e-02
8.6244e-02 1.0021e-02
8.5430e-02 1.1194e-02
8.5314e-02 1.1244e-02
8.4620e-02 1.2378e-02
8.4212e-02 1.2616e-02
8.3817e-02 1.3345e-02
8.3022e-02 1.4144e-02
8.3006e-02 1.4155e-02
8.2234e-02 1.5755e-02
8.2043e-02 1.5883e-02
8.1454e-02 1.7267e-02
8.0731e-02 1.7821e-02
8.0681e-02 1.7960e-02
7.9915e-02 1.9918e-02
7.9842e-02 1.9995e-02
7.9157e-02 2.2127e-02
7.8930e-02 2.2435e-02
7.8406e-02 2.4316e-02
7.7941e-02 2.5173e-02
7.7662e-02 2.6316e-02
7.6925e-02 2.8240e-02
7.6923e-02 2.8245e-02
7.6195e-02 3.1643e-02
7.6182e-02 3.1692e-02
7.5472e-02 3.5470e-02
7.5455e-02 3.5559e-02
7.4756e-02 3.9792e-02
7.4742e-02 3.9899e-02
7.4047e-02 4.4676e-02
7.4038e-02 4.4768e-02
7.3344e-02 5.0185e-02
7.3341e-02 5.0231e-02
7.2781e-02 5.6361e-02
7.2648e-02 5.7683e-02
7.2478e-02 6.3238e-02
7.1959e-02 6.9081e-02
7.1927e-02 7.0955e-02
7.1276e-02 7.9255e-02
7.1273e-02 7.9614e-02
7.0780e-02 8.9330e-02
7.0600e-02 9.2236e-02
7.0574e-02 1.0023e-01
5.6787e-02 1.0023e-01
5.6698e-02 1.0012e-01
5.6160e-02 9.9531e-02
5.5628e-02 9.7853e-02
5.5100e-02 9.0661e-02
5.5009e-02 8.9330e-02
5.4577e-02 8.9143e-02
5.4059e-02 8.8791e-02
5.3546e-02 8.8192e-02
5.3038e-02 8.6933e-02
5.2535e-02 8.4282e-02
5.2036e-02 7.9761e-02
5.2018e-02 7.9614e-02
5.1543e-02 7.9536e-02
5.1053e-02 7.9448e-02
5.0569e-02 7.9353e-02
5.0089e-02 7.9255e-02
4.9614e-02 7.9160e-02
4.9143e-02 7.9066e-02
4.8677e-02 7.8957e-02
4.8215e-02 7.8830e-02
4.7758e-02 7.8723e-02
4.7304e-02 7.8646e-02
4.6856e-02 7.8605e-02
4.6411e-02 7.8597e-02
4.5971e-02 7.8623e-02
4.5534e-02 7.8679e-02
4.5102e-02 7.8759e-02
4.4674e-02 7.8856e-02
4.4250e-02 7.8961e-02
4.3831e-02 7.9066e-02
4.3415e-02 7.9168e-02
4.3003e-02 7.9264e-02
4.2595e-02 7.9352e-02
4.2191e-02 7.9431e-02
4.1790e-02 7.9500e-02
4.1394e-02 7.9559e-02
4.1001e-02 7.9609e-02
4.0965e-02 7.9614e-02
4.0612e-02 8.1912e-02
4.0227e-02 8.3908e-02
3.9845e-02 8.5414e-02
3.9467e-02 8.6539e-02
3.9092e-02 8.7350e-02
3.8721e-02 8.7945e-02
3.8354e-02 8.8386e-02
3.7990e-02 8.8714e-02
3.7630e-02 8.8957e-02
3.7273e-02 8.9141e-02
3.6919e-02 8.9278e-02
3.6782e-02 8.9330e-02
3.6569e-02 9.1821e-02
3.6222e-02 9.4823e-02
3.5878e-02 9.6581e-02
3.5537e-02 9.7790e-02
3.5200e-02 9.8621e-02
3.4866e-02 9.9189e-02
3.4535e-02 9.9582e-02
3.4208e-02 9.9860e-02
3.3883e-02 1.0006e-01
3.3562e-02 1.0021e-01
3.3512e-02 1.0023e-01
9.6228e-01 5.2142e-10
9.6457e-01 5.6257e-10
9.6715e-01 6.3122e-10
9.6877e-01 7.0825e-10
9.6981e-01 7.9468e-10
9.7047e-01 8.9165e-10
9.7089e-01 1.0005e-09
9.7116e-01 1.1225e-09
9.7134e-01 1.2595e-09
9.7145e-01 1.4132e-09
9.7149e-01 1.4796e-09
9.7399e-01 1.5857e-09
9.7715e-01 1.7792e-09
9.7919e-01 1.9963e-09
9.8053e-01 2.2399e-09
9.8080e-01 2.3032e-09
9.8490e-01 2.5133e-09
9.8881e-01 2.8200e-09
9.9020e-01 2.9688e-09
9.9420e-01 3.1641e-09
9.9968e-01 3.5330e-09
1.0001e+00 3.5502e-09
1.0093e+00 3.9770e-09
1.0095e+00 3.9835e-09
1.0189e+00 4.3127e-09
1.0245e+00 4.4696e-09
1.0287e+00 4.5830e-09
1.0385e+00 4.7898e-09
1.0485e+00 4.9865e-09
1.0505e+00 5.0150e-09
1.0585e+00 5.1218e-09
1.0687e+00 5.1928e-09
1.0789e+00 5.2855e-09
1.0892e+00 5.2969e-09
1.0997e+00 5.2831e-09
1.1102e+00 5.2828e-09
1.1208e+00 5.2332e-09
1.1316e+00 5.2735e-09
1.1424e+00 5.2265e-09
1.1534e+00 5.3287e-09
1.1644e+00 5.3082e-09
1.1756e+00 5.6167e-09
1.1762e+00 5.6270e-09
1.1868e+00 5.8921e-09
1.1982e+00 6.2528e-09
1.1989e+00 6.3136e-09
1.2014e+00 7.0841e-09
1.2000e+00 7.9486e-09
1.1982e+00 8.3616e-09
1.1950e+00 8.9186e-09
1.1868e+00 9.9188e-09
1.1864e+00 1.0007e-08
1.1780e+00 1.1228e-08
1.1756e+00 1.1555e-08
1.1714e+00 1.2598e-08
1.1644e+00 1.4023e-08
1.1637e+00 1.4136e-08
1.1534e+00 1.5640e-08
1.1526e+00 1.5861e-08
1.1457e+00 1.7796e-08
1.1424e+00 1.8644e-08
1.1363e+00 1.9968e-08
1.1316e+00 2.0960e-08
1.1278e+00 2.2404e-08
1.1208e+00 2.4706e-08
1.1192e+00 2.5139e-08
1.1102e+00 2.7757e-08
1.1090e+00 2.8206e-08
1.0997e+00 3.1630e-08
1.0996e+00 3.1648e-08
1.0892e+00 3.5113e-08
1.0879e+00 3.5510e-08
1.0789e+00 3.8483e-08
1.0758e+00 3.9844e-08
1.0687e+00 4.3068e-08
1.0607e+00 4.4706e-08
1.0585e+00 4.5402e-08
1.0485e+00 4.8657e-08
1.0431e+00 5.0161e-08
1.0385e+00 5.1896e-08
1.0287e+00 5.4119e-08
1.0189e+00 5.4606e-08
1.0093e+00 5.5019e-08
9.9968e-01 5.5680e-08
9.9020e-01 5.5181e-08
9.8080e-01 5.0924e-08
9.7848e-01 5.0161e-08
9.7149e-01 4.9249e-08
9.6583e-01 4.4706e-08
9.6248e-01 3.9844e-08
9.6228e-01 3.9675e-08
9.5529e-01 3.5510e-08
9.5369e-01 3.1648e-08
9.5332e-01 2.8206e-08
9.5322e-01 2.5139e-08
9.5318e-01 2.2404e-08
9.5316e-01 1.9968e-08
9.5315e-01 1.7796e-08
9.5315e-01 1.5861e-08
9.5315e-01 1.4136e-08
9.5315e-01 1.2598e-08
9.5314e-01 1.1228e-08
9.5314e-01 1.0007e-08
9.5314e-01 8.9186e-09
9.5314e-01 7.9486e-09
9.5314e-01 7.0841e-09
9.5314e-01 6.3136e-09
9.5315e-01 5.6270e-09
9.5315e-01 5.0150e-09
9.5315e-01 4.4696e-09
9.5315e-01 3.9835e-09
9.5315e-01 3.5502e-09
9.5316e-01 3.1641e-09
9.5316e-01 2.8200e-09
9.5317e-01 2.5133e-09
9.5318e-01 2.2399e-09
9.5320e-01 1.9963e-09
9.5323e-01 1.7792e-09
9.5327e-01 1.5857e-09
9.5333e-01 1.4132e-09
9.5343e-01 1.2595e-09
9.5357e-01 1.1225e-09
9.5379e-01 1.0005e-09
9.5415e-01 8.9165e-10
9.5472e-01 7.9468e-10
9.5566e-01 7.0825e-10
9.5721e-01 6.3122e-10
9.5982e-01 5.6257e-10
9.6228e-01 5.2142e-10
