1.0000e-04 2.2821e-03
1.0116e-04 2.2583e-03
1.0216e-04 2.2387e-03
1.0233e-04 2.2349e-03
1.0351e-04 2.2090e-03
1.0471e-04 2.1842e-03
1.0593e-04 2.1605e-03
1.0715e-04 2.1378e-03
1.0839e-04 2.1160e-03
1.0854e-04 2.1135e-03
1.0965e-04 2.0918e-03
1.1092e-04 2.0681e-03
1.1220e-04 2.0454e-03
1.1350e-04 2.0237e-03
1.1482e-04 2.0030e-03
1.1532e-04 1.9953e-03
1.1614e-04 1.9808e-03
1.1749e-04 1.9582e-03
1.1885e-04 1.9365e-03
1.2023e-04 1.9158e-03
1.2162e-04 1.8960e-03
1.2252e-04 1.8836e-03
1.2303e-04 1.8758e-03
1.2445e-04 1.8542e-03
1.2589e-04 1.8335e-03
1.2735e-04 1.8127e-03
1.2882e-04 1.7928e-03
1.2996e-04 1.7783e-03
1.3032e-04 1.7730e-03
1.3183e-04 1.7515e-03
1.3335e-04 1.7309e-03
1.3490e-04 1.7113e-03
1.3646e-04 1.6926e-03
1.3766e-04 1.6788e-03
1.3804e-04 1.6739e-03
1.3964e-04 1.6540e-03
1.4125e-04 1.6351e-03
1.4289e-04 1.6169e-03
1.4454e-04 1.5996e-03
1.4606e-04 1.5849e-03
1.4622e-04 1.5832e-03
1.4791e-04 1.5648e-03
1.4962e-04 1.5472e-03
1.5136e-04 1.5304e-03
1.5311e-04 1.5143e-03
1.5488e-04 1.4988e-03
1.5518e-04 1.4962e-03
1.5668e-04 1.4818e-03
1.5849e-04 1.4650e-03
1.6032e-04 1.4489e-03
1.6218e-04 1.4335e-03
1.6406e-04 1.4188e-03
1.6488e-04 1.4125e-03
1.6596e-04 1.4032e-03
1.6788e-04 1.3871e-03
1.6982e-04 1.3718e-03
1.7179e-04 1.3571e-03
1.7378e-04 1.3430e-03
1.7514e-04 1.3335e-03
1.7579e-04 1.3284e-03
1.7783e-04 1.3127e-03
1.7989e-04 1.2977e-03
1.8197e-04 1.2833e-03
1.8408e-04 1.2692e-03
1.8570e-04 1.2589e-03
1.8621e-04 1.2552e-03
1.8836e-04 1.2400e-03
1.9055e-04 1.2254e-03
1.9275e-04 1.2115e-03
1.9498e-04 1.1982e-03
1.9670e-04 1.1885e-03
1.9724e-04 1.1850e-03
1.9953e-04 1.1706e-03
2.0184e-04 1.1575e-03
2.0417e-04 1.1450e-03
2.0654e-04 1.1331e-03
2.0884e-04 1.1220e-03
2.0893e-04 1.1215e-03
2.1135e-04 1.1085e-03
2.1380e-04 1.0960e-03
2.1627e-04 1.0840e-03
2.1878e-04 1.0726e-03
2.2131e-04 1.0617e-03
2.2188e-04 1.0593e-03
2.2387e-04 1.0497e-03
2.2646e-04 1.0377e-03
2.2909e-04 1.0263e-03
2.3174e-04 1.0154e-03
2.3442e-04 1.0049e-03
2.3573e-04 1.0000e-03
2.3714e-04 9.9398e-04
2.3988e-04 9.8260e-04
2.4266e-04 9.7170e-04
2.4547e-04 9.6127e-04
2.4831e-04 9.5128e-04
2.5046e-04 9.4406e-04
2.5119e-04 9.4129e-04
2.5410e-04 9.2986e-04
2.5704e-04 9.1894e-04
2.6002e-04 9.0851e-04
2.6303e-04 8.9856e-04
2.6534e-04 8.9125e-04
2.6607e-04 8.8863e-04
2.6915e-04 8.7784e-04
2.7227e-04 8.6754e-04
2.7542e-04 8.5769e-04
2.7861e-04 8.4852e-04
2.8121e-04 8.4140e-04
2.8184e-04 8.3945e-04
2.8510e-04 8.2949e-04
2.8840e-04 8.1996e-04
2.9174e-04 8.1108e-04
2.9512e-04 8.0259e-04
2.9854e-04 7.9445e-04
2.9859e-04 7.9433e-04
3.0200e-04 7.8522e-04
3.0549e-04 7.7636e-04
3.0903e-04 7.6788e-04
3.1261e-04 7.5977e-04
3.1623e-04 7.5200e-04
3.1723e-04 7.4989e-04
3.1989e-04 7.4356e-04
3.2359e-04 7.3510e-04
3.2734e-04 7.2700e-04
3.3113e-04 7.1925e-04
3.3497e-04 7.1183e-04
3.3705e-04 7.0795e-04
3.3884e-04 7.0413e-04
3.4277e-04 6.9605e-04
3.4674e-04 6.8832e-04
3.5075e-04 6.8091e-04
3.5481e-04 6.7383e-04
3.5811e-04 6.6834e-04
3.5892e-04 6.6680e-04
3.6308e-04 6.5909e-04
3.6728e-04 6.5170e-04
3.7154e-04 6.4464e-04
3.7584e-04 6.3787e-04
3.8019e-04 6.3139e-04
3.8049e-04 6.3096e-04
3.8459e-04 6.2411e-04
3.8905e-04 6.1706e-04
3.9355e-04 6.1031e-04
3.9811e-04 6.0384e-04
4.0272e-04 5.9766e-04
4.0424e-04 5.9566e-04
4.0738e-04 5.9100e-04
4.1210e-04 5.8426e-04
4.1687e-04 5.7782e-04
4.2170e-04 5.7165e-04
4.2658e-04 5.6574e-04
4.2950e-04 5.6234e-04
4.3152e-04 5.5966e-04
4.3652e-04 5.5323e-04
4.4157e-04 5.4691e-04
4.4668e-04 5.4088e-04
4.5186e-04 5.3510e-04
4.5581e-04 5.3088e-04
4.5709e-04 5.2934e-04
4.6238e-04 5.2291e-04
4.6774e-04 5.1677e-04
4.7315e-04 5.1091e-04
4.7863e-04 5.0531e-04
4.8286e-04 5.0119e-04
4.8417e-04 4.9973e-04
4.8978e-04 4.9366e-04
4.9545e-04 4.8787e-04
5.0119e-04 4.8233e-04
5.0699e-04 4.7730e-04
5.1203e-04 4.7315e-04
5.1286e-04 4.7237e-04
5.1880e-04 4.6689e-04
5.2481e-04 4.6165e-04
5.3088e-04 4.5664e-04
5.3703e-04 4.5184e-04
5.4325e-04 4.4724e-04
5.4402e-04 4.4668e-04
5.4954e-04 4.4212e-04
5.5590e-04 4.3711e-04
5.6234e-04 4.3232e-04
5.6885e-04 4.2774e-04
5.7544e-04 4.2335e-04
5.7799e-04 4.2170e-04
5.8210e-04 4.1867e-04
5.8884e-04 4.1389e-04
5.9566e-04 4.0931e-04
6.0256e-04 4.0493e-04
6.0954e-04 4.0074e-04
6.1410e-04 3.9811e-04
6.1660e-04 3.9647e-04
6.2373e-04 3.9191e-04
6.3096e-04 3.8754e-04
6.3826e-04 3.8336e-04
6.4565e-04 3.7935e-04
6.5249e-04 3.7584e-04
6.5313e-04 3.7546e-04
6.6069e-04 3.7110e-04
6.6834e-04 3.6693e-04
6.7608e-04 3.6294e-04
6.8391e-04 3.5911e-04
6.9183e-04 3.5545e-04
6.9325e-04 3.5481e-04
6.9984e-04 3.5141e-04
7.0795e-04 3.4743e-04
7.1614e-04 3.4361e-04
7.2444e-04 3.3996e-04
7.3282e-04 3.3647e-04
7.3655e-04 3.3497e-04
7.4131e-04 3.3278e-04
7.4989e-04 3.2897e-04
7.5858e-04 3.2533e-04
7.6736e-04 3.2184e-04
7.7625e-04 3.1851e-04
7.8257e-04 3.1623e-04
7.8524e-04 3.1514e-04
7.9433e-04 3.1150e-04
8.0353e-04 3.0803e-04
8.1283e-04 3.0470e-04
8.2224e-04 3.0151e-04
8.3150e-04 2.9854e-04
8.3176e-04 2.9844e-04
8.4140e-04 2.9497e-04
8.5114e-04 2.9165e-04
8.6099e-04 2.8847e-04
8.7096e-04 2.8543e-04
8.8105e-04 2.8244e-04
8.8311e-04 2.8184e-04
8.9125e-04 2.7915e-04
9.0157e-04 2.7591e-04
9.1201e-04 2.7280e-04
9.2257e-04 2.6976e-04
9.3325e-04 2.6685e-04
9.3620e-04 2.6607e-04
9.4406e-04 2.6370e-04
9.5499e-04 2.6055e-04
9.6605e-04 2.5755e-04
9.7724e-04 2.5467e-04
9.8855e-04 2.5193e-04
9.9169e-04 2.5119e-04
1.0000e-03 2.4896e-04
1.0116e-03 2.4613e-04
1.0233e-03 2.4342e-04
1.0351e-03 2.4083e-04
1.0471e-03 2.3835e-04
1.0532e-03 2.3714e-04
1.0593e-03 2.3576e-04
1.0715e-03 2.3306e-04
1.0839e-03 2.3047e-04
1.0965e-03 2.2800e-04
1.1092e-03 2.2563e-04
1.1190e-03 2.2387e-04
1.1220e-03 2.2327e-04
1.1350e-03 2.2069e-04
1.1482e-03 2.1822e-04
1.1614e-03 2.1586e-04
1.1749e-03 2.1359e-04
1.1885e-03 2.1143e-04
1.1890e-03 2.1135e-04
1.2023e-03 2.0898e-04
1.2162e-03 2.0662e-04
1.2303e-03 2.0437e-04
1.2445e-03 2.0221e-04
1.2589e-03 2.0014e-04
1.2633e-03 1.9953e-04
1.2735e-03 1.9790e-04
1.2882e-03 1.9565e-04
1.3032e-03 1.9349e-04
1.3183e-03 1.9143e-04
1.3335e-03 1.8945e-04
1.3422e-03 1.8836e-04
1.3490e-03 1.8741e-04
1.3646e-03 1.8526e-04
1.3804e-03 1.8320e-04
1.3964e-03 1.8123e-04
1.4125e-03 1.7935e-04
1.4262e-03 1.7783e-04
1.4289e-03 1.7749e-04
1.4454e-03 1.7543e-04
1.4622e-03 1.7347e-04
1.4791e-03 1.7158e-04
1.4962e-03 1.6978e-04
1.5136e-03 1.6806e-04
1.5154e-03 1.6788e-04
1.5311e-03 1.6613e-04
1.5488e-03 1.6425e-04
1.5668e-03 1.6245e-04
1.5849e-03 1.6073e-04
1.6032e-03 1.5909e-04
1.6101e-03 1.5849e-04
1.6218e-03 1.5732e-04
1.6406e-03 1.5553e-04
1.6596e-03 1.5381e-04
1.6788e-03 1.5217e-04
1.6982e-03 1.5060e-04
1.7108e-03 1.4962e-04
1.7179e-03 1.4899e-04
1.7378e-03 1.4728e-04
1.7579e-03 1.4564e-04
1.7783e-03 1.4407e-04
1.7989e-03 1.4257e-04
1.8178e-03 1.4125e-04
1.8197e-03 1.4111e-04
1.8408e-03 1.3947e-04
1.8621e-03 1.3790e-04
1.8836e-03 1.3640e-04
1.9055e-03 1.3497e-04
1.9275e-03 1.3360e-04
1.9315e-03 1.3335e-04
1.9498e-03 1.3208e-04
1.9724e-03 1.3058e-04
1.9953e-03 1.2915e-04
2.0184e-03 1.2778e-04
2.0417e-03 1.2647e-04
2.0523e-03 1.2589e-04
2.0654e-03 1.2508e-04
2.0893e-03 1.2366e-04
2.1135e-03 1.2229e-04
2.1380e-03 1.2098e-04
2.1627e-03 1.1973e-04
2.1808e-03 1.1885e-04
2.1878e-03 1.1847e-04
2.2131e-03 1.1710e-04
2.2387e-03 1.1579e-04
2.2646e-03 1.1454e-04
2.2909e-03 1.1335e-04
2.3174e-03 1.1220e-04
2.3174e-03 1.1220e-04
2.3442e-03 1.1090e-04
2.3714e-03 1.0965e-04
2.3988e-03 1.0845e-04
2.4266e-03 1.0731e-04
2.4547e-03 1.0622e-04
2.4624e-03 1.0593e-04
2.4831e-03 1.0503e-04
2.5119e-03 1.0383e-04
2.5410e-03 1.0269e-04
2.5704e-03 1.0160e-04
2.6002e-03 1.0056e-04
2.6166e-03 1.0000e-04
2.6303e-03 9.9472e-05
2.6607e-03 9.8333e-05
2.6915e-03 9.7243e-05
2.7227e-03 9.6200e-05
2.7542e-03 9.5201e-05
2.7813e-03 9.4406e-05
2.7861e-03 9.4244e-05
2.8184e-03 9.3183e-05
2.8510e-03 9.2167e-05
2.8840e-03 9.1192e-05
2.9174e-03 9.0283e-05
2.9512e-03 8.9411e-05
2.9626e-03 8.9125e-05
2.9854e-03 8.8471e-05
3.0200e-03 8.7517e-05
3.0549e-03 8.6601e-05
3.0903e-03 8.5723e-05
3.1261e-03 8.4880e-05
3.1591e-03 8.4140e-05
3.1623e-03 8.4059e-05
3.1989e-03 8.3087e-05
3.2359e-03 8.2156e-05
3.2734e-03 8.1265e-05
3.3113e-03 8.0412e-05
3.3497e-03 7.9595e-05
3.3574e-03 7.9433e-05
3.3884e-03 7.8697e-05
3.4277e-03 7.7807e-05
3.4674e-03 7.6956e-05
3.5075e-03 7.6141e-05
3.5481e-03 7.5361e-05
3.5681e-03 7.4989e-05
3.5892e-03 7.4543e-05
3.6308e-03 7.3694e-05
3.6728e-03 7.2880e-05
3.7154e-03 7.2101e-05
3.7584e-03 7.1356e-05
3.7923e-03 7.0795e-05
3.8019e-03 7.0614e-05
3.8459e-03 6.9802e-05
3.8905e-03 6.9024e-05
3.9355e-03 6.8280e-05
3.9811e-03 6.7568e-05
4.0272e-03 6.6886e-05
4.0307e-03 6.6834e-05
4.0738e-03 6.6120e-05
4.1210e-03 6.5377e-05
4.1687e-03 6.4666e-05
4.2170e-03 6.3985e-05
4.2658e-03 6.3334e-05
4.2841e-03 6.3096e-05
4.3152e-03 6.2637e-05
4.3652e-03 6.1927e-05
4.4157e-03 6.1248e-05
4.4668e-03 6.0597e-05
4.5186e-03 5.9974e-05
4.5539e-03 5.9566e-05
4.5709e-03 5.9343e-05
4.6238e-03 5.8664e-05
4.6774e-03 5.8015e-05
4.7315e-03 5.7393e-05
4.7863e-03 5.6798e-05
4.8411e-03 5.6234e-05
4.8417e-03 5.6227e-05
4.8978e-03 5.5578e-05
4.9545e-03 5.4957e-05
5.0119e-03 5.4363e-05
5.0699e-03 5.3824e-05
5.1286e-03 5.3306e-05
5.1540e-03 5.3088e-05
5.1880e-03 5.2757e-05
5.2481e-03 5.2190e-05
5.3088e-03 5.1647e-05
5.3703e-03 5.1125e-05
5.4325e-03 5.0625e-05
5.4954e-03 5.0144e-05
5.4987e-03 5.0119e-05
5.5590e-03 4.9586e-05
5.6234e-03 4.9047e-05
5.6885e-03 4.8530e-05
5.7544e-03 4.8034e-05
5.8210e-03 4.7546e-05
5.8536e-03 4.7315e-05
5.8884e-03 4.7034e-05
5.9566e-03 4.6503e-05
6.0256e-03 4.5994e-05
6.0954e-03 4.5506e-05
6.1660e-03 4.5040e-05
6.2249e-03 4.4668e-05
6.2373e-03 4.4579e-05
6.3096e-03 4.4070e-05
6.3826e-03 4.3583e-05
6.4565e-03 4.3117e-05
6.5313e-03 4.2671e-05
6.6069e-03 4.2244e-05
6.6203e-03 4.2170e-05
6.6834e-03 4.1771e-05
6.7608e-03 4.1306e-05
6.8391e-03 4.0860e-05
6.9183e-03 4.0433e-05
6.9984e-03 4.0035e-05
7.0451e-03 3.9811e-05
7.0795e-03 3.9623e-05
7.1614e-03 3.9188e-05
7.2444e-03 3.8772e-05
7.3282e-03 3.8383e-05
7.4131e-03 3.8010e-05
7.4989e-03 3.7651e-05
7.5155e-03 3.7584e-05
7.5858e-03 3.7256e-05
7.6736e-03 3.6863e-05
7.7625e-03 3.6487e-05
7.8524e-03 3.6126e-05
7.9433e-03 3.5779e-05
8.0207e-03 3.5481e-05
8.0353e-03 3.5417e-05
8.1283e-03 3.5017e-05
8.2224e-03 3.4634e-05
8.3176e-03 3.4268e-05
8.4140e-03 3.3916e-05
8.5114e-03 3.3580e-05
8.5360e-03 3.3497e-05
8.6099e-03 3.3212e-05
8.7096e-03 3.2846e-05
8.8105e-03 3.2504e-05
8.9125e-03 3.2176e-05
9.0157e-03 3.1861e-05
9.0975e-03 3.1623e-05
9.1201e-03 3.1548e-05
9.2257e-03 3.1214e-05
9.3325e-03 3.0893e-05
9.4406e-03 3.0585e-05
9.5499e-03 3.0289e-05
9.6605e-03 3.0005e-05
9.7216e-03 2.9854e-05
9.7724e-03 2.9710e-05
9.8855e-03 2.9399e-05
1.0000e-02 2.9101e-05
1.0116e-02 2.8814e-05
1.0233e-02 2.8539e-05
1.0351e-02 2.8275e-05
1.0393e-02 2.8184e-05
1.0471e-02 2.7990e-05
1.0593e-02 2.7701e-05
1.0715e-02 2.7423e-05
1.0839e-02 2.7156e-05
1.0965e-02 2.6900e-05
1.1092e-02 2.6654e-05
1.1116e-02 2.6607e-05
1.1220e-02 2.6381e-05
1.1350e-02 2.6096e-05
1.1482e-02 2.5823e-05
1.1614e-02 2.5562e-05
1.1749e-02 2.5311e-05
1.1857e-02 2.5119e-05
1.1885e-02 2.5062e-05
1.2023e-02 2.4789e-05
1.2162e-02 2.4526e-05
1.2303e-02 2.4275e-05
1.2445e-02 2.4034e-05
1.2589e-02 2.3806e-05
1.2652e-02 2.3714e-05
1.2735e-02 2.3574e-05
1.2882e-02 2.3335e-05
1.3032e-02 2.3106e-05
1.3183e-02 2.2885e-05
1.3335e-02 2.2674e-05
1.3490e-02 2.2471e-05
1.3555e-02 2.2387e-05
1.3646e-02 2.2255e-05
1.3804e-02 2.2032e-05
1.3964e-02 2.1819e-05
1.4125e-02 2.1613e-05
1.4289e-02 2.1416e-05
1.4454e-02 2.1226e-05
1.4537e-02 2.1135e-05
1.4622e-02 2.1027e-05
1.4791e-02 2.0819e-05
1.4962e-02 2.0620e-05
1.5136e-02 2.0428e-05
1.5311e-02 2.0244e-05
1.5488e-02 2.0067e-05
1.5607e-02 1.9953e-05
1.5668e-02 1.9886e-05
1.5849e-02 1.9695e-05
1.6032e-02 1.9519e-05
1.6218e-02 1.9350e-05
1.6406e-02 1.9186e-05
1.6596e-02 1.9029e-05
1.6788e-02 1.8878e-05
1.6843e-02 1.8836e-05
1.6982e-02 1.8714e-05
1.7179e-02 1.8548e-05
1.7378e-02 1.8388e-05
1.7579e-02 1.8234e-05
1.7783e-02 1.8086e-05
1.7989e-02 1.7943e-05
1.8197e-02 1.7805e-05
1.8232e-02 1.7783e-05
1.8408e-02 1.7652e-05
1.8621e-02 1.7501e-05
1.8836e-02 1.7355e-05
1.9055e-02 1.7214e-05
1.9275e-02 1.7079e-05
1.9498e-02 1.6949e-05
1.9724e-02 1.6823e-05
1.9790e-02 1.6788e-05
1.9953e-02 1.6686e-05
2.0184e-02 1.6548e-05
2.0417e-02 1.6415e-05
2.0654e-02 1.6287e-05
2.0893e-02 1.6163e-05
2.1135e-02 1.6045e-05
2.1380e-02 1.5930e-05
2.1561e-02 1.5849e-05
2.1627e-02 1.5815e-05
2.1878e-02 1.5689e-05
2.2131e-02 1.5567e-05
2.2387e-02 1.5455e-05
2.2646e-02 1.5350e-05
2.2909e-02 1.5249e-05
2.3174e-02 1.5152e-05
2.3442e-02 1.5058e-05
2.3714e-02 1.4968e-05
2.3733e-02 1.4962e-05
2.3988e-02 1.4867e-05
2.4266e-02 1.4769e-05
2.4547e-02 1.4674e-05
2.4831e-02 1.4583e-05
2.5119e-02 1.4495e-05
2.5410e-02 1.4410e-05
2.5704e-02 1.4329e-05
2.6002e-02 1.4251e-05
2.6303e-02 1.4176e-05
2.6516e-02 1.4125e-05
2.6607e-02 1.4100e-05
2.6915e-02 1.4018e-05
2.7227e-02 1.3939e-05
2.7542e-02 1.3864e-05
2.7861e-02 1.3791e-05
2.8184e-02 1.3722e-05
2.8510e-02 1.3656e-05
2.8840e-02 1.3593e-05
2.9174e-02 1.3533e-05
2.9512e-02 1.3475e-05
2.9854e-02 1.3421e-05
3.0200e-02 1.3369e-05
3.0441e-02 1.3335e-05
3.0549e-02 1.3317e-05
3.0903e-02 1.3262e-05
3.1261e-02 1.3211e-05
3.1623e-02 1.3162e-05
3.1989e-02 1.3116e-05
3.2359e-02 1.3074e-05
3.2734e-02 1.3035e-05
3.3113e-02 1.2999e-05
3.3497e-02 1.2966e-05
3.3884e-02 1.2936e-05
3.4277e-02 1.2909e-05
3.4674e-02 1.2886e-05
3.5075e-02 1.2866e-05
3.5481e-02 1.2855e-05
3.5892e-02 1.2848e-05
3.6308e-02 1.2844e-05
3.6728e-02 1.2844e-05
3.7154e-02 1.2848e-05
3.7584e-02 1.2858e-05
3.8019e-02 1.2872e-05
3.8459e-02 1.2890e-05
3.8905e-02 1.2914e-05
3.9355e-02 1.2943e-05
3.9811e-02 1.2978e-05
4.0272e-02 1.3019e-05
4.0738e-02 1.3066e-05
4.1210e-02 1.3121e-05
4.1687e-02 1.3185e-05
4.2170e-02 1.3257e-05
4.2635e-02 1.3335e-05
4.2658e-02 1.3338e-05
4.3152e-02 1.3417e-05
4.3652e-02 1.3506e-05
4.4157e-02 1.3607e-05
4.4668e-02 1.3728e-05
4.5186e-02 1.3864e-05
4.5709e-02 1.4018e-05
4.6039e-02 1.4125e-05
4.6238e-02 1.4182e-05
4.6774e-02 1.4350e-05
4.7315e-02 1.4544e-05
4.7863e-02 1.4766e-05
4.8296e-02 1.4962e-05
4.8417e-02 1.5012e-05
4.8978e-02 1.5260e-05
4.9545e-02 1.5550e-05
5.0055e-02 1.5849e-05
5.0119e-02 1.5883e-05
5.0699e-02 1.6220e-05
5.1286e-02 1.6622e-05
5.1505e-02 1.6788e-05
5.1880e-02 1.7054e-05
5.2481e-02 1.7546e-05
5.2737e-02 1.7783e-05
5.3088e-02 1.8092e-05
5.3703e-02 1.8724e-05
5.3803e-02 1.8836e-05
5.4325e-02 1.9412e-05
5.4743e-02 1.9953e-05
5.4954e-02 2.0222e-05
5.5572e-02 2.1135e-05
5.5590e-02 2.1163e-05
5.6234e-02 2.2224e-05
5.6323e-02 2.2387e-05
5.6885e-02 2.3475e-05
5.6997e-02 2.3714e-05
5.7544e-02 2.4971e-05
5.7604e-02 2.5119e-05
5.8158e-02 2.6607e-05
5.8210e-02 2.6761e-05
5.8675e-02 2.8184e-05
5.8884e-02 2.8923e-05
5.9144e-02 2.9854e-05
5.9556e-02 3.1623e-05
5.9566e-02 3.1671e-05
5.9972e-02 3.3497e-05
6.0256e-02 3.5129e-05
6.0321e-02 3.5481e-05
6.0676e-02 3.7584e-05
6.0954e-02 3.9762e-05
6.0961e-02 3.9811e-05
6.1281e-02 4.2170e-05
6.1538e-02 4.4668e-05
6.1660e-02 4.6110e-05
6.1785e-02 4.7315e-05
6.2038e-02 5.0119e-05
6.2241e-02 5.3088e-05
6.2373e-02 5.5586e-05
6.2422e-02 5.6234e-05
6.2648e-02 5.9566e-05
6.2830e-02 6.3096e-05
6.2976e-02 6.6834e-05
6.3091e-02 7.0795e-05
6.3096e-02 7.0975e-05
6.3285e-02 7.4989e-05
6.3447e-02 7.9433e-05
6.3577e-02 8.4140e-05
6.3680e-02 8.9125e-05
6.3761e-02 9.4406e-05
6.3825e-02 1.0000e-04
6.3826e-02 1.0010e-04
6.3990e-02 1.0593e-04
6.4127e-02 1.1220e-04
6.4235e-02 1.1885e-04
6.4321e-02 1.2589e-04
6.4390e-02 1.3335e-04
6.4444e-02 1.4125e-04
6.4487e-02 1.4962e-04
6.4520e-02 1.5849e-04
6.4547e-02 1.6788e-04
6.4565e-02 1.7585e-04
6.4596e-02 1.7783e-04
6.4744e-02 1.8836e-04
6.4861e-02 1.9953e-04
6.4954e-02 2.1135e-04
6.5028e-02 2.2387e-04
6.5087e-02 2.3714e-04
6.5134e-02 2.5119e-04
6.5171e-02 2.6607e-04
6.5200e-02 2.8184e-04
6.5224e-02 2.9854e-04
6.5242e-02 3.1623e-04
6.5257e-02 3.3497e-04
6.5269e-02 3.5481e-04
6.5278e-02 3.7584e-04
6.5286e-02 3.9811e-04
6.5291e-02 4.2170e-04
6.5296e-02 4.4668e-04
6.5300e-02 4.7315e-04
6.5303e-02 5.0119e-04
6.5305e-02 5.3088e-04
6.5307e-02 5.6234e-04
6.5308e-02 5.9566e-04
6.5310e-02 6.3096e-04
6.5311e-02 6.6834e-04
6.5311e-02 7.0795e-04
6.5312e-02 7.4989e-04
6.5312e-02 7.9433e-04
6.5313e-02 8.4140e-04
6.5313e-02 8.6706e-04
6.5314e-02 8.4140e-04
6.5317e-02 7.9433e-04
6.5320e-02 7.4989e-04
6.5323e-02 7.0795e-04
6.5328e-02 6.6834e-04
6.5334e-02 6.3096e-04
6.5341e-02 5.9566e-04
6.5351e-02 5.6234e-04
6.5362e-02 5.3088e-04
6.5377e-02 5.0119e-04
6.5396e-02 4.7315e-04
6.5419e-02 4.4668e-04
6.5449e-02 4.2170e-04
6.5486e-02 3.9811e-04
6.5532e-02 3.7584e-04
6.5590e-02 3.5481e-04
6.5664e-02 3.3497e-04
6.5756e-02 3.1623e-04
6.5873e-02 2.9854e-04
6.6021e-02 2.8184e-04
6.6069e-02 2.7694e-04
6.6074e-02 2.6607e-04
6.6081e-02 2.5119e-04
6.6091e-02 2.3714e-04
6.6102e-02 2.2387e-04
6.6117e-02 2.1135e-04
6.6135e-02 1.9953e-04
6.6158e-02 1.8836e-04
6.6187e-02 1.7783e-04
6.6224e-02 1.6788e-04
6.6271e-02 1.5849e-04
6.6329e-02 1.4962e-04
6.6403e-02 1.4125e-04
6.6495e-02 1.3335e-04
6.6612e-02 1.2589e-04
6.6759e-02 1.1885e-04
6.6834e-02 1.1574e-04
6.6853e-02 1.1220e-04
6.6892e-02 1.0593e-04
6.6941e-02 1.0000e-04
6.7004e-02 9.4406e-05
6.7083e-02 8.9125e-05
6.7182e-02 8.4140e-05
6.7308e-02 7.9433e-05
6.7465e-02 7.4989e-05
6.7608e-02 7.1748e-05
6.7624e-02 7.0795e-05
6.7699e-02 6.6834e-05
6.7794e-02 6.3096e-05
6.7914e-02 5.9566e-05
6.8065e-02 5.6234e-05
6.8255e-02 5.3088e-05
6.8391e-02 5.1220e-05
6.8432e-02 5.0119e-05
6.8552e-02 4.7315e-05
6.8703e-02 4.4668e-05
6.8895e-02 4.2170e-05
6.9135e-02 3.9811e-05
6.9183e-02 3.9383e-05
6.9303e-02 3.7584e-05
6.9483e-02 3.5481e-05
6.9710e-02 3.3497e-05
6.9984e-02 3.1683e-05
6.9990e-02 3.1623e-05
7.0179e-02 2.9854e-05
7.0418e-02 2.8184e-05
7.0718e-02 2.6607e-05
7.0795e-02 2.6247e-05
7.0965e-02 2.5119e-05
7.1235e-02 2.3714e-05
7.1576e-02 2.2387e-05
7.1614e-02 2.2249e-05
7.1848e-02 2.1135e-05
7.2172e-02 1.9953e-05
7.2444e-02 1.9153e-05
7.2528e-02 1.8836e-05
7.2849e-02 1.7783e-05
7.3254e-02 1.6788e-05
7.3282e-02 1.6723e-05
7.3594e-02 1.5849e-05
7.4010e-02 1.4962e-05
7.4131e-02 1.4732e-05
7.4399e-02 1.4125e-05
7.4838e-02 1.3335e-05
7.4989e-02 1.3095e-05
7.5262e-02 1.2589e-05
7.5736e-02 1.1885e-05
7.5858e-02 1.1723e-05
7.6187e-02 1.1220e-05
7.6708e-02 1.0593e-05
7.6736e-02 1.0561e-05
7.7179e-02 1.0000e-05
7.7625e-02 9.5493e-06
7.7721e-02 9.4406e-06
7.8244e-02 8.9125e-06
7.8524e-02 8.6723e-06
7.8797e-02 8.4140e-06
7.9394e-02 7.9433e-06
7.9433e-02 7.9151e-06
7.9953e-02 7.4989e-06
8.0353e-02 7.2331e-06
8.0566e-02 7.0795e-06
8.1204e-02 6.6834e-06
8.1283e-02 6.6384e-06
8.1819e-02 6.3096e-06
8.2224e-02 6.0983e-06
8.2479e-02 5.9566e-06
8.3176e-02 5.6244e-06
8.3178e-02 5.6234e-06
8.3837e-02 5.3088e-06
8.4140e-02 5.1843e-06
8.4535e-02 5.0119e-06
8.5114e-02 4.7931e-06
8.5269e-02 4.7315e-06
8.6011e-02 4.4668e-06
8.6099e-02 4.4379e-06
8.6739e-02 4.2170e-06
8.7096e-02 4.1089e-06
8.7501e-02 3.9811e-06
8.8105e-02 3.8129e-06
8.8292e-02 3.7584e-06
8.9106e-02 3.5481e-06
8.9125e-02 3.5435e-06
8.9890e-02 3.3497e-06
9.0157e-02 3.2895e-06
9.0699e-02 3.1623e-06
9.1201e-02 3.0576e-06
9.1533e-02 2.9854e-06
9.2257e-02 2.8451e-06
9.2389e-02 2.8184e-06
9.3250e-02 2.6607e-06
9.3325e-02 2.6479e-06
9.4091e-02 2.5119e-06
9.4406e-02 2.4621e-06
9.4954e-02 2.3714e-06
9.5499e-02 2.2908e-06
9.5835e-02 2.2387e-06
9.6605e-02 2.1325e-06
9.6736e-02 2.1135e-06
9.7632e-02 1.9953e-06
9.7724e-02 1.9840e-06
9.8503e-02 1.8836e-06
9.8855e-02 1.8434e-06
9.9392e-02 1.7783e-06
1.0000e-01 1.7129e-06
1.0030e-01 1.6788e-06
1.0116e-01 1.5919e-06
1.0122e-01 1.5849e-06
1.0211e-01 1.4962e-06
1.0233e-01 1.4763e-06
1.0299e-01 1.4125e-06
1.0351e-01 1.3679e-06
1.0389e-01 1.3335e-06
1.0471e-01 1.2672e-06
1.0481e-01 1.2589e-06
1.0568e-01 1.1885e-06
1.0593e-01 1.1710e-06
1.0655e-01 1.1220e-06
1.0715e-01 1.0807e-06
1.0744e-01 1.0593e-06
1.0833e-01 1.0000e-06
1.0839e-01 9.9629e-07
1.0916e-01 9.4406e-07
1.0965e-01 9.1521e-07
1.1001e-01 8.9125e-07
1.1090e-01 8.4140e-07
1.1092e-01 8.4026e-07
1.1168e-01 7.9433e-07
1.1220e-01 7.6771e-07
1.1250e-01 7.4989e-07
1.1333e-01 7.0795e-07
1.1350e-01 7.0009e-07
1.1408e-01 6.6834e-07
1.1482e-01 6.3566e-07
1.1490e-01 6.3096e-07
1.1561e-01 5.9566e-07
1.1614e-01 5.7406e-07
1.1638e-01 5.6234e-07
1.1709e-01 5.3088e-07
1.1749e-01 5.1603e-07
1.1780e-01 5.0119e-07
1.1850e-01 4.7315e-07
1.1885e-01 4.6095e-07
1.1916e-01 4.4668e-07
1.1981e-01 4.2170e-07
1.2023e-01 4.0855e-07
1.2046e-01 3.9811e-07
1.2105e-01 3.7584e-07
1.2162e-01 3.5882e-07
1.2171e-01 3.5481e-07
1.2221e-01 3.3497e-07
1.2284e-01 3.1623e-07
1.2303e-01 3.1126e-07
1.2333e-01 2.9854e-07
1.2383e-01 2.8184e-07
1.2445e-01 2.6623e-07
1.2446e-01 2.6607e-07
1.2482e-01 2.5119e-07
1.2528e-01 2.3714e-07
1.2585e-01 2.2387e-07
1.2589e-01 2.2297e-07
1.2617e-01 2.1135e-07
1.2654e-01 1.9953e-07
1.2701e-01 1.8836e-07
1.2735e-01 1.8161e-07
1.2743e-01 1.7783e-07
1.2769e-01 1.6788e-07
1.2801e-01 1.5849e-07
1.2840e-01 1.4962e-07
1.2882e-01 1.4239e-07
1.2885e-01 1.4125e-07
1.2901e-01 1.3335e-07
1.2923e-01 1.2589e-07
1.2949e-01 1.1885e-07
1.2982e-01 1.1220e-07
1.3023e-01 1.0593e-07
1.3032e-01 1.0481e-07
1.3039e-01 1.0000e-07
1.3050e-01 9.4406e-08
1.3064e-01 8.9125e-08
1.3081e-01 8.4140e-08
1.3103e-01 7.9433e-08
1.3130e-01 7.4989e-08
1.3164e-01 7.0795e-08
1.3183e-01 6.8881e-08
1.3184e-01 6.6834e-08
1.3187e-01 6.3096e-08
1.3191e-01 5.9566e-08
1.3196e-01 5.6234e-08
1.3202e-01 5.3088e-08
1.3210e-01 5.0119e-08
1.3219e-01 4.7315e-08
1.3231e-01 4.4668e-08
1.3246e-01 4.2170e-08
1.3266e-01 3.9811e-08
1.3290e-01 3.7584e-08
1.3320e-01 3.5481e-08
1.3335e-01 3.4566e-08
1.3335e-01 3.3497e-08
1.3335e-01 3.1623e-08
1.3335e-01 2.9854e-08
1.3335e-01 2.8184e-08
1.3335e-01 2.6607e-08
1.3335e-01 2.5119e-08
1.3335e-01 2.3714e-08
1.3335e-01 2.2387e-08
1.3335e-01 2.1135e-08
1.3335e-01 1.9953e-08
1.3335e-01 1.8836e-08
1.3335e-01 1.7783e-08
1.3335e-01 1.6788e-08
1.3335e-01 1.5849e-08
1.3335e-01 1.4962e-08
1.3335e-01 1.4125e-08
1.3335e-01 1.3335e-08
1.3335e-01 1.2589e-08
1.3335e-01 1.1885e-08
1.3335e-01 1.1220e-08
1.3335e-01 1.0593e-08
1.3335e-01 1.0000e-08
1.3335e-01 9.4406e-09
1.3336e-01 8.9125e-09
1.3336e-01 8.4140e-09
1.3336e-01 7.9433e-09
1.3336e-01 7.4989e-09
1.3336e-01 7.0795e-09
1.3336e-01 6.6834e-09
1.3336e-01 6.3096e-09
1.3337e-01 5.9566e-09
1.3337e-01 5.6234e-09
1.3337e-01 5.3088e-09
1.3338e-01 5.0119e-09
1.3338e-01 4.7315e-09
1.3339e-01 4.4668e-09
1.3340e-01 4.2170e-09
1.3341e-01 3.9811e-09
1.3343e-01 3.7584e-09
1.3345e-01 3.5481e-09
1.3347e-01 3.3497e-09
1.3350e-01 3.1623e-09
1.3353e-01 2.9854e-09
1.3358e-01 2.8184e-09
1.3364e-01 2.6607e-09
1.3371e-01 2.5119e-09
1.3380e-01 2.3714e-09
1.3391e-01 2.2387e-09
1.3405e-01 2.1135e-09
1.3423e-01 1.9953e-09
1.3446e-01 1.8836e-09
1.3474e-01 1.7783e-09
1.3490e-01 1.7289e-09
1.3505e-01 1.7783e-09
1.3534e-01 1.8836e-09
1.3557e-01 1.9953e-09
1.3575e-01 2.1135e-09
1.3589e-01 2.2387e-09
1.3601e-01 2.3714e-09
1.3610e-01 2.5119e-09
1.3617e-01 2.6607e-09
1.3623e-01 2.8184e-09
1.3627e-01 2.9854e-09
1.3631e-01 3.1623e-09
1.3634e-01 3.3497e-09
1.3636e-01 3.5481e-09
1.3638e-01 3.7584e-09
1.3640e-01 3.9811e-09
1.3641e-01 4.2170e-09
1.3642e-01 4.4668e-09
1.3643e-01 4.7315e-09
1.3643e-01 5.0119e-09
1.3644e-01 5.3088e-09
1.3644e-01 5.6234e-09
1.3644e-01 5.9566e-09
1.3645e-01 6.3096e-09
1.3645e-01 6.6834e-09
1.3645e-01 7.0795e-09
1.3645e-01 7.4989e-09
1.3645e-01 7.9433e-09
1.3645e-01 8.4140e-09
1.3645e-01 8.9125e-09
1.3646e-01 9.4406e-09
1.3646e-01 1.0000e-08
1.3646e-01 1.0593e-08
1.3646e-01 1.1220e-08
1.3646e-01 1.1885e-08
1.3646e-01 1.2589e-08
1.3646e-01 1.3335e-08
1.3646e-01 1.4125e-08
1.3646e-01 1.4962e-08
1.3646e-01 1.5849e-08
1.3646e-01 1.6788e-08
1.3646e-01 1.7783e-08
1.3646e-01 1.8836e-08
1.3646e-01 1.9953e-08
1.3646e-01 2.1135e-08
1.3646e-01 2.2387e-08
1.3646e-01 2.3714e-08
1.3646e-01 2.5119e-08
1.3646e-01 2.6607e-08
1.3646e-01 2.8184e-08
1.3646e-01 2.9736e-08
1.3648e-01 2.9854e-08
1.3682e-01 3.1623e-08
1.3709e-01 3.3497e-08
1.3731e-01 3.5481e-08
1.3748e-01 3.7584e-08
1.3761e-01 3.9811e-08
1.3772e-01 4.2170e-08
1.3780e-01 4.4668e-08
1.3787e-01 4.7315e-08
1.3793e-01 5.0119e-08
1.3797e-01 5.3088e-08
1.3801e-01 5.6234e-08
1.3804e-01 5.9566e-08
1.3804e-01 5.9872e-08
1.3842e-01 6.3096e-08
1.3875e-01 6.6834e-08
1.3902e-01 7.0795e-08
1.3923e-01 7.4989e-08
1.3940e-01 7.9433e-08
1.3953e-01 8.4140e-08
1.3964e-01 8.8802e-08
1.3967e-01 8.9125e-08
1.4016e-01 9.4406e-08
1.4056e-01 1.0000e-07
1.4087e-01 1.0593e-07
1.4112e-01 1.1220e-07
1.4125e-01 1.1646e-07
1.4147e-01 1.1885e-07
1.4202e-01 1.2589e-07
1.4246e-01 1.3335e-07
1.4281e-01 1.4125e-07
1.4289e-01 1.4312e-07
1.4344e-01 1.4962e-07
1.4403e-01 1.5849e-07
1.4450e-01 1.6788e-07
1.4454e-01 1.6879e-07
1.4529e-01 1.7783e-07
1.4595e-01 1.8836e-07
1.4622e-01 1.9325e-07
1.4675e-01 1.9953e-07
1.4758e-01 2.1135e-07
1.4791e-01 2.1692e-07
1.4851e-01 2.2387e-07
1.4945e-01 2.3714e-07
1.4962e-01 2.3984e-07
1.5060e-01 2.5119e-07
1.5136e-01 2.6182e-07
1.5174e-01 2.6607e-07
1.5300e-01 2.8184e-07
1.5311e-01 2.8325e-07
1.5447e-01 2.9854e-07
1.5488e-01 3.0363e-07
1.5605e-01 3.1623e-07
1.5668e-01 3.2349e-07
1.5778e-01 3.3497e-07
1.5849e-01 3.4276e-07
1.5969e-01 3.5481e-07
1.6032e-01 3.6147e-07
1.6180e-01 3.7584e-07
1.6218e-01 3.7967e-07
1.6406e-01 3.9746e-07
1.6413e-01 3.9811e-07
1.6596e-01 4.1421e-07
1.6682e-01 4.2170e-07
1.6788e-01 4.3082e-07
1.6972e-01 4.4668e-07
1.6982e-01 4.4752e-07
1.7179e-01 4.6299e-07
1.7306e-01 4.7315e-07
1.7378e-01 4.7868e-07
1.7579e-01 4.9366e-07
1.7681e-01 5.0119e-07
1.7783e-01 5.0835e-07
1.7989e-01 5.2274e-07
1.8105e-01 5.3088e-07
1.8197e-01 5.3697e-07
1.8408e-01 5.5077e-07
1.8576e-01 5.6234e-07
1.8621e-01 5.6523e-07
1.8836e-01 5.7885e-07
1.9055e-01 5.9327e-07
1.9092e-01 5.9566e-07
1.9275e-01 6.0666e-07
1.9498e-01 6.2050e-07
1.9663e-01 6.3096e-07
1.9724e-01 6.3451e-07
1.9953e-01 6.4767e-07
2.0184e-01 6.6167e-07
2.0293e-01 6.6834e-07
2.0417e-01 6.7530e-07
2.0654e-01 6.8886e-07
2.0893e-01 7.0378e-07
2.0959e-01 7.0795e-07
2.1135e-01 7.1809e-07
2.1380e-01 7.3301e-07
2.1627e-01 7.4922e-07
2.1638e-01 7.4989e-07
2.1878e-01 7.6419e-07
2.2131e-01 7.8022e-07
2.2340e-01 7.9433e-07
2.2387e-01 7.9722e-07
2.2646e-01 8.1347e-07
2.2909e-01 8.3137e-07
2.3049e-01 8.4140e-07
2.3174e-01 8.4963e-07
2.3442e-01 8.6823e-07
2.3714e-01 8.8910e-07
2.3741e-01 8.9125e-07
2.3988e-01 9.0938e-07
2.4266e-01 9.3202e-07
2.4403e-01 9.4406e-07
2.4547e-01 9.5593e-07
2.4831e-01 9.8145e-07
2.5020e-01 1.0000e-06
2.5119e-01 1.0092e-06
2.5410e-01 1.0384e-06
2.5598e-01 1.0593e-06
2.5704e-01 1.0704e-06
2.6002e-01 1.1047e-06
2.6138e-01 1.1220e-06
2.6303e-01 1.1422e-06
2.6607e-01 1.1843e-06
2.6636e-01 1.1885e-06
2.6915e-01 1.2284e-06
2.7104e-01 1.2589e-06
2.7227e-01 1.2787e-06
2.7533e-01 1.3335e-06
2.7542e-01 1.3353e-06
2.7861e-01 1.3969e-06
2.7935e-01 1.4125e-06
2.8184e-01 1.4675e-06
2.8304e-01 1.4962e-06
2.8510e-01 1.5480e-06
2.8645e-01 1.5849e-06
2.8840e-01 1.6412e-06
2.8962e-01 1.6788e-06
2.9174e-01 1.7501e-06
2.9254e-01 1.7783e-06
2.9512e-01 1.8801e-06
2.9521e-01 1.8836e-06
2.9777e-01 1.9953e-06
2.9854e-01 2.0338e-06
3.0012e-01 2.1135e-06
3.0200e-01 2.2269e-06
3.0216e-01 2.2387e-06
3.0375e-01 2.3714e-06
3.0504e-01 2.5119e-06
3.0549e-01 2.5711e-06
3.0616e-01 2.6607e-06
3.0706e-01 2.8184e-06
3.0775e-01 2.9854e-06
3.0828e-01 3.1623e-06
3.0865e-01 3.3497e-06
3.0894e-01 3.5481e-06
3.0903e-01 3.6193e-06
3.0992e-01 3.7584e-06
3.1093e-01 3.9811e-06
3.1204e-01 4.2170e-06
3.1261e-01 4.3856e-06
3.1306e-01 4.4668e-06
3.1490e-01 4.7315e-06
3.1623e-01 4.8683e-06
3.1989e-01 4.9110e-06
3.2023e-01 5.0119e-06
3.2111e-01 5.3088e-06
3.2180e-01 5.6234e-06
3.2240e-01 5.9566e-06
3.2289e-01 6.3096e-06
3.2331e-01 6.6834e-06
3.2359e-01 7.0022e-06
3.2372e-01 7.0795e-06
3.2433e-01 7.4989e-06
3.2486e-01 7.9433e-06
3.2529e-01 8.4140e-06
3.2564e-01 8.9125e-06
3.2594e-01 9.4406e-06
3.2616e-01 1.0000e-05
3.2633e-01 1.0593e-05
3.2646e-01 1.1220e-05
3.2656e-01 1.1885e-05
3.2664e-01 1.2589e-05
3.2669e-01 1.3335e-05
3.2670e-01 1.4125e-05
3.2667e-01 1.4962e-05
3.2656e-01 1.5849e-05
3.2641e-01 1.6788e-05
3.2616e-01 1.7783e-05
3.2581e-01 1.8836e-05
3.2523e-01 1.9953e-05
3.2419e-01 2.1135e-05
3.2359e-01 2.1732e-05
3.2246e-01 2.2387e-05
3.1989e-01 2.3455e-05
3.1908e-01 2.2387e-05
3.1829e-01 2.1135e-05
3.1785e-01 1.9953e-05
3.1751e-01 1.8836e-05
3.1723e-01 1.7783e-05
3.1711e-01 1.6788e-05
3.1700e-01 1.5849e-05
3.1688e-01 1.4962e-05
3.1681e-01 1.4125e-05
3.1674e-01 1.3335e-05
3.1665e-01 1.2589e-05
3.1658e-01 1.1885e-05
3.1650e-01 1.1220e-05
3.1638e-01 1.0593e-05
3.1626e-01 1.0000e-05
3.1623e-01 9.8236e-06
3.1577e-01 9.4406e-06
3.1502e-01 8.9125e-06
3.1422e-01 8.4140e-06
3.1359e-01 7.9433e-06
3.1292e-01 7.4989e-06
3.1261e-01 7.3390e-06
3.0903e-01 7.2491e-06
3.0900e-01 7.4989e-06
3.0891e-01 7.9433e-06
3.0884e-01 8.4140e-06
3.0877e-01 8.9125e-06
3.0867e-01 9.4406e-06
3.0857e-01 1.0000e-05
3.0846e-01 1.0593e-05
3.0827e-01 1.1220e-05
3.0806e-01 1.1885e-05
3.0776e-01 1.2589e-05
3.0725e-01 1.3335e-05
3.0657e-01 1.4125e-05
3.0549e-01 1.4920e-05
3.0548e-01 1.4962e-05
3.0525e-01 1.5849e-05
3.0497e-01 1.6788e-05
3.0458e-01 1.7783e-05
3.0387e-01 1.8836e-05
3.0276e-01 1.9953e-05
3.0200e-01 2.0567e-05
2.9913e-01 1.9953e-05
2.9854e-01 1.9854e-05
2.9512e-01 1.9285e-05
2.9289e-01 1.8836e-05
2.9174e-01 1.8665e-05
2.8840e-01 1.8234e-05
2.8516e-01 1.7783e-05
2.8510e-01 1.7777e-05
2.8184e-01 1.7540e-05
2.7861e-01 1.7310e-05
2.7542e-01 1.7104e-05
2.7227e-01 1.6973e-05
2.6915e-01 1.6927e-05
2.6607e-01 1.6940e-05
2.6303e-01 1.6960e-05
2.6002e-01 1.6945e-05
2.5704e-01 1.6915e-05
2.5410e-01 1.6870e-05
2.5119e-01 1.6853e-05
2.4831e-01 1.6863e-05
2.4547e-01 1.6896e-05
2.4266e-01 1.6895e-05
2.3988e-01 1.6876e-05
2.3714e-01 1.6878e-05
2.3442e-01 1.6894e-05
2.3174e-01 1.6924e-05
2.2909e-01 1.6986e-05
2.2646e-01 1.7067e-05
2.2387e-01 1.7152e-05
2.2131e-01 1.7237e-05
2.1878e-01 1.7324e-05
2.1627e-01 1.7443e-05
2.1380e-01 1.7566e-05
2.1135e-01 1.7728e-05
2.0981e-01 1.7783e-05
2.0893e-01 1.7853e-05
2.0654e-01 1.8033e-05
2.0417e-01 1.8171e-05
2.0184e-01 1.8282e-05
1.9953e-01 1.8379e-05
1.9724e-01 1.8463e-05
1.9498e-01 1.8502e-05
1.9275e-01 1.8446e-05
1.9055e-01 1.8361e-05
1.8836e-01 1.8271e-05
1.8621e-01 1.8173e-05
1.8408e-01 1.8004e-05
1.8197e-01 1.7783e-05
1.8197e-01 1.7783e-05
1.7989e-01 1.7675e-05
1.7783e-01 1.7561e-05
1.7579e-01 1.7398e-05
1.7378e-01 1.7173e-05
1.7179e-01 1.7011e-05
1.6982e-01 1.6797e-05
1.6976e-01 1.6788e-05
1.6788e-01 1.6675e-05
1.6596e-01 1.6498e-05
1.6406e-01 1.6215e-05
1.6244e-01 1.5849e-05
1.6218e-01 1.5820e-05
1.6032e-01 1.5556e-05
1.5849e-01 1.5103e-05
1.5807e-01 1.4962e-05
1.5668e-01 1.4661e-05
1.5513e-01 1.4125e-05
1.5488e-01 1.4066e-05
1.5317e-01 1.3335e-05
1.5311e-01 1.3310e-05
1.5151e-01 1.2589e-05
1.5136e-01 1.2521e-05
1.4998e-01 1.1885e-05
1.4962e-01 1.1703e-05
1.4858e-01 1.1220e-05
1.4791e-01 1.0714e-05
1.4765e-01 1.0593e-05
1.4655e-01 1.0000e-05
1.4622e-01 9.7300e-06
1.4556e-01 9.4406e-06
1.4481e-01 8.9125e-06
1.4454e-01 8.6388e-06
1.4400e-01 8.4140e-06
1.4324e-01 7.9433e-06
1.4294e-01 7.4989e-06
1.4289e-01 7.4397e-06
1.4190e-01 7.0795e-06
1.4149e-01 6.6834e-06
1.4131e-01 6.3096e-06
1.4125e-01 6.1817e-06
1.4054e-01 5.9566e-06
1.3996e-01 5.6234e-06
1.3977e-01 5.3088e-06
1.3968e-01 5.0119e-06
1.3964e-01 4.7648e-06
1.3950e-01 4.7315e-06
1.3848e-01 4.4668e-06
1.3823e-01 4.2170e-06
1.3813e-01 3.9811e-06
1.3808e-01 3.7584e-06
1.3806e-01 3.5481e-06
1.3804e-01 3.3497e-06
1.3804e-01 3.2891e-06
1.3729e-01 3.1623e-06
1.3674e-01 2.9854e-06
1.3659e-01 2.8184e-06
1.3652e-01 2.6607e-06
1.3649e-01 2.5119e-06
1.3647e-01 2.3714e-06
1.3647e-01 2.2387e-06
1.3646e-01 2.1135e-06
1.3646e-01 1.9953e-06
1.3646e-01 1.8836e-06
1.3646e-01 1.7783e-06
1.3646e-01 1.6788e-06
1.3646e-01 1.6684e-06
1.3550e-01 1.5849e-06
1.3511e-01 1.4962e-06
1.3500e-01 1.4125e-06
1.3494e-01 1.3335e-06
1.3492e-01 1.2589e-06
1.3491e-01 1.1885e-06
1.3490e-01 1.1220e-06
1.3490e-01 1.0593e-06
1.3490e-01 1.0000e-06
1.3490e-01 9.4406e-07
1.3490e-01 8.9125e-07
1.3490e-01 8.4140e-07
1.3490e-01 7.9433e-07
1.3490e-01 7.4989e-07
1.3490e-01 7.0795e-07
1.3490e-01 6.6834e-07
1.3490e-01 6.3096e-07
1.3490e-01 5.9566e-07
1.3490e-01 5.6234e-07
1.3490e-01 5.3088e-07
1.3490e-01 5.0119e-07
1.3490e-01 4.7315e-07
1.3490e-01 4.4668e-07
1.3490e-01 4.2170e-07
1.3490e-01 3.9811e-07
1.3490e-01 3.7584e-07
1.3490e-01 3.5481e-07
1.3490e-01 3.3497e-07
1.3490e-01 3.1623e-07
1.3490e-01 2.9854e-07
1.3490e-01 2.8184e-07
1.3490e-01 2.6607e-07
1.3490e-01 2.5119e-07
1.3490e-01 2.3714e-07
1.3490e-01 2.2387e-07
1.3490e-01 2.1135e-07
1.3490e-01 1.9953e-07
1.3490e-01 1.8836e-07
1.3490e-01 1.7783e-07
1.3490e-01 1.6788e-07
1.3490e-01 1.5849e-07
1.3490e-01 1.4962e-07
1.3490e-01 1.4125e-07
1.3490e-01 1.3335e-07
1.3490e-01 1.2589e-07
1.3490e-01 1.1885e-07
1.3491e-01 1.1220e-07
1.3490e-01 1.0593e-07
1.3490e-01 1.0000e-07
1.3490e-01 9.9548e-08
1.3489e-01 1.0000e-07
1.3488e-01 1.0593e-07
1.3488e-01 1.1220e-07
1.3488e-01 1.1885e-07
1.3489e-01 1.2589e-07
1.3489e-01 1.3335e-07
1.3489e-01 1.4125e-07
1.3489e-01 1.4962e-07
1.3489e-01 1.5849e-07
1.3489e-01 1.6788e-07
1.3489e-01 1.7783e-07
1.3489e-01 1.8836e-07
1.3489e-01 1.9953e-07
1.3489e-01 2.1135e-07
1.3489e-01 2.2387e-07
1.3489e-01 2.3714e-07
1.3490e-01 2.5119e-07
1.3490e-01 2.6607e-07
1.3490e-01 2.8184e-07
1.3490e-01 2.9854e-07
1.3490e-01 3.1623e-07
1.3490e-01 3.3497e-07
1.3490e-01 3.5481e-07
1.3490e-01 3.7584e-07
1.3490e-01 3.9811e-07
1.3490e-01 4.2170e-07
1.3490e-01 4.4668e-07
1.3490e-01 4.7315e-07
1.3490e-01 5.0119e-07
1.3490e-01 5.3088e-07
1.3490e-01 5.6234e-07
1.3490e-01 5.9566e-07
1.3490e-01 6.3096e-07
1.3490e-01 6.6834e-07
1.3490e-01 7.0795e-07
1.3490e-01 7.4989e-07
1.3490e-01 7.9433e-07
1.3490e-01 8.4140e-07
1.3490e-01 8.9125e-07
1.3490e-01 9.4406e-07
1.3490e-01 1.0000e-06
1.3490e-01 1.0593e-06
1.3489e-01 1.1220e-06
1.3489e-01 1.1885e-06
1.3489e-01 1.2589e-06
1.3489e-01 1.3335e-06
1.3489e-01 1.4125e-06
1.3488e-01 1.4962e-06
1.3487e-01 1.5849e-06
1.3483e-01 1.6788e-06
1.3477e-01 1.7783e-06
1.3455e-01 1.8836e-06
1.3386e-01 1.9953e-06
1.3335e-01 2.0541e-06
1.3335e-01 2.1135e-06
1.3335e-01 2.2387e-06
1.3335e-01 2.3714e-06
1.3335e-01 2.5119e-06
1.3335e-01 2.6607e-06
1.3335e-01 2.8184e-06
1.3334e-01 2.9854e-06
1.3333e-01 3.1623e-06
1.3331e-01 3.3497e-06
1.3326e-01 3.5481e-06
1.3313e-01 3.7584e-06
1.3272e-01 3.9811e-06
1.3183e-01 4.1935e-06
1.3182e-01 4.2170e-06
1.3182e-01 4.4668e-06
1.3181e-01 4.7315e-06
1.3180e-01 5.0119e-06
1.3178e-01 5.3088e-06
1.3172e-01 5.6234e-06
1.3154e-01 5.9566e-06
1.3103e-01 6.3096e-06
1.3032e-01 6.5846e-06
1.3031e-01 6.6834e-06
1.3029e-01 7.0795e-06
1.3026e-01 7.4989e-06
1.3018e-01 7.9433e-06
1.2994e-01 8.4140e-06
1.2929e-01 8.9125e-06
1.2882e-01 9.1433e-06
1.2880e-01 9.4406e-06
1.2875e-01 1.0000e-05
1.2863e-01 1.0593e-05
1.2830e-01 1.1220e-05
1.2737e-01 1.1885e-05
1.2735e-01 1.1898e-05
1.2729e-01 1.2589e-05
1.2715e-01 1.3335e-05
1.2682e-01 1.4125e-05
1.2589e-01 1.4915e-05
1.2589e-01 1.4962e-05
1.2579e-01 1.5849e-05
1.2558e-01 1.6788e-05
1.2504e-01 1.7783e-05
1.2445e-01 1.8356e-05
1.2438e-01 1.8836e-05
1.2419e-01 1.9953e-05
1.2371e-01 2.1135e-05
1.2303e-01 2.1940e-05
1.2295e-01 2.2387e-05
1.2270e-01 2.3714e-05
1.2190e-01 2.5119e-05
1.2162e-01 2.5518e-05
1.2146e-01 2.6607e-05
1.2105e-01 2.8184e-05
1.2023e-01 2.9489e-05
1.2016e-01 2.9854e-05
1.1985e-01 3.1623e-05
1.1885e-01 3.3455e-05
1.1884e-01 3.3497e-05
1.1857e-01 3.5481e-05
1.1773e-01 3.7584e-05
1.1749e-01 3.8094e-05
1.1726e-01 3.9811e-05
1.1651e-01 4.2170e-05
1.1614e-01 4.3041e-05
1.1596e-01 4.4668e-05
1.1528e-01 4.7315e-05
1.1482e-01 4.8579e-05
1.1465e-01 5.0119e-05
1.1397e-01 5.3088e-05
1.1350e-01 5.4507e-05
1.1333e-01 5.6234e-05
1.1258e-01 5.9566e-05
1.1220e-01 6.0849e-05
1.1199e-01 6.3096e-05
1.1110e-01 6.6834e-05
1.1092e-01 6.7538e-05
1.1064e-01 7.0795e-05
1.0965e-01 7.4868e-05
1.0964e-01 7.4989e-05
1.0928e-01 7.9433e-05
1.0839e-01 8.3656e-05
1.0836e-01 8.4140e-05
1.0792e-01 8.9125e-05
1.0715e-01 9.3284e-05
1.0707e-01 9.4406e-05
1.0653e-01 1.0000e-04
1.0593e-01 1.0374e-04
1.0579e-01 1.0593e-04
1.0509e-01 1.1220e-04
1.0471e-01 1.1488e-04
1.0448e-01 1.1885e-04
1.0360e-01 1.2589e-04
1.0351e-01 1.2656e-04
1.0311e-01 1.3335e-04
1.0233e-01 1.3996e-04
1.0226e-01 1.4125e-04
1.0169e-01 1.4962e-04
1.0116e-01 1.5448e-04
1.0095e-01 1.5849e-04
1.0012e-01 1.6788e-04
1.0000e-01 1.6909e-04
9.9623e-02 1.7783e-04
9.8855e-02 1.8639e-04
9.8764e-02 1.8836e-04
9.8154e-02 1.9953e-04
9.7724e-02 2.0485e-04
9.7454e-02 2.1135e-04
9.6605e-02 2.2238e-04
9.6539e-02 2.2387e-04
9.5911e-02 2.3714e-04
9.5499e-02 2.4311e-04
9.5240e-02 2.5119e-04
9.4406e-02 2.6412e-04
9.4333e-02 2.6607e-04
9.3679e-02 2.8184e-04
9.3325e-02 2.8803e-04
9.3059e-02 2.9854e-04
9.2257e-02 3.1365e-04
9.2187e-02 3.1623e-04
9.1586e-02 3.3497e-04
9.1201e-02 3.4332e-04
9.0975e-02 3.5481e-04
9.0157e-02 3.7390e-04
9.0117e-02 3.7584e-04
8.9617e-02 3.9811e-04
8.9125e-02 4.1123e-04
8.8959e-02 4.2170e-04
8.8105e-02 4.4620e-04
8.8097e-02 4.4668e-04
8.7725e-02 4.7315e-04
8.7096e-02 4.9390e-04
8.7009e-02 5.0119e-04
8.6431e-02 5.3088e-04
8.6099e-02 5.4358e-04
8.5910e-02 5.6234e-04
8.5114e-02 5.9528e-04
8.5110e-02 5.9566e-04
8.4800e-02 6.3096e-04
8.4140e-02 6.6249e-04
8.4092e-02 6.6834e-04
8.3683e-02 7.0795e-04
8.3176e-02 7.3652e-04
8.3087e-02 7.4989e-04
8.2592e-02 7.9433e-04
8.2224e-02 8.1758e-04
8.2088e-02 8.4140e-04
8.1522e-02 8.9125e-04
8.1283e-02 9.0745e-04
8.1099e-02 9.4406e-04
8.0488e-02 1.0000e-03
8.0353e-02 1.0101e-03
8.0142e-02 1.0593e-03
7.9433e-02 1.1220e-03
7.9433e-02 1.1220e-03
7.9216e-02 1.1885e-03
7.8524e-02 1.2559e-03
7.8514e-02 1.2589e-03
7.8302e-02 1.3335e-03
7.7625e-02 1.4070e-03
7.7609e-02 1.4125e-03
7.7396e-02 1.4962e-03
7.6736e-02 1.5768e-03
7.6717e-02 1.5849e-03
7.6525e-02 1.6788e-03
7.5858e-02 1.7718e-03
7.5846e-02 1.7783e-03
7.5688e-02 1.8836e-03
7.5020e-02 1.9953e-03
7.4989e-02 2.0002e-03
7.4874e-02 2.1135e-03
7.4465e-02 2.2387e-03
7.4131e-02 2.3007e-03
7.4071e-02 2.3714e-03
7.3873e-02 2.5119e-03
7.3282e-02 2.6374e-03
7.3266e-02 2.6607e-03
7.3163e-02 2.8184e-03
7.2758e-02 2.9854e-03
7.2444e-02 3.0666e-03
7.2408e-02 3.1623e-03
7.2289e-02 3.3497e-03
7.1728e-02 3.5481e-03
7.1614e-02 3.5840e-03
7.1580e-02 3.7584e-03
7.1475e-02 3.9811e-03
7.0998e-02 4.2170e-03
7.0795e-02 4.2948e-03
7.0776e-02 4.4668e-03
7.0715e-02 4.7315e-03
7.0491e-02 5.0119e-03
6.9984e-02 5.2480e-03
6.9981e-02 5.3088e-03
6.9963e-02 5.6234e-03
6.9907e-02 5.9566e-03
6.9690e-02 6.3096e-03
6.9183e-02 6.6114e-03
6.9182e-02 6.6834e-03
6.9175e-02 7.0795e-03
6.9154e-02 7.4989e-03
6.9090e-02 7.9433e-03
6.8778e-02 8.4140e-03
6.8391e-02 8.7232e-03
6.8390e-02 8.9125e-03
6.8388e-02 9.4406e-03
6.8381e-02 1.0000e-02
6.8359e-02 1.0593e-02
6.8289e-02 1.1220e-02
6.7900e-02 1.1885e-02
6.7608e-02 1.2217e-02
6.7608e-02 1.2589e-02
6.7607e-02 1.3335e-02
6.7606e-02 1.4125e-02
6.7603e-02 1.4962e-02
6.7593e-02 1.5849e-02
6.7562e-02 1.6788e-02
6.7435e-02 1.7783e-02
6.6834e-02 1.8809e-02
6.6834e-02 1.8836e-02
6.6834e-02 1.9953e-02
6.6834e-02 2.1135e-02
6.6834e-02 2.2387e-02
6.6833e-02 2.3714e-02
6.6831e-02 2.5119e-02
6.6827e-02 2.6607e-02
6.6813e-02 2.8184e-02
6.6774e-02 2.9854e-02
6.6663e-02 3.1623e-02
6.6069e-02 3.3446e-02
6.6061e-02 3.3497e-02
6.5921e-02 3.5481e-02
6.5612e-02 3.7584e-02
6.5313e-02 3.8930e-02
6.5024e-02 3.7584e-02
6.4737e-02 3.5481e-02
6.4647e-02 3.3497e-02
6.4604e-02 3.1623e-02
6.4583e-02 2.9854e-02
6.4573e-02 2.8184e-02
6.4565e-02 2.7497e-02
6.4238e-02 2.6607e-02
6.3915e-02 2.5119e-02
6.3853e-02 2.3714e-02
6.3836e-02 2.2387e-02
6.3830e-02 2.1135e-02
6.3828e-02 1.9953e-02
6.3827e-02 1.8836e-02
6.3826e-02 1.8247e-02
6.3576e-02 1.7783e-02
6.3205e-02 1.6788e-02
6.3120e-02 1.5849e-02
6.3105e-02 1.4962e-02
6.3098e-02 1.4125e-02
6.3096e-02 1.3767e-02
6.2782e-02 1.3335e-02
6.2470e-02 1.2589e-02
6.2394e-02 1.1885e-02
6.2375e-02 1.1220e-02
6.2373e-02 1.1172e-02
6.1866e-02 1.0593e-02
6.1705e-02 1.0000e-02
6.1660e-02 9.4823e-03
6.1614e-02 9.4406e-03
6.1106e-02 8.9125e-03
6.0973e-02 8.4140e-03
6.0954e-02 8.3214e-03
6.0489e-02 7.9433e-03
6.0280e-02 7.4989e-03
6.0256e-02 7.4424e-03
5.9750e-02 7.0795e-03
5.9566e-02 6.8220e-03
5.9346e-02 6.6834e-03
5.8924e-02 6.3096e-03
5.8884e-02 6.2744e-03
5.8314e-02 5.9566e-03
5.8210e-02 5.8951e-03
5.7662e-02 5.6234e-03
5.7544e-02 5.5725e-03
5.6947e-02 5.3088e-03
5.6885e-02 5.2885e-03
5.6234e-02 5.0897e-03
5.6033e-02 5.0119e-03
5.5590e-02 4.9326e-03
5.4954e-02 4.7417e-03
5.4914e-02 4.7315e-03
5.4325e-02 4.6892e-03
5.3703e-02 4.6259e-03
5.3088e-02 4.5532e-03
5.2481e-02 4.4876e-03
5.2251e-02 4.4668e-03
5.1880e-02 4.4592e-03
5.1286e-02 4.4507e-03
5.0699e-02 4.4477e-03
5.0119e-02 4.4511e-03
4.9545e-02 4.4604e-03
4.8978e-02 4.4450e-03
4.8417e-02 4.4193e-03
4.7863e-02 4.3934e-03
4.7315e-02 4.3700e-03
4.6774e-02 4.3491e-03
4.6238e-02 4.3583e-03
4.5709e-02 4.3754e-03
4.5186e-02 4.3938e-03
4.4668e-02 4.4124e-03
4.4157e-02 4.4303e-03
4.3652e-02 4.4562e-03
4.3455e-02 4.4668e-03
4.3152e-02 4.5292e-03
4.2658e-02 4.6149e-03
4.2170e-02 4.6736e-03
4.1687e-02 4.7131e-03
4.1378e-02 4.7315e-03
4.1210e-02 4.7761e-03
4.0738e-02 4.8878e-03
4.0272e-02 4.9590e-03
3.9811e-02 5.0041e-03
3.9728e-02 5.0119e-03
3.9355e-02 5.1368e-03
3.8905e-02 5.1960e-03
3.8459e-02 5.2409e-03
3.8019e-02 5.2756e-03
3.7584e-02 5.3021e-03
3.7468e-02 5.3088e-03
3.7154e-02 5.3836e-03
3.6728e-02 5.4832e-03
3.6308e-02 5.5552e-03
3.5892e-02 5.6035e-03
3.5691e-02 5.6234e-03
3.5481e-02 5.6893e-03
3.5075e-02 5.8009e-03
3.4674e-02 5.8938e-03
3.4277e-02 5.9562e-03
3.4274e-02 5.9566e-03
3.3884e-02 6.1383e-03
3.3497e-02 6.2363e-03
3.3113e-02 6.3009e-03
3.3075e-02 6.3096e-03
3.2734e-02 6.5273e-03
3.2359e-02 6.6491e-03
3.2199e-02 6.6834e-03
3.1989e-02 6.8310e-03
3.1623e-02 7.0086e-03
3.1299e-02 7.0795e-03
3.1261e-02 7.1074e-03
3.0903e-02 7.2832e-03
3.0549e-02 7.3930e-03
3.0200e-02 7.4617e-03
2.9924e-02 7.4989e-03
2.9854e-02 7.5404e-03
2.9512e-02 7.7271e-03
2.9174e-02 7.8414e-03
2.8840e-02 7.9122e-03
2.8642e-02 7.9433e-03
2.8510e-02 8.0296e-03
2.8184e-02 8.2142e-03
2.7861e-02 8.3381e-03
2.7636e-02 8.4140e-03
2.7542e-02 8.5064e-03
2.7227e-02 8.7854e-03
2.6916e-02 8.9125e-03
2.6915e-02 8.9131e-03
2.6607e-02 9.2226e-03
2.6303e-02 9.3781e-03
2.6192e-02 9.4406e-03
2.6002e-02 9.7185e-03
2.5704e-02 9.9181e-03
2.5474e-02 1.0000e-02
2.5410e-02 1.0107e-02
2.5119e-02 1.0500e-02
2.4920e-02 1.0593e-02
2.4831e-02 1.0745e-02
2.4547e-02 1.0976e-02
2.4266e-02 1.1112e-02
2.3988e-02 1.1192e-02
2.3867e-02 1.1220e-02
2.3714e-02 1.1395e-02
2.3442e-02 1.1649e-02
2.3174e-02 1.1809e-02
2.2948e-02 1.1885e-02
2.2909e-02 1.1942e-02
2.2646e-02 1.2302e-02
2.2387e-02 1.2489e-02
2.2160e-02 1.2589e-02
2.2131e-02 1.2642e-02
2.1878e-02 1.3126e-02
2.1627e-02 1.3320e-02
2.1605e-02 1.3335e-02
2.1380e-02 1.3841e-02
2.1135e-02 1.4091e-02
2.1094e-02 1.4125e-02
2.0893e-02 1.4579e-02
2.0654e-02 1.4908e-02
2.0600e-02 1.4962e-02
2.0417e-02 1.5414e-02
2.0184e-02 1.5736e-02
2.0083e-02 1.5849e-02
1.9953e-02 1.6276e-02
1.9724e-02 1.6653e-02
1.9498e-02 1.6769e-02
1.9464e-02 1.6788e-02
1.9275e-02 1.7246e-02
1.9055e-02 1.7567e-02
1.8836e-02 1.7721e-02
1.8727e-02 1.7783e-02
1.8621e-02 1.8088e-02
1.8408e-02 1.8569e-02
1.8197e-02 1.8778e-02
1.8104e-02 1.8836e-02
1.7989e-02 1.9222e-02
1.7783e-02 1.9698e-02
1.7579e-02 1.9917e-02
1.7542e-02 1.9953e-02
1.7378e-02 2.0620e-02
1.7179e-02 2.1023e-02
1.7087e-02 2.1135e-02
1.6982e-02 2.1605e-02
1.6788e-02 2.2192e-02
1.6673e-02 2.2387e-02
1.6596e-02 2.2780e-02
1.6406e-02 2.3517e-02
1.6309e-02 2.3714e-02
1.6218e-02 2.4198e-02
1.6032e-02 2.4937e-02
1.5955e-02 2.5119e-02
1.5849e-02 2.5738e-02
1.5668e-02 2.6304e-02
1.5488e-02 2.6562e-02
1.5457e-02 2.6607e-02
1.5311e-02 2.7389e-02
1.5136e-02 2.7842e-02
1.4962e-02 2.8109e-02
1.4913e-02 2.8184e-02
1.4791e-02 2.8906e-02
1.4622e-02 2.9445e-02
1.4454e-02 2.9723e-02
1.4362e-02 2.9854e-02
1.4289e-02 3.0324e-02
1.4125e-02 3.1115e-02
1.3964e-02 3.1486e-02
1.3888e-02 3.1623e-02
1.3804e-02 3.2304e-02
1.3646e-02 3.3193e-02
1.3490e-02 3.3440e-02
1.3438e-02 3.3497e-02
1.3335e-02 3.4466e-02
1.3183e-02 3.5333e-02
1.3108e-02 3.5481e-02
1.3032e-02 3.6420e-02
1.2882e-02 3.7474e-02
1.2857e-02 3.7584e-02
1.2735e-02 3.9268e-02
1.2668e-02 3.9811e-02
1.2589e-02 4.1033e-02
1.2445e-02 4.1889e-02
1.2311e-02 4.2170e-02
1.2303e-02 4.2246e-02
1.2162e-02 4.3547e-02
1.2023e-02 4.4278e-02
1.1885e-02 4.4641e-02
1.1874e-02 4.4668e-02
1.1749e-02 4.5915e-02
1.1614e-02 4.6750e-02
1.1482e-02 4.7228e-02
1.1448e-02 4.7315e-02
1.1350e-02 4.8368e-02
1.1220e-02 4.9334e-02
1.1092e-02 5.0119e-02
1.1092e-02 5.0120e-02
1.0965e-02 5.2070e-02
1.0839e-02 5.2818e-02
1.0793e-02 5.3088e-02
1.0715e-02 5.4726e-02
1.0593e-02 5.5873e-02
1.0471e-02 5.6167e-02
1.0456e-02 5.6234e-02
1.0351e-02 5.8622e-02
1.0233e-02 5.9403e-02
1.0161e-02 5.9566e-02
1.0116e-02 6.0683e-02
1.0000e-02 6.2633e-02
9.8855e-03 6.3092e-02
9.8848e-03 6.3096e-02
9.7724e-03 6.6086e-02
9.6682e-03 6.6834e-02
9.6605e-03 6.7066e-02
9.5499e-03 7.0179e-02
9.4406e-03 7.0737e-02
9.4277e-03 7.0795e-02
9.3325e-03 7.3016e-02
9.2257e-03 7.4331e-02
9.1201e-03 7.4911e-02
9.1075e-03 7.4989e-02
9.0157e-03 7.7706e-02
8.9125e-03 7.9066e-02
8.8632e-03 7.9433e-02
8.8105e-03 8.1093e-02
8.7096e-03 8.3333e-02
8.6373e-03 8.4140e-02
8.6099e-03 8.5108e-02
8.5114e-03 8.7994e-02
8.4282e-03 8.9125e-02
8.4140e-03 8.9759e-02
8.3176e-03 9.3154e-02
8.2224e-03 9.4230e-02
8.2105e-03 9.4406e-02
8.1283e-03 9.8552e-02
8.0353e-03 9.9894e-02
8.0276e-03 1.0000e-01
4.2170e-01 4.6446e-07
4.2268e-01 4.7315e-07
4.2481e-01 5.0119e-07
4.2596e-01 5.3088e-07
4.2658e-01 5.5557e-07
4.2689e-01 5.6234e-07
4.2729e-01 5.9566e-07
4.2747e-01 6.3096e-07
4.2761e-01 6.6834e-07
4.2720e-01 7.0795e-07
4.2675e-01 7.4989e-07
4.2658e-01 7.6698e-07
4.2652e-01 7.9433e-07
4.2636e-01 8.4140e-07
4.2622e-01 8.9125e-07
4.2611e-01 9.4406e-07
4.2594e-01 1.0000e-06
4.2576e-01 1.0593e-06
4.2561e-01 1.1220e-06
4.2542e-01 1.1885e-06
4.2517e-01 1.2589e-06
4.2493e-01 1.3335e-06
4.2466e-01 1.4125e-06
4.2414e-01 1.4962e-06
4.2351e-01 1.5849e-06
4.2272e-01 1.6788e-06
4.2170e-01 1.7480e-06
4.1747e-01 1.7783e-06
4.1687e-01 1.7841e-06
4.1464e-01 1.8836e-06
4.1210e-01 1.9942e-06
4.1209e-01 1.9953e-06
4.1093e-01 2.1135e-06
4.0977e-01 2.2387e-06
4.0796e-01 2.3714e-06
4.0738e-01 2.4152e-06
4.0712e-01 2.5119e-06
4.0673e-01 2.6607e-06
4.0625e-01 2.8184e-06
4.0557e-01 2.9854e-06
4.0468e-01 3.1623e-06
4.0350e-01 3.3497e-06
4.0272e-01 3.4415e-06
4.0170e-01 3.5481e-06
3.9986e-01 3.7584e-06
3.9811e-01 3.9097e-06
3.9751e-01 3.9811e-06
3.9583e-01 4.2170e-06
3.9355e-01 4.4429e-06
3.9116e-01 4.2170e-06
3.8951e-01 3.9811e-06
3.8905e-01 3.9006e-06
3.8810e-01 3.7584e-06
3.8682e-01 3.5481e-06
3.8593e-01 3.3497e-06
3.8529e-01 3.1623e-06
3.8477e-01 2.9854e-06
3.8459e-01 2.9140e-06
3.8449e-01 2.9854e-06
3.8425e-01 3.1623e-06
3.8402e-01 3.3497e-06
3.8383e-01 3.5481e-06
3.8356e-01 3.7584e-06
3.8320e-01 3.9811e-06
3.8279e-01 4.2170e-06
3.8220e-01 4.4668e-06
3.8135e-01 4.7315e-06
3.8024e-01 5.0119e-06
3.8019e-01 5.0219e-06
3.7994e-01 5.3088e-06
3.7966e-01 5.6234e-06
3.7935e-01 5.9566e-06
3.7892e-01 6.3096e-06
3.7837e-01 6.6834e-06
3.7758e-01 7.0795e-06
3.7609e-01 7.4989e-06
3.7584e-01 7.5705e-06
3.7154e-01 7.7815e-06
3.7057e-01 7.4989e-06
3.6967e-01 7.0795e-06
3.6905e-01 6.6834e-06
3.6858e-01 6.3096e-06
3.6829e-01 5.9566e-06
3.6805e-01 5.6234e-06
3.6786e-01 5.3088e-06
3.6773e-01 5.0119e-06
3.6760e-01 4.7315e-06
3.6750e-01 4.4668e-06
3.6742e-01 4.2170e-06
3.6732e-01 3.9811e-06
3.6728e-01 3.8720e-06
3.6677e-01 3.7584e-06
3.6594e-01 3.5481e-06
3.6523e-01 3.3497e-06
3.6502e-01 3.1623e-06
3.6489e-01 2.9854e-06
3.6481e-01 2.8184e-06
3.6520e-01 2.6607e-06
3.6567e-01 2.5119e-06
3.6617e-01 2.3714e-06
3.6693e-01 2.2387e-06
3.6728e-01 2.1851e-06
3.6740e-01 2.1135e-06
3.6763e-01 1.9953e-06
3.6799e-01 1.8836e-06
3.6848e-01 1.7783e-06
3.6912e-01 1.6788e-06
3.6996e-01 1.5849e-06
3.7109e-01 1.4962e-06
3.7154e-01 1.4664e-06
3.7243e-01 1.4125e-06
3.7399e-01 1.3335e-06
3.7584e-01 1.2606e-06
3.7591e-01 1.2589e-06
3.7888e-01 1.1885e-06
3.8019e-01 1.1585e-06
3.8459e-01 1.1470e-06
3.8488e-01 1.1220e-06
3.8575e-01 1.0593e-06
3.8685e-01 1.0000e-06
3.8830e-01 9.4406e-07
3.8905e-01 9.2001e-07
3.8982e-01 8.9125e-07
3.9149e-01 8.4140e-07
3.9355e-01 7.9469e-07
3.9357e-01 7.9433e-07
3.9599e-01 7.4989e-07
3.9811e-01 7.1777e-07
3.9871e-01 7.0795e-07
4.0137e-01 6.6834e-07
4.0272e-01 6.5082e-07
4.0522e-01 6.3096e-07
4.0738e-01 6.1409e-07
4.0921e-01 5.9566e-07
4.1210e-01 5.6741e-07
4.1256e-01 5.6234e-07
4.1555e-01 5.3088e-07
4.1687e-01 5.1822e-07
4.1819e-01 5.0119e-07
4.2080e-01 4.7315e-07
4.2170e-01 4.6446e-07
3.5481e-01 2.9441e-06
3.5514e-01 2.9854e-06
3.5620e-01 3.1623e-06
3.5685e-01 3.3497e-06
3.5730e-01 3.5481e-06
3.5758e-01 3.7584e-06
3.5776e-01 3.9811e-06
3.5791e-01 4.2170e-06
3.5801e-01 4.4668e-06
3.5807e-01 4.7315e-06
3.5814e-01 5.0119e-06
3.5819e-01 5.3088e-06
3.5823e-01 5.6234e-06
3.5827e-01 5.9566e-06
3.5830e-01 6.3096e-06
3.5833e-01 6.6834e-06
3.5835e-01 7.0795e-06
3.5836e-01 7.4989e-06
3.5835e-01 7.9433e-06
3.5835e-01 8.4140e-06
3.5832e-01 8.9125e-06
3.5827e-01 9.4406e-06
3.5821e-01 1.0000e-05
3.5812e-01 1.0593e-05
3.5798e-01 1.1220e-05
3.5780e-01 1.1885e-05
3.5755e-01 1.2589e-05
3.5715e-01 1.3335e-05
3.5665e-01 1.4125e-05
3.5577e-01 1.4962e-05
3.5481e-01 1.5581e-05
3.5414e-01 1.5849e-05
3.5246e-01 1.6788e-05
3.5075e-01 1.7583e-05
3.4932e-01 1.7783e-05
3.4674e-01 1.8395e-05
3.4623e-01 1.7783e-05
3.4548e-01 1.6788e-05
3.4502e-01 1.5849e-05
3.4464e-01 1.4962e-05
3.4432e-01 1.4125e-05
3.4418e-01 1.3335e-05
3.4404e-01 1.2589e-05
3.4392e-01 1.1885e-05
3.4390e-01 1.1220e-05
3.4388e-01 1.0593e-05
3.4387e-01 1.0000e-05
3.4394e-01 9.4406e-06
3.4403e-01 8.9125e-06
3.4413e-01 8.4140e-06
3.4430e-01 7.9433e-06
3.4449e-01 7.4989e-06
3.4471e-01 7.0795e-06
3.4503e-01 6.6834e-06
3.4541e-01 6.3096e-06
3.4584e-01 5.9566e-06
3.4647e-01 5.6234e-06
3.4674e-01 5.4973e-06
3.4698e-01 5.3088e-06
3.4740e-01 5.0119e-06
3.4793e-01 4.7315e-06
3.4853e-01 4.4668e-06
3.4923e-01 4.2170e-06
3.5012e-01 3.9811e-06
3.5075e-01 3.8387e-06
3.5098e-01 3.7584e-06
3.5164e-01 3.5481e-06
3.5244e-01 3.3497e-06
3.5338e-01 3.1623e-06
3.5451e-01 2.9854e-06
3.5481e-01 2.9441e-06
