2.2330e-01 1.0000e-08
2.2330e-01 1.0593e-08
2.2330e-01 1.1220e-08
2.2330e-01 1.1885e-08
2.2330e-01 1.2589e-08
2.2330e-01 1.3335e-08
2.2330e-01 1.4125e-08
2.2330e-01 1.4962e-08
2.2330e-01 1.5849e-08
2.2330e-01 1.6788e-08
2.2330e-01 1.7783e-08
2.2330e-01 1.8836e-08
2.2330e-01 1.9953e-08
2.2330e-01 2.1135e-08
2.2330e-01 2.2387e-08
2.2330e-01 2.3714e-08
2.2330e-01 2.5119e-08
2.2330e-01 2.6607e-08
2.2330e-01 2.8184e-08
2.2330e-01 2.9854e-08
2.2330e-01 3.1623e-08
2.2330e-01 3.3497e-08
2.2330e-01 3.5481e-08
2.2330e-01 3.7584e-08
2.2330e-01 3.9811e-08
2.2330e-01 4.2170e-08
2.2330e-01 4.4668e-08
2.2330e-01 4.7315e-08
2.2330e-01 5.0119e-08
2.2330e-01 5.3088e-08
2.2330e-01 5.6234e-08
2.2330e-01 5.9566e-08
2.2330e-01 6.3096e-08
2.2330e-01 6.6834e-08
2.2330e-01 7.0795e-08
2.2330e-01 7.4989e-08
2.2330e-01 7.9433e-08
2.2330e-01 8.4140e-08
2.2330e-01 8.9125e-08
2.2330e-01 9.4406e-08
2.2330e-01 1.0000e-07
2.2330e-01 1.0593e-07
2.2330e-01 1.1220e-07
2.2330e-01 1.1885e-07
2.2330e-01 1.2589e-07
2.2330e-01 1.3335e-07
2.2330e-01 1.4125e-07
2.2330e-01 1.4962e-07
2.2330e-01 1.5849e-07
2.2330e-01 1.6788e-07
2.2330e-01 1.7783e-07
2.2330e-01 1.8836e-07
2.2330e-01 1.9953e-07
2.2330e-01 2.1135e-07
2.2330e-01 2.2387e-07
2.2330e-01 2.3714e-07
2.2330e-01 2.5119e-07
2.2330e-01 2.6607e-07
2.2330e-01 2.8184e-07
2.2330e-01 2.9854e-07
2.2330e-01 3.1623e-07
2.2330e-01 3.3497e-07
2.2330e-01 3.5481e-07
2.2330e-01 3.7584e-07
2.2330e-01 3.9811e-07
2.2330e-01 4.2170e-07
2.2330e-01 4.4668e-07
2.2330e-01 4.7315e-07
2.2330e-01 5.0119e-07
2.2330e-01 5.3088e-07
2.2330e-01 5.6234e-07
2.2330e-01 5.9566e-07
2.2330e-01 6.3096e-07
2.2330e-01 6.6834e-07
2.2330e-01 7.0795e-07
2.2330e-01 7.4989e-07
2.2330e-01 7.9433e-07
2.2330e-01 8.4140e-07
2.2330e-01 8.9125e-07
2.2330e-01 9.4406e-07
2.2330e-01 1.0000e-06
2.2330e-01 1.0593e-06
2.2330e-01 1.1220e-06
2.2330e-01 1.1885e-06
2.2330e-01 1.2589e-06
2.2330e-01 1.3335e-06
2.2330e-01 1.4125e-06
2.2330e-01 1.4962e-06
2.2330e-01 1.5849e-06
2.2330e-01 1.6788e-06
2.2330e-01 1.7783e-06
2.2330e-01 1.8836e-06
2.2330e-01 1.9953e-06
2.2330e-01 2.1135e-06
2.2330e-01 2.2387e-06
2.2330e-01 2.3714e-06
2.2330e-01 2.5119e-06
2.2330e-01 2.6607e-06
2.2330e-01 2.8184e-06
2.2330e-01 2.9854e-06
2.2330e-01 3.1623e-06
2.2330e-01 3.3497e-06
2.2330e-01 3.5481e-06
2.2330e-01 3.7584e-06
2.2330e-01 3.9811e-06
2.2330e-01 4.2170e-06
2.2330e-01 4.4668e-06
2.2330e-01 4.7315e-06
2.2330e-01 5.0119e-06
2.2330e-01 5.3088e-06
2.2330e-01 5.6234e-06
2.2330e-01 5.9566e-06
2.2330e-01 6.3096e-06
2.2330e-01 6.6834e-06
2.2330e-01 7.0795e-06
2.2330e-01 7.4989e-06
2.2330e-01 7.9433e-06
2.2330e-01 8.4140e-06
2.2330e-01 8.9125e-06
2.2330e-01 9.4406e-06
2.2330e-01 1.0000e-05
2.2330e-01 1.0593e-05
2.2330e-01 1.1220e-05
2.2330e-01 1.1885e-05
2.2330e-01 1.2589e-05
2.2330e-01 1.3335e-05
2.2330e-01 1.4125e-05
2.2330e-01 1.4962e-05
2.2330e-01 1.5849e-05
2.2330e-01 1.6788e-05
2.2330e-01 1.7783e-05
2.2330e-01 1.8836e-05
2.2330e-01 1.9953e-05
2.2330e-01 2.1135e-05
2.2330e-01 2.2387e-05
2.2330e-01 2.3714e-05
2.2330e-01 2.5119e-05
2.2330e-01 2.6607e-05
2.2330e-01 2.8184e-05
2.2330e-01 2.9854e-05
2.2330e-01 3.1623e-05
2.2330e-01 3.3497e-05
2.2331e-01 3.5481e-05
2.2331e-01 3.7584e-05
2.2331e-01 3.9811e-05
2.2331e-01 4.2170e-05
2.2331e-01 4.4668e-05
2.2331e-01 4.7315e-05
2.2331e-01 5.0119e-05
2.2331e-01 5.3088e-05
2.2331e-01 5.6234e-05
2.2331e-01 5.9566e-05
2.2331e-01 6.3096e-05
2.2331e-01 6.6834e-05
2.2331e-01 7.0795e-05
2.2331e-01 7.4989e-05
2.2332e-01 7.9433e-05
2.2332e-01 8.4140e-05
2.2332e-01 8.9125e-05
2.2332e-01 9.4406e-05
2.2332e-01 1.0000e-04
2.2332e-01 1.0593e-04
2.2332e-01 1.1220e-04
2.2332e-01 1.1885e-04
2.2333e-01 1.2589e-04
2.2333e-01 1.3335e-04
2.2333e-01 1.4125e-04
2.2333e-01 1.4962e-04
2.2333e-01 1.5849e-04
2.2334e-01 1.6788e-04
2.2334e-01 1.7783e-04
2.2334e-01 1.8836e-04
2.2334e-01 1.9953e-04
2.2335e-01 2.1135e-04
2.2335e-01 2.2387e-04
2.2335e-01 2.3714e-04
2.2335e-01 2.5119e-04
2.2336e-01 2.6607e-04
2.2336e-01 2.8184e-04
2.2336e-01 2.9854e-04
2.2337e-01 3.1623e-04
2.2337e-01 3.3497e-04
2.2338e-01 3.5481e-04
2.2338e-01 3.7584e-04
2.2339e-01 3.9811e-04
2.2339e-01 4.2170e-04
2.2340e-01 4.4668e-04
2.2340e-01 4.7315e-04
2.2341e-01 5.0119e-04
2.2342e-01 5.3088e-04
2.2342e-01 5.6234e-04
2.2343e-01 5.9566e-04
2.2344e-01 6.3096e-04
2.2345e-01 6.6834e-04
2.2345e-01 7.0795e-04
2.2346e-01 7.4989e-04
2.2347e-01 7.9433e-04
2.2348e-01 8.4140e-04
2.2349e-01 8.9125e-04
2.2351e-01 9.4406e-04
2.2352e-01 1.0000e-03
2.2353e-01 1.0593e-03
2.2354e-01 1.1220e-03
2.2356e-01 1.1885e-03
2.2357e-01 1.2589e-03
2.2359e-01 1.3335e-03
2.2360e-01 1.4125e-03
2.2362e-01 1.4962e-03
2.2364e-01 1.5849e-03
2.2366e-01 1.6788e-03
2.2368e-01 1.7783e-03
2.2370e-01 1.8836e-03
2.2372e-01 1.9953e-03
2.2374e-01 2.1135e-03
2.2377e-01 2.2387e-03
2.2379e-01 2.3714e-03
2.2382e-01 2.5119e-03
2.2385e-01 2.6607e-03
2.2387e-01 2.8050e-03
2.2389e-01 2.8184e-03
2.2408e-01 2.9854e-03
2.2428e-01 3.1623e-03
2.2449e-01 3.3497e-03
2.2471e-01 3.5481e-03
2.2493e-01 3.7584e-03
2.2517e-01 3.9811e-03
2.2542e-01 4.2170e-03
2.2568e-01 4.4668e-03
2.2595e-01 4.7315e-03
2.2622e-01 5.0119e-03
2.2651e-01 5.3088e-03
2.2681e-01 5.6234e-03
2.2712e-01 5.9566e-03
2.2744e-01 6.3096e-03
2.2777e-01 6.6834e-03
2.2811e-01 7.0795e-03
2.2846e-01 7.4989e-03
2.2882e-01 7.9433e-03
2.2919e-01 8.4140e-03
2.2957e-01 8.9125e-03
2.2995e-01 9.4406e-03
2.3034e-01 1.0000e-02
2.3074e-01 1.0593e-02
2.3114e-01 1.1220e-02
2.3155e-01 1.1885e-02
2.3196e-01 1.2589e-02
2.3237e-01 1.3335e-02
2.3278e-01 1.4125e-02
2.3319e-01 1.4962e-02
2.3359e-01 1.5849e-02
2.3400e-01 1.6788e-02
2.3439e-01 1.7783e-02
2.3478e-01 1.8836e-02
2.3516e-01 1.9953e-02
2.3553e-01 2.1135e-02
2.3588e-01 2.2387e-02
2.3622e-01 2.3714e-02
2.3654e-01 2.5119e-02
2.3685e-01 2.6607e-02
2.3713e-01 2.8184e-02
2.3714e-01 2.8197e-02
2.3901e-01 2.9854e-02
2.4077e-01 3.1623e-02
2.4241e-01 3.3497e-02
2.4392e-01 3.5481e-02
2.4530e-01 3.7584e-02
2.4655e-01 3.9811e-02
2.4766e-01 4.2170e-02
2.4864e-01 4.4668e-02
2.4949e-01 4.7315e-02
2.5023e-01 5.0119e-02
2.5085e-01 5.3088e-02
2.5119e-01 5.5009e-02
2.5255e-01 5.6234e-02
2.5595e-01 5.9566e-02
2.5877e-01 6.3096e-02
2.6105e-01 6.6834e-02
2.6287e-01 7.0795e-02
2.6428e-01 7.4989e-02
2.6536e-01 7.9433e-02
2.6607e-01 8.3497e-02
2.6678e-01 8.4140e-02
2.7200e-01 8.9125e-02
2.7582e-01 9.4406e-02
2.7853e-01 1.0000e-01
2.8039e-01 1.0593e-01
2.8162e-01 1.1220e-01
2.8184e-01 1.1348e-01
2.8760e-01 1.1885e-01
2.9278e-01 1.2589e-01
2.9599e-01 1.3335e-01
2.9789e-01 1.4125e-01
2.9854e-01 1.4508e-01
3.0334e-01 1.4962e-01
3.1033e-01 1.5849e-01
3.1412e-01 1.6788e-01
3.1602e-01 1.7783e-01
3.1623e-01 1.7907e-01
3.2585e-01 1.8836e-01
3.3183e-01 1.9953e-01
3.3449e-01 2.1135e-01
3.3497e-01 2.1426e-01
3.4474e-01 2.2387e-01
3.5190e-01 2.3714e-01
3.5460e-01 2.5119e-01
3.5481e-01 2.5253e-01
3.6828e-01 2.6607e-01
3.7432e-01 2.8184e-01
3.7584e-01 2.9145e-01
3.8270e-01 2.9854e-01
3.9479e-01 3.1623e-01
3.9801e-01 3.3497e-01
3.9811e-01 3.3558e-01
4.1640e-01 3.5481e-01
4.2129e-01 3.7584e-01
4.2170e-01 3.7855e-01
4.3993e-01 3.9811e-01
4.4617e-01 4.2170e-01
4.4668e-01 4.2518e-01
4.6627e-01 4.4668e-01
4.7276e-01 4.7315e-01
4.7315e-01 4.7574e-01
4.9581e-01 5.0119e-01
5.0106e-01 5.3088e-01
5.0119e-01 5.3162e-01
5.2785e-01 5.6234e-01
5.3088e-01 5.8413e-01
5.4079e-01 5.9566e-01
5.6123e-01 6.3096e-01
5.6234e-01 6.3917e-01
5.8674e-01 6.6834e-01
5.9544e-01 7.0795e-01
5.9566e-01 7.0908e-01
6.2874e-01 7.4989e-01
6.3096e-01 7.6687e-01
6.5318e-01 7.9433e-01
6.6801e-01 8.4140e-01
6.6834e-01 8.4312e-01
7.0576e-01 8.9125e-01
7.0795e-01 9.0865e-01
7.3561e-01 9.4406e-01
7.4973e-01 1.0000e+00
7.4989e-01 1.0008e+00
7.9322e-01 1.0593e+00
7.9433e-01 1.0670e+00
8.3525e-01 1.1220e+00
8.4140e-01 1.1731e+00
8.5288e-01 1.1885e+00
8.9100e-01 1.2589e+00
8.9125e-01 1.2602e+00
9.4293e-01 1.3335e+00
9.4406e-01 1.3410e+00
9.9459e-01 1.4125e+00
1.0000e+00 1.4601e+00
1.0255e+00 1.4962e+00
1.0592e+00 1.5849e+00
1.0593e+00 1.5852e+00
1.1217e+00 1.6788e+00
1.1220e+00 1.6806e+00
1.1873e+00 1.7783e+00
1.1885e+00 1.7862e+00
1.2536e+00 1.8836e+00
1.2589e+00 1.9331e+00
1.3005e+00 1.9953e+00
1.3335e+00 2.1135e+00
1.3335e+00 2.1135e+00
1.4125e+00 2.2387e+00
1.4125e+00 2.2390e+00
1.4961e+00 2.3714e+00
1.4962e+00 2.3723e+00
1.5843e+00 2.5119e+00
1.5849e+00 2.5152e+00
1.6767e+00 2.6607e+00
1.6788e+00 2.6768e+00
1.7682e+00 2.8184e+00
1.7783e+00 2.9183e+00
1.8206e+00 2.9854e+00
1.8836e+00 3.1623e+00
1.8836e+00 3.1623e+00
1.9953e+00 3.3497e+00
1.9953e+00 3.3497e+00
2.1135e+00 3.5481e+00
2.1135e+00 3.5482e+00
2.2387e+00 3.7584e+00
2.2387e+00 3.7585e+00
2.3713e+00 3.9811e+00
2.3714e+00 3.9813e+00
2.5117e+00 4.2170e+00
2.5119e+00 4.2178e+00
2.6602e+00 4.4668e+00
2.6607e+00 4.4699e+00
2.8165e+00 4.7315e+00
2.8184e+00 4.7427e+00
2.9787e+00 5.0119e+00
2.9854e+00 5.0806e+00
3.1213e+00 5.3088e+00
3.1623e+00 5.6234e+00
3.1623e+00 5.6234e+00
3.3497e+00 5.9566e+00
3.3497e+00 5.9566e+00
3.5481e+00 6.3096e+00
3.5481e+00 6.3096e+00
3.7584e+00 6.6834e+00
3.7584e+00 6.6834e+00
3.9811e+00 7.0795e+00
3.9811e+00 7.0795e+00
4.2170e+00 7.4989e+00
4.2170e+00 7.4989e+00
4.4668e+00 7.9433e+00
4.4668e+00 7.9433e+00
4.7315e+00 8.4140e+00
4.7315e+00 8.4140e+00
5.0119e+00 8.9125e+00
5.0119e+00 8.9125e+00
5.3088e+00 9.4406e+00
5.3088e+00 9.4406e+00
5.6234e+00 1.0000e+01
5.6234e+00 1.0000e+01
5.9566e+00 1.0593e+01
5.9566e+00 1.0593e+01
6.3096e+00 1.1220e+01
6.3096e+00 1.1220e+01
6.6834e+00 1.1885e+01
6.6834e+00 1.1885e+01
7.0795e+00 1.2589e+01
7.0795e+00 1.2589e+01
7.4989e+00 1.3335e+01
7.4989e+00 1.3335e+01
7.9433e+00 1.4125e+01
7.9433e+00 1.4125e+01
8.4139e+00 1.4962e+01
8.4140e+00 1.4962e+01
8.9125e+00 1.5849e+01
8.9125e+00 1.5849e+01
9.4406e+00 1.6788e+01
9.4406e+00 1.6788e+01
9.9999e+00 1.7783e+01
1.0000e+01 1.7783e+01
1.0592e+01 1.8836e+01
1.0593e+01 1.8838e+01
1.1219e+01 1.9953e+01
1.1220e+01 1.9958e+01
1.1882e+01 2.1135e+01
1.1885e+01 2.1153e+01
1.2579e+01 2.2387e+01
1.2589e+01 2.2456e+01
1.3297e+01 2.3714e+01
1.3335e+01 2.4139e+01
1.3886e+01 2.5119e+01
1.3335e+01 2.6157e+01
1.2815e+01 2.5119e+01
1.2589e+01 2.5046e+01
1.1921e+01 2.3714e+01
1.1885e+01 2.3695e+01
1.1230e+01 2.2387e+01
1.1220e+01 2.2382e+01
1.0595e+01 2.1135e+01
1.0593e+01 2.1133e+01
1.0001e+01 1.9953e+01
1.0000e+01 1.9952e+01
9.4409e+00 1.8836e+01
9.4406e+00 1.8836e+01
8.9126e+00 1.7783e+01
8.9125e+00 1.7783e+01
8.4140e+00 1.6788e+01
8.4140e+00 1.6788e+01
7.9433e+00 1.5849e+01
7.9433e+00 1.5849e+01
7.4990e+00 1.4962e+01
7.4989e+00 1.4962e+01
7.0795e+00 1.4125e+01
7.0795e+00 1.4125e+01
6.6834e+00 1.3335e+01
6.6834e+00 1.3335e+01
6.3096e+00 1.2589e+01
6.3096e+00 1.2589e+01
5.9566e+00 1.1885e+01
5.9566e+00 1.1885e+01
5.6234e+00 1.1220e+01
5.6234e+00 1.1220e+01
5.3088e+00 1.0593e+01
5.3088e+00 1.0593e+01
5.0119e+00 1.0451e+01
4.7983e+00 1.0000e+01
4.7315e+00 9.9773e+00
4.4776e+00 9.4406e+00
4.4668e+00 9.4343e+00
4.2199e+00 8.9125e+00
4.2170e+00 8.9108e+00
3.9819e+00 8.4140e+00
3.9811e+00 8.4135e+00
3.7586e+00 7.9433e+00
3.7584e+00 7.9431e+00
3.5482e+00 7.4989e+00
3.5481e+00 7.4989e+00
3.3497e+00 7.0795e+00
3.3497e+00 7.0794e+00
3.1623e+00 6.6834e+00
3.1623e+00 6.6834e+00
2.9854e+00 6.3096e+00
2.9854e+00 6.3096e+00
2.8184e+00 5.9566e+00
2.8184e+00 5.9566e+00
2.6607e+00 5.6234e+00
2.6607e+00 5.6234e+00
2.5119e+00 5.3088e+00
2.5119e+00 5.3088e+00
2.3714e+00 5.0119e+00
2.3714e+00 5.0119e+00
2.2387e+00 4.7315e+00
2.2387e+00 4.7315e+00
2.1135e+00 4.5417e+00
2.0800e+00 4.4668e+00
1.9953e+00 4.4364e+00
1.8973e+00 4.2170e+00
1.8836e+00 4.2109e+00
1.7810e+00 3.9811e+00
1.7783e+00 3.9794e+00
1.6795e+00 3.7584e+00
1.6788e+00 3.7579e+00
1.5851e+00 3.5481e+00
1.5849e+00 3.5480e+00
1.4963e+00 3.3497e+00
1.4962e+00 3.3496e+00
1.4126e+00 3.1623e+00
1.4125e+00 3.1623e+00
1.3335e+00 2.9854e+00
1.3335e+00 2.9854e+00
1.2589e+00 2.9385e+00
1.2083e+00 2.8184e+00
1.1885e+00 2.8109e+00
1.1252e+00 2.6607e+00
1.1220e+00 2.6587e+00
1.0601e+00 2.5119e+00
1.0593e+00 2.5113e+00
1.0002e+00 2.3714e+00
1.0000e+00 2.3712e+00
9.4408e-01 2.2387e+00
9.4406e-01 2.2387e+00
8.9125e-01 2.2063e+00
8.5428e-01 2.1135e+00
8.4140e-01 2.1083e+00
7.9637e-01 1.9953e+00
7.9433e-01 1.9939e+00
7.5034e-01 1.8836e+00
7.4989e-01 1.8833e+00
7.0795e-01 1.7966e+00
7.0106e-01 1.7783e+00
6.6834e-01 1.7643e+00
6.3610e-01 1.6788e+00
6.3096e-01 1.6762e+00
5.9640e-01 1.5849e+00
5.9566e-01 1.5844e+00
5.6234e-01 1.5274e+00
5.5121e-01 1.4962e+00
5.3088e-01 1.4871e+00
5.0403e-01 1.4125e+00
5.0119e-01 1.4109e+00
4.7325e-01 1.3335e+00
4.7315e-01 1.3334e+00
4.4668e-01 1.3189e+00
4.2597e-01 1.2589e+00
4.2170e-01 1.2568e+00
3.9815e-01 1.1885e+00
3.9811e-01 1.1885e+00
3.7584e-01 1.1769e+00
3.5760e-01 1.1220e+00
3.5481e-01 1.1205e+00
3.3497e-01 1.0863e+00
3.2623e-01 1.0593e+00
3.1623e-01 1.0542e+00
2.9888e-01 1.0000e+00
2.9854e-01 9.9977e-01
2.8184e-01 9.8906e-01
2.6782e-01 9.4406e-01
2.6607e-01 9.4312e-01
2.5119e-01 9.2761e-01
2.4012e-01 8.9125e-01
2.3714e-01 8.8967e-01
2.2387e-01 8.7260e-01
2.1458e-01 8.4140e-01
2.1135e-01 8.3964e-01
1.9953e-01 8.2468e-01
1.9068e-01 7.9433e-01
1.8836e-01 7.9304e-01
1.7783e-01 7.8227e-01
1.6861e-01 7.4989e-01
1.6788e-01 7.4948e-01
1.5849e-01 7.4284e-01
1.4962e-01 7.1945e-01
1.4639e-01 7.0795e-01
1.4125e-01 7.0496e-01
1.3335e-01 6.9383e-01
1.2639e-01 6.6834e-01
1.2589e-01 6.6805e-01
1.1885e-01 6.6331e-01
1.1220e-01 6.5119e-01
1.0679e-01 6.3096e-01
1.0593e-01 6.3044e-01
1.0000e-01 6.2611e-01
9.4406e-02 6.1664e-01
8.9125e-02 5.9750e-01
8.8639e-02 5.9566e-01
8.4140e-02 5.9289e-01
7.9433e-02 5.8723e-01
7.4989e-02 5.7696e-01
7.1225e-02 5.6234e-01
7.0795e-02 5.6207e-01
6.6834e-02 5.5937e-01
6.3096e-02 5.5486e-01
5.9566e-02 5.4769e-01
5.6234e-02 5.3674e-01
5.4755e-02 5.3088e-01
5.3088e-02 5.2982e-01
5.0119e-02 5.2734e-01
4.7315e-02 5.2376e-01
4.4668e-02 5.1876e-01
4.2170e-02 5.1197e-01
3.9811e-02 5.0300e-01
3.9361e-02 5.0119e-01
3.7584e-02 5.0004e-01
3.5481e-02 4.9825e-01
3.3497e-02 4.9598e-01
3.1623e-02 4.9313e-01
2.9854e-02 4.8965e-01
2.8184e-02 4.8545e-01
2.6607e-02 4.8049e-01
2.5119e-02 4.7470e-01
2.4741e-02 4.7315e-01
2.3714e-02 4.7248e-01
2.2387e-02 4.7146e-01
2.1135e-02 4.7029e-01
1.9953e-02 4.6897e-01
1.8836e-02 4.6749e-01
1.7783e-02 4.6586e-01
1.6788e-02 4.6408e-01
1.5849e-02 4.6215e-01
1.4962e-02 4.6008e-01
1.4125e-02 4.5787e-01
1.3335e-02 4.5554e-01
1.2589e-02 4.5308e-01
1.1885e-02 4.5053e-01
1.1220e-02 4.4787e-01
1.0934e-02 4.4668e-01
1.0593e-02 4.4646e-01
1.0000e-02 4.4604e-01
9.4406e-03 4.4561e-01
8.9125e-03 4.4517e-01
8.4140e-03 4.4472e-01
7.9433e-03 4.4427e-01
7.4989e-03 4.4381e-01
7.0795e-03 4.4334e-01
6.6834e-03 4.4288e-01
6.3096e-03 4.4242e-01
5.9566e-03 4.4195e-01
5.6234e-03 4.4150e-01
5.3088e-03 4.4104e-01
5.0119e-03 4.4060e-01
4.7315e-03 4.4016e-01
4.4668e-03 4.3972e-01
4.2170e-03 4.3930e-01
3.9811e-03 4.3889e-01
3.7584e-03 4.3848e-01
3.5481e-03 4.3809e-01
3.3497e-03 4.3771e-01
3.1623e-03 4.3734e-01
2.9854e-03 4.3698e-01
2.8184e-03 4.3663e-01
2.6607e-03 4.3630e-01
2.5119e-03 4.3597e-01
2.3714e-03 4.3566e-01
2.2387e-03 4.3536e-01
2.1135e-03 4.3507e-01
1.9953e-03 4.3480e-01
1.8836e-03 4.3453e-01
1.7783e-03 4.3428e-01
1.6788e-03 4.3403e-01
1.5849e-03 4.3380e-01
1.4962e-03 4.3358e-01
1.4125e-03 4.3336e-01
1.3335e-03 4.3316e-01
1.2589e-03 4.3296e-01
1.1885e-03 4.3278e-01
1.1220e-03 4.3260e-01
1.0593e-03 4.3243e-01
1.0000e-03 4.3227e-01
9.4406e-04 4.3212e-01
8.9125e-04 4.3197e-01
8.4140e-04 4.3184e-01
7.9433e-04 4.3171e-01
7.4989e-04 4.3158e-01
7.0795e-04 4.3146e-01
6.6834e-04 4.3135e-01
6.3096e-04 4.3124e-01
5.9566e-04 4.3114e-01
5.6234e-04 4.3105e-01
5.3088e-04 4.3096e-01
5.0119e-04 4.3087e-01
4.7315e-04 4.3079e-01
4.4668e-04 4.3071e-01
4.2170e-04 4.3064e-01
3.9811e-04 4.3057e-01
3.7584e-04 4.3050e-01
3.5481e-04 4.3044e-01
3.3497e-04 4.3038e-01
3.1623e-04 4.3032e-01
2.9854e-04 4.3027e-01
2.8184e-04 4.3022e-01
2.6607e-04 4.3017e-01
2.5119e-04 4.3013e-01
2.3714e-04 4.3009e-01
2.2387e-04 4.3005e-01
2.1135e-04 4.3001e-01
1.9953e-04 4.2997e-01
1.8836e-04 4.2994e-01
1.7783e-04 4.2991e-01
1.6788e-04 4.2987e-01
1.5849e-04 4.2985e-01
1.4962e-04 4.2982e-01
1.4125e-04 4.2979e-01
1.3335e-04 4.2977e-01
1.2589e-04 4.2975e-01
1.1885e-04 4.2972e-01
1.1220e-04 4.2970e-01
1.0593e-04 4.2969e-01
1.0000e-04 4.2967e-01
9.4406e-05 4.2965e-01
8.9125e-05 4.2963e-01
8.4140e-05 4.2962e-01
7.9433e-05 4.2960e-01
7.4989e-05 4.2959e-01
7.0795e-05 4.2958e-01
6.6834e-05 4.2956e-01
6.3096e-05 4.2955e-01
5.9566e-05 4.2954e-01
5.6234e-05 4.2953e-01
5.3088e-05 4.2952e-01
5.0119e-05 4.2951e-01
4.7315e-05 4.2950e-01
4.4668e-05 4.2950e-01
4.2170e-05 4.2949e-01
3.9811e-05 4.2948e-01
3.7584e-05 4.2947e-01
3.5481e-05 4.2947e-01
3.3497e-05 4.2946e-01
3.1623e-05 4.2946e-01
2.9854e-05 4.2945e-01
2.8184e-05 4.2944e-01
2.6607e-05 4.2944e-01
2.5119e-05 4.2943e-01
2.3714e-05 4.2943e-01
2.2387e-05 4.2943e-01
2.1135e-05 4.2942e-01
1.9953e-05 4.2942e-01
1.8836e-05 4.2942e-01
1.7783e-05 4.2941e-01
1.6788e-05 4.2941e-01
1.5849e-05 4.2941e-01
1.4962e-05 4.2940e-01
1.4125e-05 4.2940e-01
1.3335e-05 4.2940e-01
1.2589e-05 4.2940e-01
1.1885e-05 4.2939e-01
1.1220e-05 4.2939e-01
1.0593e-05 4.2939e-01
1.0000e-05 4.2939e-01
9.4406e-06 4.2939e-01
8.9125e-06 4.2938e-01
8.4140e-06 4.2938e-01
7.9433e-06 4.2938e-01
7.4989e-06 4.2938e-01
7.0795e-06 4.2938e-01
6.6834e-06 4.2938e-01
6.3096e-06 4.2938e-01
5.9566e-06 4.2938e-01
5.6234e-06 4.2937e-01
5.3088e-06 4.2937e-01
5.0119e-06 4.2937e-01
4.7315e-06 4.2937e-01
4.4668e-06 4.2937e-01
4.2170e-06 4.2937e-01
3.9811e-06 4.2937e-01
3.7584e-06 4.2937e-01
3.5481e-06 4.2937e-01
3.3497e-06 4.2937e-01
3.1623e-06 4.2937e-01
2.9854e-06 4.2937e-01
2.8184e-06 4.2937e-01
2.6607e-06 4.2936e-01
2.5119e-06 4.2936e-01
2.3714e-06 4.2936e-01
2.2387e-06 4.2936e-01
2.1135e-06 4.2936e-01
1.9953e-06 4.2936e-01
1.8836e-06 4.2936e-01
1.7783e-06 4.2936e-01
1.6788e-06 4.2936e-01
1.5849e-06 4.2936e-01
1.4962e-06 4.2936e-01
1.4125e-06 4.2936e-01
1.3335e-06 4.2936e-01
1.2589e-06 4.2936e-01
1.1885e-06 4.2936e-01
1.1220e-06 4.2936e-01
1.0593e-06 4.2936e-01
1.0000e-06 4.2936e-01
9.4406e-07 4.2936e-01
8.9125e-07 4.2936e-01
8.4140e-07 4.2936e-01
7.9433e-07 4.2936e-01
7.4989e-07 4.2936e-01
7.0795e-07 4.2936e-01
6.6834e-07 4.2936e-01
6.3096e-07 4.2936e-01
5.9566e-07 4.2936e-01
5.6234e-07 4.2936e-01
5.3088e-07 4.2936e-01
5.0119e-07 4.2936e-01
4.7315e-07 4.2936e-01
4.4668e-07 4.2936e-01
4.2170e-07 4.2936e-01
3.9811e-07 4.2936e-01
3.7584e-07 4.2936e-01
3.5481e-07 4.2936e-01
3.3497e-07 4.2936e-01
3.1623e-07 4.2936e-01
2.9854e-07 4.2936e-01
2.8184e-07 4.2936e-01
2.6607e-07 4.2936e-01
2.5119e-07 4.2936e-01
2.3714e-07 4.2936e-01
2.2387e-07 4.2936e-01
2.1135e-07 4.2936e-01
1.9953e-07 4.2936e-01
1.8836e-07 4.2936e-01
1.7783e-07 4.2936e-01
1.6788e-07 4.2936e-01
1.5849e-07 4.2936e-01
1.4962e-07 4.2936e-01
1.4125e-07 4.2936e-01
1.3335e-07 4.2936e-01
1.2589e-07 4.2936e-01
1.1885e-07 4.2936e-01
1.1220e-07 4.2936e-01
1.0593e-07 4.2936e-01
1.0000e-07 4.2936e-01
9.4406e-08 4.2936e-01
8.9125e-08 4.2936e-01
8.4140e-08 4.2936e-01
7.9433e-08 4.2936e-01
7.4989e-08 4.2936e-01
7.0795e-08 4.2936e-01
6.6834e-08 4.2936e-01
6.3096e-08 4.2936e-01
5.9566e-08 4.2936e-01
5.6234e-08 4.2936e-01
5.3088e-08 4.2936e-01
5.0119e-08 4.2936e-01
4.7315e-08 4.2936e-01
4.4668e-08 4.2936e-01
4.2170e-08 4.2936e-01
3.9811e-08 4.2936e-01
3.7584e-08 4.2936e-01
3.5481e-08 4.2936e-01
3.3497e-08 4.2936e-01
3.1623e-08 4.2936e-01
2.9854e-08 4.2936e-01
2.8184e-08 4.2936e-01
2.6607e-08 4.2936e-01
2.5119e-08 4.2936e-01
2.3714e-08 4.2936e-01
2.2387e-08 4.2936e-01
2.1135e-08 4.2936e-01
1.9953e-08 4.2936e-01
1.8836e-08 4.2936e-01
1.7783e-08 4.2936e-01
1.6788e-08 4.2936e-01
1.5849e-08 4.2936e-01
1.4962e-08 4.2936e-01
1.4125e-08 4.2936e-01
1.3335e-08 4.2936e-01
1.2589e-08 4.2936e-01
1.1885e-08 4.2936e-01
1.1220e-08 4.2936e-01
1.0593e-08 4.2936e-01
1.0000e-08 4.2936e-01
1.0000e-08 1.1153e-03
1.0593e-08 1.1153e-03
1.1220e-08 1.1153e-03
1.1885e-08 1.1153e-03
1.2589e-08 1.1153e-03
1.3335e-08 1.1153e-03
1.4125e-08 1.1153e-03
1.4962e-08 1.1153e-03
1.5849e-08 1.1153e-03
1.6788e-08 1.1153e-03
1.7783e-08 1.1153e-03
1.8836e-08 1.1153e-03
1.9953e-08 1.1153e-03
2.1135e-08 1.1153e-03
2.2387e-08 1.1153e-03
2.3714e-08 1.1153e-03
2.5119e-08 1.1153e-03
2.6607e-08 1.1153e-03
2.8184e-08 1.1153e-03
2.9854e-08 1.1153e-03
3.1623e-08 1.1153e-03
3.3497e-08 1.1153e-03
3.5481e-08 1.1153e-03
3.7584e-08 1.1153e-03
3.9811e-08 1.1153e-03
4.2170e-08 1.1153e-03
4.4668e-08 1.1153e-03
4.7315e-08 1.1153e-03
5.0119e-08 1.1153e-03
5.3088e-08 1.1153e-03
5.6234e-08 1.1153e-03
5.9566e-08 1.1154e-03
6.3096e-08 1.1154e-03
6.6834e-08 1.1154e-03
7.0795e-08 1.1154e-03
7.4989e-08 1.1154e-03
7.9433e-08 1.1154e-03
8.4140e-08 1.1154e-03
8.9125e-08 1.1154e-03
9.4406e-08 1.1154e-03
1.0000e-07 1.1154e-03
1.0593e-07 1.1154e-03
1.1220e-07 1.1155e-03
1.1885e-07 1.1155e-03
1.2589e-07 1.1155e-03
1.3335e-07 1.1155e-03
1.4125e-07 1.1155e-03
1.4962e-07 1.1155e-03
1.5849e-07 1.1156e-03
1.6788e-07 1.1156e-03
1.7783e-07 1.1156e-03
1.8836e-07 1.1156e-03
1.9953e-07 1.1156e-03
2.1135e-07 1.1157e-03
2.2387e-07 1.1157e-03
2.3714e-07 1.1157e-03
2.5119e-07 1.1157e-03
2.6607e-07 1.1158e-03
2.8184e-07 1.1158e-03
2.9854e-07 1.1158e-03
3.1623e-07 1.1159e-03
3.3497e-07 1.1159e-03
3.5481e-07 1.1160e-03
3.7584e-07 1.1160e-03
3.9811e-07 1.1160e-03
4.2170e-07 1.1161e-03
4.4668e-07 1.1161e-03
4.7315e-07 1.1162e-03
5.0119e-07 1.1163e-03
5.3088e-07 1.1163e-03
5.6234e-07 1.1164e-03
5.9566e-07 1.1165e-03
6.3096e-07 1.1165e-03
6.6834e-07 1.1166e-03
7.0795e-07 1.1167e-03
7.4989e-07 1.1168e-03
7.9433e-07 1.1169e-03
8.4140e-07 1.1170e-03
8.9125e-07 1.1171e-03
9.4406e-07 1.1172e-03
1.0000e-06 1.1173e-03
1.0593e-06 1.1174e-03
1.1220e-06 1.1175e-03
1.1885e-06 1.1177e-03
1.2589e-06 1.1178e-03
1.3335e-06 1.1180e-03
1.4125e-06 1.1181e-03
1.4962e-06 1.1183e-03
1.5849e-06 1.1185e-03
1.6788e-06 1.1187e-03
1.7783e-06 1.1189e-03
1.8836e-06 1.1191e-03
1.9953e-06 1.1193e-03
2.1135e-06 1.1196e-03
2.2387e-06 1.1198e-03
2.3714e-06 1.1201e-03
2.5119e-06 1.1204e-03
2.6607e-06 1.1207e-03
2.8184e-06 1.1210e-03
2.9854e-06 1.1214e-03
3.1623e-06 1.1218e-03
3.2875e-06 1.1220e-03
3.3497e-06 1.1221e-03
3.5481e-06 1.1225e-03
3.7584e-06 1.1228e-03
3.9811e-06 1.1232e-03
4.2170e-06 1.1237e-03
4.4668e-06 1.1241e-03
4.7315e-06 1.1246e-03
5.0119e-06 1.1251e-03
5.3088e-06 1.1256e-03
5.6234e-06 1.1261e-03
5.9566e-06 1.1267e-03
6.3096e-06 1.1274e-03
6.6834e-06 1.1280e-03
7.0795e-06 1.1287e-03
7.4989e-06 1.1295e-03
7.9433e-06 1.1303e-03
8.4140e-06 1.1311e-03
8.9125e-06 1.1320e-03
9.4406e-06 1.1330e-03
1.0000e-05 1.1340e-03
1.0593e-05 1.1350e-03
1.1220e-05 1.1362e-03
1.1885e-05 1.1374e-03
1.2589e-05 1.1387e-03
1.3335e-05 1.1401e-03
1.4125e-05 1.1415e-03
1.4962e-05 1.1431e-03
1.5849e-05 1.1447e-03
1.6788e-05 1.1465e-03
1.7783e-05 1.1483e-03
1.8836e-05 1.1503e-03
1.9953e-05 1.1524e-03
2.1135e-05 1.1547e-03
2.2387e-05 1.1571e-03
2.3714e-05 1.1597e-03
2.5119e-05 1.1624e-03
2.6607e-05 1.1653e-03
2.8184e-05 1.1684e-03
2.9854e-05 1.1718e-03
3.1623e-05 1.1753e-03
3.3497e-05 1.1791e-03
3.5481e-05 1.1832e-03
3.7584e-05 1.1876e-03
3.8021e-05 1.1885e-03
3.9811e-05 1.1916e-03
4.2170e-05 1.1958e-03
4.4668e-05 1.2003e-03
4.7315e-05 1.2051e-03
5.0119e-05 1.2102e-03
5.3088e-05 1.2158e-03
5.6234e-05 1.2217e-03
5.9566e-05 1.2281e-03
6.3096e-05 1.2350e-03
6.6834e-05 1.2425e-03
7.0795e-05 1.2506e-03
7.4810e-05 1.2589e-03
7.4989e-05 1.2592e-03
7.9433e-05 1.2670e-03
8.4140e-05 1.2755e-03
8.9125e-05 1.2846e-03
9.4406e-05 1.2946e-03
1.0000e-04 1.3054e-03
1.0593e-04 1.3172e-03
1.1220e-04 1.3302e-03
1.1380e-04 1.3335e-03
1.1885e-04 1.3424e-03
1.2589e-04 1.3550e-03
1.3335e-04 1.3689e-03
1.4125e-04 1.3842e-03
1.4962e-04 1.4011e-03
1.5510e-04 1.4125e-03
1.5849e-04 1.4185e-03
1.6788e-04 1.4352e-03
1.7783e-04 1.4538e-03
1.8836e-04 1.4745e-03
1.9880e-04 1.4962e-03
1.9953e-04 1.4975e-03
2.1135e-04 1.5183e-03
2.2387e-04 1.5416e-03
2.3714e-04 1.5681e-03
2.4522e-04 1.5849e-03
2.5119e-04 1.5953e-03
2.6607e-04 1.6222e-03
2.8184e-04 1.6529e-03
2.9429e-04 1.6788e-03
2.9854e-04 1.6862e-03
3.1623e-04 1.7179e-03
3.3497e-04 1.7546e-03
3.4637e-04 1.7783e-03
3.5481e-04 1.7930e-03
3.7584e-04 1.8314e-03
3.9811e-04 1.8770e-03
4.0133e-04 1.8836e-03
4.2170e-04 1.9192e-03
4.4668e-04 1.9678e-03
4.5992e-04 1.9953e-03
4.7315e-04 2.0184e-03
5.0119e-04 2.0709e-03
5.2172e-04 2.1135e-03
5.3088e-04 2.1295e-03
5.6234e-04 2.1872e-03
5.8721e-04 2.2387e-03
5.9566e-04 2.2535e-03
6.3096e-04 2.3179e-03
6.5673e-04 2.3714e-03
6.6834e-04 2.3916e-03
7.0795e-04 2.4652e-03
7.3048e-04 2.5119e-03
7.4989e-04 2.5457e-03
7.9433e-04 2.6319e-03
8.0827e-04 2.6607e-03
8.4140e-04 2.7184e-03
8.8968e-04 2.8184e-03
8.9125e-04 2.8211e-03
9.4406e-04 2.9139e-03
9.7864e-04 2.9854e-03
1.0000e-03 3.0226e-03
1.0593e-03 3.1389e-03
1.0705e-03 3.1623e-03
1.1220e-03 3.2517e-03
1.1694e-03 3.3497e-03
1.1885e-03 3.3828e-03
1.2589e-03 3.5196e-03
1.2727e-03 3.5481e-03
1.3335e-03 3.6536e-03
1.3843e-03 3.7584e-03
1.4125e-03 3.8074e-03
1.4962e-03 3.9795e-03
1.4970e-03 3.9811e-03
1.5849e-03 4.1333e-03
1.6256e-03 4.2170e-03
1.6788e-03 4.3092e-03
1.7554e-03 4.4668e-03
1.7783e-03 4.5065e-03
1.8836e-03 4.7174e-03
1.8905e-03 4.7315e-03
1.9953e-03 4.9123e-03
2.0438e-03 5.0119e-03
2.1135e-03 5.1322e-03
2.1996e-03 5.3088e-03
2.2387e-03 5.3764e-03
2.3591e-03 5.6234e-03
2.3714e-03 5.6446e-03
2.5119e-03 5.9081e-03
2.5357e-03 5.9566e-03
2.6607e-03 6.1715e-03
2.7284e-03 6.3096e-03
2.8184e-03 6.4642e-03
2.9258e-03 6.6834e-03
2.9854e-03 6.7858e-03
3.1292e-03 7.0795e-03
3.1623e-03 7.1362e-03
3.3399e-03 7.4989e-03
3.3497e-03 7.5156e-03
3.5481e-03 7.8822e-03
3.5784e-03 7.9433e-03
3.7584e-03 8.2497e-03
3.8396e-03 8.4140e-03
3.9811e-03 8.6548e-03
4.1085e-03 8.9125e-03
4.2170e-03 9.0971e-03
4.3868e-03 9.4406e-03
4.4668e-03 9.5769e-03
4.6760e-03 1.0000e-02
4.7315e-03 1.0094e-02
4.9778e-03 1.0593e-02
5.0119e-03 1.0651e-02
5.2935e-03 1.1220e-02
5.3088e-03 1.1246e-02
5.6234e-03 1.1874e-02
5.6292e-03 1.1885e-02
5.9566e-03 1.2431e-02
6.0367e-03 1.2589e-02
6.3096e-03 1.3044e-02
6.4566e-03 1.3335e-02
6.6834e-03 1.3713e-02
6.8915e-03 1.4125e-02
7.0795e-03 1.4439e-02
7.3439e-03 1.4962e-02
7.4989e-03 1.5221e-02
7.8160e-03 1.5849e-02
7.9433e-03 1.6061e-02
8.3103e-03 1.6788e-02
8.4140e-03 1.6961e-02
8.8290e-03 1.7783e-02
8.9125e-03 1.7922e-02
9.3742e-03 1.8836e-02
9.4406e-03 1.8947e-02
9.9482e-03 1.9953e-02
1.0000e-02 2.0039e-02
1.0553e-02 2.1135e-02
1.0593e-02 2.1200e-02
1.1192e-02 2.2387e-02
1.1220e-02 2.2435e-02
1.1866e-02 2.3714e-02
1.1885e-02 2.3745e-02
1.2578e-02 2.5119e-02
1.2589e-02 2.5137e-02
1.3332e-02 2.6607e-02
1.3335e-02 2.6613e-02
1.4125e-02 2.8028e-02
1.4200e-02 2.6607e-02
1.4125e-02 2.6441e-02
1.3424e-02 2.5119e-02
1.3335e-02 2.4920e-02
1.2695e-02 2.3714e-02
1.2589e-02 2.3477e-02
1.2011e-02 2.2387e-02
1.1885e-02 2.2105e-02
1.1370e-02 2.1135e-02
1.1220e-02 2.0799e-02
1.0771e-02 1.9953e-02
1.0593e-02 1.9552e-02
1.0213e-02 1.8836e-02
1.0000e-02 1.8360e-02
9.6937e-03 1.7783e-02
9.4406e-03 1.7216e-02
9.2136e-03 1.6788e-02
8.9125e-03 1.6114e-02
8.7720e-03 1.5849e-02
8.4140e-03 1.5047e-02
8.3691e-03 1.4962e-02
7.9496e-03 1.4125e-02
7.9433e-03 1.4112e-02
7.5176e-03 1.3335e-02
7.4989e-03 1.3295e-02
7.1122e-03 1.2589e-02
7.0795e-03 1.2518e-02
6.7323e-03 1.1885e-02
6.6834e-03 1.1779e-02
6.3770e-03 1.1220e-02
6.3096e-03 1.1074e-02
6.0456e-03 1.0593e-02
5.9566e-03 1.0400e-02
5.7376e-03 1.0000e-02
5.6234e-03 9.7526e-03
5.4524e-03 9.4406e-03
5.3088e-03 9.1294e-03
5.1899e-03 8.9125e-03
5.0119e-03 8.5265e-03
4.9502e-03 8.4140e-03
4.7320e-03 7.9433e-03
4.7315e-03 7.9423e-03
4.4853e-03 7.4989e-03
4.4668e-03 7.4594e-03
4.2559e-03 7.0795e-03
4.2170e-03 6.9962e-03
4.0433e-03 6.6834e-03
3.9811e-03 6.5503e-03
3.8474e-03 6.3096e-03
3.7584e-03 6.1190e-03
3.6682e-03 5.9566e-03
3.5481e-03 5.6996e-03
3.5058e-03 5.6234e-03
3.3537e-03 5.3088e-03
3.3497e-03 5.3002e-03
3.1885e-03 5.0119e-03
3.1623e-03 4.9561e-03
3.0367e-03 4.7315e-03
2.9854e-03 4.6223e-03
2.8985e-03 4.4668e-03
2.8184e-03 4.2965e-03
2.7740e-03 4.2170e-03
2.6620e-03 3.9811e-03
2.6607e-03 3.9784e-03
2.5373e-03 3.7584e-03
2.5119e-03 3.7046e-03
2.4241e-03 3.5481e-03
2.3714e-03 3.4364e-03
2.3227e-03 3.3497e-03
2.2387e-03 3.1718e-03
2.2334e-03 3.1623e-03
2.1359e-03 2.9854e-03
2.1135e-03 2.9379e-03
2.0462e-03 2.8184e-03
1.9953e-03 2.7106e-03
1.9672e-03 2.6607e-03
1.8925e-03 2.5119e-03
1.8836e-03 2.4933e-03
1.8150e-03 2.3714e-03
1.7783e-03 2.2940e-03
1.7471e-03 2.2387e-03
1.6852e-03 2.1135e-03
1.6788e-03 2.0999e-03
1.6198e-03 1.9953e-03
1.5849e-03 1.9218e-03
1.5634e-03 1.8836e-03
1.5091e-03 1.7783e-03
1.4962e-03 1.7511e-03
1.4554e-03 1.6788e-03
1.4125e-03 1.5886e-03
1.4104e-03 1.5849e-03
1.3608e-03 1.4962e-03
1.3335e-03 1.4389e-03
1.3186e-03 1.4125e-03
1.2768e-03 1.3335e-03
1.2589e-03 1.2960e-03
1.2379e-03 1.2589e-03
1.2017e-03 1.1885e-03
1.1885e-03 1.1608e-03
1.1666e-03 1.1220e-03
1.1344e-03 1.0593e-03
1.1220e-03 1.0333e-03
1.1032e-03 1.0000e-03
1.0741e-03 9.4406e-04
1.0593e-03 9.1284e-04
1.0470e-03 8.9125e-04
1.0203e-03 8.4140e-04
1.0000e-03 7.9876e-04
9.9749e-04 7.9433e-04
9.7259e-04 7.4989e-04
9.5169e-04 7.0795e-04
9.4406e-04 6.9194e-04
9.3068e-04 6.6834e-04
9.1077e-04 6.3096e-04
8.9370e-04 5.9566e-04
8.9125e-04 5.9054e-04
8.7526e-04 5.6234e-04
8.5872e-04 5.3088e-04
8.4431e-04 5.0119e-04
8.4140e-04 4.9509e-04
8.2895e-04 4.7315e-04
8.1479e-04 4.4668e-04
8.0232e-04 4.2170e-04
7.9433e-04 4.0496e-04
7.9044e-04 3.9811e-04
7.7803e-04 3.7584e-04
7.6699e-04 3.5481e-04
7.5713e-04 3.3497e-04
7.4989e-04 3.1982e-04
7.4785e-04 3.1623e-04
7.3791e-04 2.9854e-04
7.2896e-04 2.8184e-04
7.2087e-04 2.6607e-04
7.1354e-04 2.5119e-04
7.0795e-04 2.3949e-04
7.0661e-04 2.3714e-04
6.9913e-04 2.2387e-04
6.9231e-04 2.1135e-04
6.8609e-04 1.9953e-04
6.8039e-04 1.8836e-04
6.7516e-04 1.7783e-04
6.7035e-04 1.6788e-04
6.6834e-04 1.6367e-04
6.6540e-04 1.5849e-04
6.6043e-04 1.4962e-04
6.5586e-04 1.4125e-04
6.5163e-04 1.3335e-04
6.4773e-04 1.2589e-04
6.4411e-04 1.1885e-04
6.4076e-04 1.1220e-04
6.3765e-04 1.0593e-04
6.3476e-04 1.0000e-04
6.3207e-04 9.4406e-05
6.3096e-04 9.2087e-05
6.2927e-04 8.9125e-05
6.2647e-04 8.4140e-05
6.2385e-04 7.9433e-05
6.2141e-04 7.4989e-05
6.1913e-04 7.0795e-05
6.1701e-04 6.6834e-05
6.1503e-04 6.3096e-05
6.1317e-04 5.9566e-05
6.1144e-04 5.6234e-05
6.0981e-04 5.3088e-05
6.0829e-04 5.0119e-05
6.0687e-04 4.7315e-05
6.0553e-04 4.4668e-05
6.0428e-04 4.2170e-05
6.0311e-04 3.9811e-05
6.0201e-04 3.7584e-05
6.0097e-04 3.5481e-05
6.0000e-04 3.3497e-05
5.9909e-04 3.1623e-05
5.9823e-04 2.9854e-05
5.9742e-04 2.8184e-05
5.9666e-04 2.6607e-05
5.9595e-04 2.5119e-05
5.9566e-04 2.4515e-05
5.9521e-04 2.3714e-05
5.9445e-04 2.2387e-05
5.9375e-04 2.1135e-05
5.9308e-04 1.9953e-05
5.9246e-04 1.8836e-05
5.9187e-04 1.7783e-05
5.9131e-04 1.6788e-05
5.9079e-04 1.5849e-05
5.9030e-04 1.4962e-05
5.8983e-04 1.4125e-05
5.8940e-04 1.3335e-05
5.8899e-04 1.2589e-05
5.8860e-04 1.1885e-05
5.8823e-04 1.1220e-05
5.8789e-04 1.0593e-05
5.8756e-04 1.0000e-05
5.8726e-04 9.4406e-06
5.8697e-04 8.9125e-06
5.8670e-04 8.4140e-06
5.8644e-04 7.9433e-06
5.8620e-04 7.4989e-06
5.8597e-04 7.0795e-06
5.8576e-04 6.6834e-06
5.8556e-04 6.3096e-06
5.8537e-04 5.9566e-06
5.8519e-04 5.6234e-06
5.8502e-04 5.3088e-06
5.8486e-04 5.0119e-06
5.8471e-04 4.7315e-06
5.8456e-04 4.4668e-06
5.8443e-04 4.2170e-06
5.8430e-04 3.9811e-06
5.8418e-04 3.7584e-06
5.8407e-04 3.5481e-06
5.8396e-04 3.3497e-06
5.8386e-04 3.1623e-06
5.8377e-04 2.9854e-06
5.8368e-04 2.8184e-06
5.8359e-04 2.6607e-06
5.8351e-04 2.5119e-06
5.8344e-04 2.3714e-06
5.8337e-04 2.2387e-06
5.8330e-04 2.1135e-06
5.8324e-04 1.9953e-06
5.8318e-04 1.8836e-06
5.8312e-04 1.7783e-06
5.8307e-04 1.6788e-06
5.8302e-04 1.5849e-06
5.8297e-04 1.4962e-06
5.8293e-04 1.4125e-06
5.8288e-04 1.3335e-06
5.8284e-04 1.2589e-06
5.8281e-04 1.1885e-06
5.8277e-04 1.1220e-06
5.8274e-04 1.0593e-06
5.8271e-04 1.0000e-06
5.8268e-04 9.4406e-07
5.8265e-04 8.9125e-07
5.8262e-04 8.4140e-07
5.8260e-04 7.9433e-07
5.8257e-04 7.4989e-07
5.8255e-04 7.0795e-07
5.8253e-04 6.6834e-07
5.8251e-04 6.3096e-07
5.8249e-04 5.9566e-07
5.8247e-04 5.6234e-07
5.8246e-04 5.3088e-07
5.8244e-04 5.0119e-07
5.8242e-04 4.7315e-07
5.8241e-04 4.4668e-07
5.8240e-04 4.2170e-07
5.8238e-04 3.9811e-07
5.8237e-04 3.7584e-07
5.8236e-04 3.5481e-07
5.8235e-04 3.3497e-07
5.8234e-04 3.1623e-07
5.8233e-04 2.9854e-07
5.8232e-04 2.8184e-07
5.8231e-04 2.6607e-07
5.8231e-04 2.5119e-07
5.8230e-04 2.3714e-07
5.8229e-04 2.2387e-07
5.8229e-04 2.1135e-07
5.8228e-04 1.9953e-07
5.8227e-04 1.8836e-07
5.8227e-04 1.7783e-07
5.8226e-04 1.6788e-07
5.8226e-04 1.5849e-07
5.8225e-04 1.4962e-07
5.8225e-04 1.4125e-07
5.8224e-04 1.3335e-07
5.8224e-04 1.2589e-07
5.8224e-04 1.1885e-07
5.8223e-04 1.1220e-07
5.8223e-04 1.0593e-07
5.8223e-04 1.0000e-07
5.8222e-04 9.4406e-08
5.8222e-04 8.9125e-08
5.8222e-04 8.4140e-08
5.8222e-04 7.9433e-08
5.8221e-04 7.4989e-08
5.8221e-04 7.0795e-08
5.8221e-04 6.6834e-08
5.8221e-04 6.3096e-08
5.8220e-04 5.9566e-08
5.8220e-04 5.6234e-08
5.8220e-04 5.3088e-08
5.8220e-04 5.0119e-08
5.8220e-04 4.7315e-08
5.8220e-04 4.4668e-08
5.8220e-04 4.2170e-08
5.8219e-04 3.9811e-08
5.8219e-04 3.7584e-08
5.8219e-04 3.5481e-08
5.8219e-04 3.3497e-08
5.8219e-04 3.1623e-08
5.8219e-04 2.9854e-08
5.8219e-04 2.8184e-08
5.8219e-04 2.6607e-08
5.8219e-04 2.5119e-08
5.8219e-04 2.3714e-08
5.8218e-04 2.2387e-08
5.8218e-04 2.1135e-08
5.8218e-04 1.9953e-08
5.8218e-04 1.8836e-08
5.8218e-04 1.7783e-08
5.8218e-04 1.6788e-08
5.8218e-04 1.5849e-08
5.8218e-04 1.4962e-08
5.8218e-04 1.4125e-08
5.8218e-04 1.3335e-08
5.8218e-04 1.2589e-08
5.8218e-04 1.1885e-08
5.8218e-04 1.1220e-08
5.8218e-04 1.0593e-08
5.8218e-04 1.0000e-08
1.4962e-02 2.8045e-02
1.4209e-02 2.8184e-02
1.4962e-02 2.9372e-02
1.5024e-02 2.8184e-02
1.4962e-02 2.8045e-02
1.5849e-02 2.9738e-02
1.5219e-02 2.9854e-02
1.5849e-02 3.0846e-02
1.5901e-02 2.9854e-02
1.5849e-02 2.9738e-02
1.6788e-02 3.1526e-02
1.6263e-02 3.1623e-02
1.6788e-02 3.2450e-02
1.6831e-02 3.1623e-02
1.6788e-02 3.1526e-02
1.7783e-02 3.3416e-02
1.7347e-02 3.3497e-02
1.7783e-02 3.4184e-02
1.7819e-02 3.3497e-02
1.7783e-02 3.3416e-02
1.8836e-02 3.5414e-02
1.8475e-02 3.5481e-02
1.8836e-02 3.6051e-02
1.8866e-02 3.5481e-02
1.8836e-02 3.5414e-02
1.9953e-02 3.7529e-02
1.9655e-02 3.7584e-02
1.9953e-02 3.8053e-02
1.9977e-02 3.7584e-02
1.9953e-02 3.7529e-02
2.1135e-02 3.9766e-02
2.0891e-02 3.9811e-02
2.1135e-02 4.0196e-02
2.1155e-02 3.9811e-02
2.1135e-02 3.9766e-02
2.2387e-02 4.2133e-02
2.2188e-02 4.2170e-02
2.2387e-02 4.2483e-02
2.2404e-02 4.2170e-02
2.2387e-02 4.2133e-02
2.3714e-02 4.4639e-02
2.3554e-02 4.4668e-02
2.3714e-02 4.4921e-02
2.3727e-02 4.4668e-02
2.3714e-02 4.4639e-02
2.5119e-02 4.7292e-02
2.4992e-02 4.7315e-02
2.5119e-02 4.7515e-02
2.5129e-02 4.7315e-02
2.5119e-02 4.7292e-02
2.6607e-02 5.0100e-02
2.6508e-02 5.0119e-02
2.6607e-02 5.0275e-02
2.6615e-02 5.0119e-02
2.6607e-02 5.0100e-02
2.8184e-02 5.3075e-02
2.8109e-02 5.3088e-02
2.8184e-02 5.3206e-02
2.8190e-02 5.3088e-02
2.8184e-02 5.3075e-02
2.9854e-02 5.6224e-02
2.9800e-02 5.6234e-02
2.9854e-02 5.6319e-02
2.9858e-02 5.6234e-02
2.9854e-02 5.6224e-02
3.1623e-02 5.9559e-02
3.1587e-02 5.9566e-02
3.1623e-02 5.9623e-02
3.1626e-02 5.9566e-02
3.1623e-02 5.9559e-02
3.3497e-02 6.3092e-02
3.3477e-02 6.3096e-02
3.3497e-02 6.3127e-02
3.3498e-02 6.3096e-02
3.3497e-02 6.3092e-02
3.5481e-02 6.6833e-02
3.5475e-02 6.6834e-02
3.5481e-02 6.6844e-02
3.5482e-02 6.6834e-02
3.5481e-02 6.6833e-02
