-3.5 -4 8.26946e-07
-3.5 -3.9 0
-3.5 -3.8 2.48084e-06
-3.5 -3.7 4.13473e-06
-3.5 -3.6 4.13473e-06
-3.5 -3.5 4.96167e-06
-3.5 -3.4 0
-3.5 -3.3 0
-3.5 -3.2 0
-3.5 -3.1 0
-3.5 -3 0
-3.5 -2.9 0
-3.5 -2.8 0
-3.5 -2.7 0
-3.5 -2.6 0
-3.5 -2.5 0
-3.5 -2.4 0
-3.5 -2.3 0
-3.5 -2.2 0
-3.5 -2.1 0
-3.5 -2 0
-3.5 -1.9 0
-3.5 -1.8 0
-3.5 -1.7 0
-3.5 -1.6 0
-3.5 -1.5 0
-3.5 -1.4 0
-3.5 -1.3 0
-3.5 -1.2 0
-3.5 -1.1 0
-3.5 -1 0
-3.5 -0.9 0
-3.5 -0.8 0
-3.5 -0.7 0
-3.5 -0.6 0
-3.5 -0.5 0
-3.5 -0.4 0
-3.5 -0.3 0
-3.5 -0.2 0
-3.5 -0.1 0
-3.5 -2.70617e-16 0
-3.4375 -4 8.26946e-07
-3.4375 -3.9 1.65389e-06
-3.4375 -3.8 3.30778e-06
-3.4375 -3.7 3.30778e-06
-3.4375 -3.6 1.07503e-05
-3.4375 -3.5 9.92335e-06
-3.4375 -3.4 2.48084e-06
-3.4375 -3.3 0
-3.4375 -3.2 0
-3.4375 -3.1 0
-3.4375 -3 0
-3.4375 -2.9 0
-3.4375 -2.8 0
-3.4375 -2.7 0
-3.4375 -2.6 0
-3.4375 -2.5 0
-3.4375 -2.4 0
-3.4375 -2.3 0
-3.4375 -2.2 0
-3.4375 -2.1 0
-3.4375 -2 0
-3.4375 -1.9 0
-3.4375 -1.8 0
-3.4375 -1.7 0
-3.4375 -1.6 0
-3.4375 -1.5 0
-3.4375 -1.4 0
-3.4375 -1.3 0
-3.4375 -1.2 0
-3.4375 -1.1 0
-3.4375 -1 0
-3.4375 -0.9 0
-3.4375 -0.8 0
-3.4375 -0.7 0
-3.4375 -0.6 0
-3.4375 -0.5 0
-3.4375 -0.4 0
-3.4375 -0.3 0
-3.4375 -0.2 0
-3.4375 -0.1 0
-3.4375 -2.70617e-16 0
-3.375 -4 1.65389e-06
-3.375 -3.9 3.30778e-06
-3.375 -3.8 7.44251e-06
-3.375 -3.7 9.92335e-06
-3.375 -3.6 9.0964e-06
-3.375 -3.5 1.40581e-05
-3.375 -3.4 1.98467e-05
-3.375 -3.3 8.26946e-07
-3.375 -3.2 0
-3.375 -3.1 0
-3.375 -3 0
-3.375 -2.9 0
-3.375 -2.8 0
-3.375 -2.7 0
-3.375 -2.6 0
-3.375 -2.5 0
-3.375 -2.4 0
-3.375 -2.3 0
-3.375 -2.2 0
-3.375 -2.1 0
-3.375 -2 0
-3.375 -1.9 0
-3.375 -1.8 0
-3.375 -1.7 0
-3.375 -1.6 0
-3.375 -1.5 0
-3.375 -1.4 0
-3.375 -1.3 0
-3.375 -1.2 0
-3.375 -1.1 0
-3.375 -1 0
-3.375 -0.9 0
-3.375 -0.8 0
-3.375 -0.7 0
-3.375 -0.6 0
-3.375 -0.5 0
-3.375 -0.4 0
-3.375 -0.3 0
-3.375 -0.2 0
-3.375 -0.1 0
-3.375 -2.70617e-16 0
-3.3125 -4 2.48084e-06
-3.3125 -3.9 2.48084e-06
-3.3125 -3.8 3.30778e-06
-3.3125 -3.7 8.26946e-06
-3.3125 -3.6 1.81928e-05
-3.3125 -3.5 1.40581e-05
-3.3125 -3.4 3.88664e-05
-3.3125 -3.3 3.80395e-05
-3.3125 -3.2 0
-3.3125 -3.1 0
-3.3125 -3 0
-3.3125 -2.9 0
-3.3125 -2.8 0
-3.3125 -2.7 0
-3.3125 -2.6 0
-3.3125 -2.5 0
-3.3125 -2.4 0
-3.3125 -2.3 0
-3.3125 -2.2 0
-3.3125 -2.1 0
-3.3125 -2 0
-3.3125 -1.9 0
-3.3125 -1.8 0
-3.3125 -1.7 0
-3.3125 -1.6 0
-3.3125 -1.5 0
-3.3125 -1.4 0
-3.3125 -1.3 0
-3.3125 -1.2 0
-3.3125 -1.1 0
-3.3125 -1 0
-3.3125 -0.9 0
-3.3125 -0.8 0
-3.3125 -0.7 0
-3.3125 -0.6 0
-3.3125 -0.5 0
-3.3125 -0.4 0
-3.3125 -0.3 0
-3.3125 -0.2 0
-3.3125 -0.1 0
-3.3125 -2.70617e-16 0
-3.25 -4 4.13473e-06
-3.25 -3.9 5.78862e-06
-3.25 -3.8 6.61556e-06
-3.25 -3.7 8.26946e-06
-3.25 -3.6 1.90197e-05
-3.25 -3.5 3.30778e-05
-3.25 -3.4 4.30012e-05
-3.25 -3.3 9.75796e-05
-3.25 -3.2 2.72892e-05
-3.25 -3.1 0
-3.25 -3 0
-3.25 -2.9 0
-3.25 -2.8 0
-3.25 -2.7 0
-3.25 -2.6 0
-3.25 -2.5 0
-3.25 -2.4 0
-3.25 -2.3 0
-3.25 -2.2 0
-3.25 -2.1 0
-3.25 -2 0
-3.25 -1.9 0
-3.25 -1.8 0
-3.25 -1.7 0
-3.25 -1.6 0
-3.25 -1.5 0
-3.25 -1.4 0
-3.25 -1.3 0
-3.25 -1.2 0
-3.25 -1.1 0
-3.25 -1 0
-3.25 -0.9 0
-3.25 -0.8 0
-3.25 -0.7 0
-3.25 -0.6 0
-3.25 -0.5 0
-3.25 -0.4 0
-3.25 -0.3 0
-3.25 -0.2 0
-3.25 -0.1 0
-3.25 -2.70617e-16 0
-3.1875 -4 8.26946e-07
-3.1875 -3.9 7.44251e-06
-3.1875 -3.8 1.65389e-06
-3.1875 -3.7 1.15772e-05
-3.1875 -3.6 1.81928e-05
-3.1875 -3.5 2.977e-05
-3.1875 -3.4 6.1194e-05
-3.1875 -3.3 8.93101e-05
-3.1875 -3.2 0.000145542
-3.1875 -3.1 0
-3.1875 -3 0
-3.1875 -2.9 0
-3.1875 -2.8 0
-3.1875 -2.7 0
-3.1875 -2.6 0
-3.1875 -2.5 0
-3.1875 -2.4 0
-3.1875 -2.3 0
-3.1875 -2.2 0
-3.1875 -2.1 0
-3.1875 -2 0
-3.1875 -1.9 0
-3.1875 -1.8 0
-3.1875 -1.7 0
-3.1875 -1.6 0
-3.1875 -1.5 0
-3.1875 -1.4 0
-3.1875 -1.3 0
-3.1875 -1.2 0
-3.1875 -1.1 0
-3.1875 -1 0
-3.1875 -0.9 0
-3.1875 -0.8 0
-3.1875 -0.7 0
-3.1875 -0.6 0
-3.1875 -0.5 0
-3.1875 -0.4 0
-3.1875 -0.3 0
-3.1875 -0.2 0
-3.1875 -0.1 0
-3.1875 -2.70617e-16 0
-3.125 -4 7.44251e-06
-3.125 -3.9 7.44251e-06
-3.125 -3.8 9.92335e-06
-3.125 -3.7 1.07503e-05
-3.125 -3.6 2.15006e-05
-3.125 -3.5 3.96934e-05
-3.125 -3.4 6.53287e-05
-3.125 -3.3 8.93101e-05
-3.125 -3.2 0.000206736
-3.125 -3.1 0.000183582
-3.125 -3 0
-3.125 -2.9 0
-3.125 -2.8 0
-3.125 -2.7 0
-3.125 -2.6 0
-3.125 -2.5 0
-3.125 -2.4 0
-3.125 -2.3 0
-3.125 -2.2 0
-3.125 -2.1 0
-3.125 -2 0
-3.125 -1.9 0
-3.125 -1.8 0
-3.125 -1.7 0
-3.125 -1.6 0
-3.125 -1.5 0
-3.125 -1.4 0
-3.125 -1.3 0
-3.125 -1.2 0
-3.125 -1.1 0
-3.125 -1 0
-3.125 -0.9 0
-3.125 -0.8 0
-3.125 -0.7 0
-3.125 -0.6 0
-3.125 -0.5 0
-3.125 -0.4 0
-3.125 -0.3 0
-3.125 -0.2 0
-3.125 -0.1 0
-3.125 -2.70617e-16 0
-3.0625 -4 5.78862e-06
-3.0625 -3.9 4.96167e-06
-3.0625 -3.8 9.92335e-06
-3.0625 -3.7 1.5712e-05
-3.0625 -3.6 2.23275e-05
-3.0625 -3.5 4.13473e-05
-3.0625 -3.4 5.70592e-05
-3.0625 -3.3 0.000102541
-3.0625 -3.2 0.000210044
-3.0625 -3.1 0.000541649
-3.0625 -3 6.86365e-05
-3.0625 -2.9 0
-3.0625 -2.8 0
-3.0625 -2.7 0
-3.0625 -2.6 0
-3.0625 -2.5 0
-3.0625 -2.4 0
-3.0625 -2.3 0
-3.0625 -2.2 0
-3.0625 -2.1 0
-3.0625 -2 0
-3.0625 -1.9 0
-3.0625 -1.8 0
-3.0625 -1.7 0
-3.0625 -1.6 0
-3.0625 -1.5 0
-3.0625 -1.4 0
-3.0625 -1.3 0
-3.0625 -1.2 0
-3.0625 -1.1 0
-3.0625 -1 0
-3.0625 -0.9 0
-3.0625 -0.8 0
-3.0625 -0.7 0
-3.0625 -0.6 0
-3.0625 -0.5 0
-3.0625 -0.4 0
-3.0625 -0.3 0
-3.0625 -0.2 0
-3.0625 -0.1 0
-3.0625 -2.70617e-16 0
-3 -4 3.30778e-06
-3 -3.9 1.07503e-05
-3 -3.8 1.07503e-05
-3 -3.7 1.32311e-05
-3 -3.6 2.64623e-05
-3 -3.5 6.36748e-05
-3 -3.4 6.45018e-05
-3 -3.3 0.000105022
-3 -3.2 0.00018689
-3 -3.1 0.000420088
-3 -3 0.000826119
-3 -2.9 0
-3 -2.8 0
-3 -2.7 0
-3 -2.6 0
-3 -2.5 0
-3 -2.4 0
-3 -2.3 0
-3 -2.2 0
-3 -2.1 0
-3 -2 0
-3 -1.9 0
-3 -1.8 0
-3 -1.7 0
-3 -1.6 0
-3 -1.5 0
-3 -1.4 0
-3 -1.3 0
-3 -1.2 0
-3 -1.1 0
-3 -1 0
-3 -0.9 0
-3 -0.8 0
-3 -0.7 0
-3 -0.6 0
-3 -0.5 0
-3 -0.4 0
-3 -0.3 0
-3 -0.2 0
-3 -0.1 0
-3 -2.70617e-16 0
-2.9375 -4 8.26946e-06
-2.9375 -3.9 1.24042e-05
-2.9375 -3.8 1.32311e-05
-2.9375 -3.7 2.15006e-05
-2.9375 -3.6 3.14239e-05
-2.9375 -3.5 4.30012e-05
-2.9375 -3.4 8.76562e-05
-2.9375 -3.3 0.000111638
-2.9375 -3.2 0.000212525
-2.9375 -3.1 0.000401069
-2.9375 -3 0.00112382
-2.9375 -2.9 0.000625998
-2.9375 -2.8 0
-2.9375 -2.7 0
-2.9375 -2.6 0
-2.9375 -2.5 0
-2.9375 -2.4 0
-2.9375 -2.3 0
-2.9375 -2.2 0
-2.9375 -2.1 0
-2.9375 -2 0
-2.9375 -1.9 0
-2.9375 -1.8 0
-2.9375 -1.7 0
-2.9375 -1.6 0
-2.9375 -1.5 0
-2.9375 -1.4 0
-2.9375 -1.3 0
-2.9375 -1.2 0
-2.9375 -1.1 0
-2.9375 -1 0
-2.9375 -0.9 0
-2.9375 -0.8 0
-2.9375 -0.7 0
-2.9375 -0.6 0
-2.9375 -0.5 0
-2.9375 -0.4 0
-2.9375 -0.3 0
-2.9375 -0.2 0
-2.9375 -0.1 0
-2.9375 -2.70617e-16 0
-2.875 -4 6.61556e-06
-2.875 -3.9 9.92335e-06
-2.875 -3.8 1.32311e-05
-2.875 -3.7 2.15006e-05
-2.875 -3.6 3.63856e-05
-2.875 -3.5 6.1194e-05
-2.875 -3.4 9.34449e-05
-2.875 -3.3 0.000143889
-2.875 -3.2 0.000237333
-2.875 -3.1 0.00038453
-2.875 -3 0.000823638
-2.875 -2.9 0.00232372
-2.875 -2.8 6.20209e-05
-2.875 -2.7 0
-2.875 -2.6 0
-2.875 -2.5 0
-2.875 -2.4 0
-2.875 -2.3 0
-2.875 -2.2 0
-2.875 -2.1 0
-2.875 -2 0
-2.875 -1.9 0
-2.875 -1.8 0
-2.875 -1.7 0
-2.875 -1.6 0
-2.875 -1.5 0
-2.875 -1.4 0
-2.875 -1.3 0
-2.875 -1.2 0
-2.875 -1.1 0
-2.875 -1 0
-2.875 -0.9 0
-2.875 -0.8 0
-2.875 -0.7 0
-2.875 -0.6 0
-2.875 -0.5 0
-2.875 -0.4 0
-2.875 -0.3 0
-2.875 -0.2 0
-2.875 -0.1 0
-2.875 -2.70617e-16 0
-2.8125 -4 7.44251e-06
-2.8125 -3.9 1.24042e-05
-2.8125 -3.8 1.5712e-05
-2.8125 -3.7 1.90197e-05
-2.8125 -3.6 3.0597e-05
-2.8125 -3.5 7.6079e-05
-2.8125 -3.4 0.000100887
-2.8125 -3.3 0.000168697
-2.8125 -3.2 0.00022741
-2.8125 -3.1 0.000397761
-2.8125 -3 0.000695461
-2.8125 -2.9 0.0018383
-2.8125 -2.8 0.00275786
-2.8125 -2.7 0
-2.8125 -2.6 0
-2.8125 -2.5 0
-2.8125 -2.4 0
-2.8125 -2.3 0
-2.8125 -2.2 0
-2.8125 -2.1 0
-2.8125 -2 0
-2.8125 -1.9 0
-2.8125 -1.8 0
-2.8125 -1.7 0
-2.8125 -1.6 0
-2.8125 -1.5 0
-2.8125 -1.4 0
-2.8125 -1.3 0
-2.8125 -1.2 0
-2.8125 -1.1 0
-2.8125 -1 0
-2.8125 -0.9 0
-2.8125 -0.8 0
-2.8125 -0.7 0
-2.8125 -0.6 0
-2.8125 -0.5 0
-2.8125 -0.4 0
-2.8125 -0.3 0
-2.8125 -0.2 0
-2.8125 -0.1 0
-2.8125 -2.70617e-16 0
-2.75 -4 6.61556e-06
-2.75 -3.9 9.0964e-06
-2.75 -3.8 1.24042e-05
-2.75 -3.7 2.23275e-05
-2.75 -3.6 4.21742e-05
-2.75 -3.5 6.53287e-05
-2.75 -3.4 9.75796e-05
-2.75 -3.3 0.000175312
-2.75 -3.2 0.000233199
-2.75 -3.1 0.000390318
-2.75 -3 0.000726058
-2.75 -2.9 0.00144715
-2.75 -2.8 0.00484673
-2.75 -2.7 0.00160593
-2.75 -2.6 0
-2.75 -2.5 0
-2.75 -2.4 0
-2.75 -2.3 0
-2.75 -2.2 0
-2.75 -2.1 0
-2.75 -2 0
-2.75 -1.9 0
-2.75 -1.8 0
-2.75 -1.7 0
-2.75 -1.6 0
-2.75 -1.5 0
-2.75 -1.4 0
-2.75 -1.3 0
-2.75 -1.2 0
-2.75 -1.1 0
-2.75 -1 0
-2.75 -0.9 0
-2.75 -0.8 0
-2.75 -0.7 0
-2.75 -0.6 0
-2.75 -0.5 0
-2.75 -0.4 0
-2.75 -0.3 0
-2.75 -0.2 0
-2.75 -0.1 0
-2.75 -2.70617e-16 0
-2.6875 -4 5.78862e-06
-2.6875 -3.9 1.32311e-05
-2.6875 -3.8 1.65389e-05
-2.6875 -3.7 2.64623e-05
-2.6875 -3.6 3.72126e-05
-2.6875 -3.5 6.94634e-05
-2.6875 -3.4 0.000103368
-2.6875 -3.3 0.000181101
-2.6875 -3.2 0.000260488
-2.6875 -3.1 0.000441589
-2.6875 -3 0.00066073
-2.6875 -2.9 0.00125778
-2.6875 -2.8 0.00302001
-2.6875 -2.7 0.00800401
-2.6875 -2.6 0
-2.6875 -2.5 0
-2.6875 -2.4 0
-2.6875 -2.3 0
-2.6875 -2.2 0
-2.6875 -2.1 0
-2.6875 -2 0
-2.6875 -1.9 0
-2.6875 -1.8 0
-2.6875 -1.7 0
-2.6875 -1.6 0
-2.6875 -1.5 0
-2.6875 -1.4 0
-2.6875 -1.3 0
-2.6875 -1.2 0
-2.6875 -1.1 0
-2.6875 -1 0
-2.6875 -0.9 0
-2.6875 -0.8 0
-2.6875 -0.7 0
-2.6875 -0.6 0
-2.6875 -0.5 0
-2.6875 -0.4 0
-2.6875 -0.3 0
-2.6875 -0.2 0
-2.6875 -0.1 0
-2.6875 -2.70617e-16 0
-2.625 -4 7.44251e-06
-2.625 -3.9 7.44251e-06
-2.625 -3.8 1.73659e-05
-2.625 -3.7 1.81928e-05
-2.625 -3.6 4.6309e-05
-2.625 -3.5 7.19443e-05
-2.625 -3.4 0.000109157
-2.625 -3.3 0.000175312
-2.625 -3.2 0.00026793
-2.625 -3.1 0.0004143
-2.625 -3 0.000723577
-2.625 -2.9 0.00124703
-2.625 -2.8 0.00243701
-2.625 -2.7 0.00771954
-2.625 -2.6 0.00751363
-2.625 -2.5 0
-2.625 -2.4 0
-2.625 -2.3 0
-2.625 -2.2 0
-2.625 -2.1 0
-2.625 -2 0
-2.625 -1.9 0
-2.625 -1.8 0
-2.625 -1.7 0
-2.625 -1.6 0
-2.625 -1.5 0
-2.625 -1.4 0
-2.625 -1.3 0
-2.625 -1.2 0
-2.625 -1.1 0
-2.625 -1 0
-2.625 -0.9 0
-2.625 -0.8 0
-2.625 -0.7 0
-2.625 -0.6 0
-2.625 -0.5 0
-2.625 -0.4 0
-2.625 -0.3 0
-2.625 -0.2 0
-2.625 -0.1 0
-2.625 -2.70617e-16 0
-2.5625 -4 6.61556e-06
-2.5625 -3.9 9.92335e-06
-2.5625 -3.8 2.39814e-05
-2.5625 -3.7 2.81162e-05
-2.5625 -3.6 5.29245e-05
-2.5625 -3.5 5.20976e-05
-2.5625 -3.4 0.000114945
-2.5625 -3.3 0.000168697
-2.5625 -3.2 0.000268757
-2.5625 -3.1 0.000436627
-2.5625 -3 0.000702407
-2.5625 -2.9 0.00120238
-2.5625 -2.8 0.00222118
-2.5625 -2.7 0.00488973
-2.5625 -2.6 0.0171905
-2.5625 -2.5 0.00234356
-2.5625 -2.4 0
-2.5625 -2.3 0
-2.5625 -2.2 0
-2.5625 -2.1 0
-2.5625 -2 0
-2.5625 -1.9 0
-2.5625 -1.8 0
-2.5625 -1.7 0
-2.5625 -1.6 0
-2.5625 -1.5 0
-2.5625 -1.4 0
-2.5625 -1.3 0
-2.5625 -1.2 0
-2.5625 -1.1 0
-2.5625 -1 0
-2.5625 -0.9 0
-2.5625 -0.8 0
-2.5625 -0.7 0
-2.5625 -0.6 0
-2.5625 -0.5 0
-2.5625 -0.4 0
-2.5625 -0.3 0
-2.5625 -0.2 0
-2.5625 -0.1 0
-2.5625 -2.70617e-16 0
-2.5 -4 9.0964e-06
-2.5 -3.9 1.73659e-05
-2.5 -3.8 1.4885e-05
-2.5 -3.7 2.977e-05
-2.5 -3.6 3.88664e-05
-2.5 -3.5 6.1194e-05
-2.5 -3.4 9.67526e-05
-2.5 -3.3 0.000181928
-2.5 -3.2 0.000253872
-2.5 -3.1 0.00042505
-2.5 -3 0.000699596
-2.5 -2.9 0.00115309
-2.5 -2.8 0.00195242
-2.5 -2.7 0.00402011
-2.5 -2.6 0.0106544
-2.5 -2.5 0.0223482
-2.5 -2.4 0
-2.5 -2.3 0
-2.5 -2.2 0
-2.5 -2.1 0
-2.5 -2 0
-2.5 -1.9 0
-2.5 -1.8 0
-2.5 -1.7 0
-2.5 -1.6 0
-2.5 -1.5 0
-2.5 -1.4 0
-2.5 -1.3 0
-2.5 -1.2 0
-2.5 -1.1 0
-2.5 -1 0
-2.5 -0.9 0
-2.5 -0.8 0
-2.5 -0.7 0
-2.5 -0.6 0
-2.5 -0.5 0
-2.5 -0.4 0
-2.5 -0.3 0
-2.5 -0.2 0
-2.5 -0.1 0
-2.5 -2.70617e-16 0
-2.4375 -4 3.30778e-06
-2.4375 -3.9 1.32311e-05
-2.4375 -3.8 1.40581e-05
-2.4375 -3.7 3.14239e-05
-2.4375 -3.6 4.13473e-05
-2.4375 -3.5 5.45784e-05
-2.4375 -3.4 0.000112465
-2.4375 -3.3 0.000155466
-2.4375 -3.2 0.00030597
-2.4375 -3.1 0.000431995
-2.4375 -3 0.000678922
-2.4375 -2.9 0.00110976
-2.4375 -2.8 0.00178322
-2.4375 -2.7 0.00355206
-2.4375 -2.6 0.00759169
-2.4375 -2.5 0.0275067
-2.4375 -2.4 0.0152696
-2.4375 -2.3 0
-2.4375 -2.2 0
-2.4375 -2.1 0
-2.4375 -2 0
-2.4375 -1.9 0
-2.4375 -1.8 0
-2.4375 -1.7 0
-2.4375 -1.6 0
-2.4375 -1.5 0
-2.4375 -1.4 0
-2.4375 -1.3 0
-2.4375 -1.2 0
-2.4375 -1.1 0
-2.4375 -1 0
-2.4375 -0.9 0
-2.4375 -0.8 0
-2.4375 -0.7 0
-2.4375 -0.6 0
-2.4375 -0.5 0
-2.4375 -0.4 0
-2.4375 -0.3 0
-2.4375 -0.2 0
-2.4375 -0.1 0
-2.4375 -2.70617e-16 0
-2.375 -4 3.30778e-06
-2.375 -3.9 1.65389e-05
-2.375 -3.8 1.32311e-05
-2.375 -3.7 1.98467e-05
-2.375 -3.6 3.80395e-05
-2.375 -3.5 6.36748e-05
-2.375 -3.4 8.68293e-05
-2.375 -3.3 0.000164892
-2.375 -3.2 0.000230718
-2.375 -3.1 0.000399415
-2.375 -3 0.000644191
-2.375 -2.9 0.00103484
-2.375 -2.8 0.0017389
-2.375 -2.7 0.00302066
-2.375 -2.6 0.00637161
-2.375 -2.5 0.0160796
-2.375 -2.4 0.0500954
-2.375 -2.3 0.00127846
-2.375 -2.2 0
-2.375 -2.1 0
-2.375 -2 0
-2.375 -1.9 0
-2.375 -1.8 0
-2.375 -1.7 0
-2.375 -1.6 0
-2.375 -1.5 0
-2.375 -1.4 0
-2.375 -1.3 0
-2.375 -1.2 0
-2.375 -1.1 0
-2.375 -1 0
-2.375 -0.9 0
-2.375 -0.8 0
-2.375 -0.7 0
-2.375 -0.6 0
-2.375 -0.5 0
-2.375 -0.4 0
-2.375 -0.3 0
-2.375 -0.2 0
-2.375 -0.1 0
-2.375 -2.70617e-16 0
-2.3125 -4 2.48084e-06
-2.3125 -3.9 6.94527e-06
-2.3125 -3.8 1.40581e-05
-2.3125 -3.7 2.31545e-05
-2.3125 -3.6 4.79628e-05
-2.3125 -3.5 7.27712e-05
-2.3125 -3.4 9.79093e-05
-2.3125 -3.3 0.000140581
-2.3125 -3.2 0.000231874
-2.3125 -3.1 0.000425877
-2.3125 -3 0.000611443
-2.3125 -2.9 0.00101433
-2.3125 -2.8 0.00161519
-2.3125 -2.7 0.00287545
-2.3125 -2.6 0.00551986
-2.3125 -2.5 0.0123471
-2.3125 -2.4 0.0347764
-2.3125 -2.3 0.0517352
-2.3125 -2.2 0
-2.3125 -2.1 0
-2.3125 -2 0
-2.3125 -1.9 0
-2.3125 -1.8 0
-2.3125 -1.7 0
-2.3125 -1.6 0
-2.3125 -1.5 0
-2.3125 -1.4 0
-2.3125 -1.3 0
-2.3125 -1.2 0
-2.3125 -1.1 0
-2.3125 -1 0
-2.3125 -0.9 0
-2.3125 -0.8 0
-2.3125 -0.7 0
-2.3125 -0.6 0
-2.3125 -0.5 0
-2.3125 -0.4 0
-2.3125 -0.3 0
-2.3125 -0.2 0
-2.3125 -0.1 0
-2.3125 -2.70617e-16 0
-2.25 -4 4.13473e-06
-2.25 -3.9 9.92335e-06
-2.25 -3.8 1.32311e-05
-2.25 -3.7 2.72892e-05
-2.25 -3.6 4.21742e-05
-2.25 -3.5 6.36748e-05
-2.25 -3.4 0.000104195
-2.25 -3.3 0.00013016
-2.25 -3.2 0.000242295
-2.25 -3.1 0.000343015
-2.25 -3 0.000598703
-2.25 -2.9 0.00095049
-2.25 -2.8 0.00154092
-2.25 -2.7 0.00265036
-2.25 -2.6 0.00472334
-2.25 -2.5 0.0103141
-2.25 -2.4 0.0242675
-2.25 -2.3 0.0818588
-2.25 -2.2 0.024426
-2.25 -2.1 0
-2.25 -2 0
-2.25 -1.9 0
-2.25 -1.8 0
-2.25 -1.7 0
-2.25 -1.6 0
-2.25 -1.5 0
-2.25 -1.4 0
-2.25 -1.3 0
-2.25 -1.2 0
-2.25 -1.1 0
-2.25 -1 0
-2.25 -0.9 0
-2.25 -0.8 0
-2.25 -0.7 0
-2.25 -0.6 0
-2.25 -0.5 0
-2.25 -0.4 0
-2.25 -0.3 0
-2.25 -0.2 0
-2.25 -0.1 0
-2.25 -2.70617e-16 0
-2.1875 -4 4.13473e-06
-2.1875 -3.9 4.13473e-06
-2.1875 -3.8 1.32311e-05
-2.1875 -3.7 1.90197e-05
-2.1875 -3.6 3.14239e-05
-2.1875 -3.5 5.12706e-05
-2.1875 -3.4 7.27712e-05
-2.1875 -3.3 0.000145045
-2.1875 -3.2 0.000226583
-2.1875 -3.1 0.000355587
-2.1875 -3 0.000529407
-2.1875 -2.9 0.0009017
-2.1875 -2.8 0.00141159
-2.1875 -2.7 0.00233545
-2.1875 -2.6 0.0041787
-2.1875 -2.5 0.00849751
-2.1875 -2.4 0.0192521
-2.1875 -2.3 0.0481055
-2.1875 -2.2 0.118606
-2.1875 -2.1 0
-2.1875 -2 0
-2.1875 -1.9 0
-2.1875 -1.8 0
-2.1875 -1.7 0
-2.1875 -1.6 0
-2.1875 -1.5 0
-2.1875 -1.4 0
-2.1875 -1.3 0
-2.1875 -1.2 0
-2.1875 -1.1 0
-2.1875 -1 0
-2.1875 -0.9 0
-2.1875 -0.8 0
-2.1875 -0.7 0
-2.1875 -0.6 0
-2.1875 -0.5 0
-2.1875 -0.4 0
-2.1875 -0.3 0
-2.1875 -0.2 0
-2.1875 -0.1 0
-2.1875 -2.70617e-16 0
-2.125 -4 1.65389e-06
-2.125 -3.9 9.0964e-06
-2.125 -3.8 1.07503e-05
-2.125 -3.7 2.23275e-05
-2.125 -3.6 2.39814e-05
-2.125 -3.5 5.57351e-05
-2.125 -3.4 7.27712e-05
-2.125 -3.3 0.000143889
-2.125 -3.2 0.000219968
-2.125 -3.1 0.000322012
-2.125 -3 0.000515847
-2.125 -2.9 0.000801137
-2.125 -2.8 0.00132012
-2.125 -2.7 0.00214045
-2.125 -2.6 0.00363308
-2.125 -2.5 0.0073019
-2.125 -2.4 0.0157157
-2.125 -2.3 0.0363253
-2.125 -2.2 0.107652
-2.125 -2.1 0.0971882
-2.125 -2 0
-2.125 -1.9 0
-2.125 -1.8 0
-2.125 -1.7 0
-2.125 -1.6 0
-2.125 -1.5 0
-2.125 -1.4 0
-2.125 -1.3 0
-2.125 -1.2 0
-2.125 -1.1 0
-2.125 -1 0
-2.125 -0.9 0
-2.125 -0.8 0
-2.125 -0.7 0
-2.125 -0.6 0
-2.125 -0.5 0
-2.125 -0.4 0
-2.125 -0.3 0
-2.125 -0.2 0
-2.125 -0.1 0
-2.125 -2.70617e-16 0
-2.0625 -4 3.63749e-06
-2.0625 -3.9 8.26946e-06
-2.0625 -3.8 9.92335e-06
-2.0625 -3.7 1.32311e-05
-2.0625 -3.6 2.64623e-05
-2.0625 -3.5 5.20976e-05
-2.0625 -3.4 8.96398e-05
-2.0625 -3.3 0.000106676
-2.0625 -3.2 0.000183582
-2.0625 -3.1 0.000325811
-2.0625 -3 0.000496492
-2.0625 -2.9 0.000730685
-2.0625 -2.8 0.00123249
-2.0625 -2.7 0.00195457
-2.0625 -2.6 0.0032034
-2.0625 -2.5 0.00635123
-2.0625 -2.4 0.0132908
-2.0625 -2.3 0.0296409
-2.0625 -2.2 0.0686791
-2.0625 -2.1 0.209269
-2.0625 -2 0.026492
-2.0625 -1.9 0
-2.0625 -1.8 0
-2.0625 -1.7 0
-2.0625 -1.6 0
-2.0625 -1.5 0
-2.0625 -1.4 0
-2.0625 -1.3 0
-2.0625 -1.2 0
-2.0625 -1.1 0
-2.0625 -1 0
-2.0625 -0.9 0
-2.0625 -0.8 0
-2.0625 -0.7 0
-2.0625 -0.6 0
-2.0625 -0.5 0
-2.0625 -0.4 0
-2.0625 -0.3 0
-2.0625 -0.2 0
-2.0625 -0.1 0
-2.0625 -2.70617e-16 0
-2 -4 6.61556e-06
-2 -3.9 6.11833e-06
-2 -3.8 6.61556e-06
-2 -3.7 1.4885e-05
-2 -3.6 2.977e-05
-2 -3.5 4.71359e-05
-2 -3.4 7.85598e-05
-2 -3.3 8.79859e-05
-2 -3.2 0.000161584
-2 -3.1 0.000259823
-2 -3 0.000437449
-2 -2.9 0.000713319
-2 -2.8 0.00112067
-2 -2.7 0.00184539
-2 -2.6 0.00311639
-2 -2.5 0.00565527
-2 -2.4 0.011425
-2 -2.3 0.0250232
-2 -2.2 0.0545956
-2 -2.1 0.132147
-2 -2 0.239281
-2 -1.9 0
-2 -1.8 0
-2 -1.7 0
-2 -1.6 0
-2 -1.5 0
-2 -1.4 0
-2 -1.3 0
-2 -1.2 0
-2 -1.1 0
-2 -1 0
-2 -0.9 0
-2 -0.8 0
-2 -0.7 0
-2 -0.6 0
-2 -0.5 0
-2 -0.4 0
-2 -0.3 0
-2 -0.2 0
-2 -0.1 0
-2 -2.70617e-16 0
-1.9375 -4 8.26946e-06
-1.9375 -3.9 6.61556e-06
-1.9375 -3.8 4.13473e-06
-1.9375 -3.7 1.81928e-05
-1.9375 -3.6 3.30778e-05
-1.9375 -3.5 3.91962e-05
-1.9375 -3.4 5.7389e-05
-1.9375 -3.3 9.46015e-05
-1.9375 -3.2 0.000147029
-1.9375 -3.1 0.0002714
-1.9375 -3 0.000394615
-1.9375 -2.9 0.000630787
-1.9375 -2.8 0.00101151
-1.9375 -2.7 0.00168562
-1.9375 -2.6 0.00286963
-1.9375 -2.5 0.00493002
-1.9375 -2.4 0.00988937
-1.9375 -2.3 0.0215082
-1.9375 -2.2 0.0465498
-1.9375 -2.1 0.0988238
-1.9375 -2 0.287278
-1.9375 -1.9 0.145168
-1.9375 -1.8 0
-1.9375 -1.7 0
-1.9375 -1.6 0
-1.9375 -1.5 0
-1.9375 -1.4 0
-1.9375 -1.3 0
-1.9375 -1.2 0
-1.9375 -1.1 0
-1.9375 -1 0
-1.9375 -0.9 0
-1.9375 -0.8 0
-1.9375 -0.7 0
-1.9375 -0.6 0
-1.9375 -0.5 0
-1.9375 -0.4 0
-1.9375 -0.3 0
-1.9375 -0.2 0
-1.9375 -0.1 0
-1.9375 -2.70617e-16 0
-1.875 -4 1.15665e-06
-1.875 -3.9 6.61556e-06
-1.875 -3.8 1.40581e-05
-1.875 -3.7 1.73659e-05
-1.875 -3.6 2.01764e-05
-1.875 -3.5 3.86989e-05
-1.875 -3.4 5.54054e-05
-1.875 -3.3 9.29476e-05
-1.875 -3.2 0.00014091
-1.875 -3.1 0.000198299
-1.875 -3 0.00036765
-1.875 -2.9 0.000587126
-1.875 -2.8 0.000944194
-1.875 -2.7 0.00149212
-1.875 -2.6 0.00246644
-1.875 -2.5 0.00438556
-1.875 -2.4 0.00850817
-1.875 -2.3 0.0185709
-1.875 -2.2 0.040163
-1.875 -2.1 0.0828334
-1.875 -2 0.177603
-1.875 -1.9 0.451481
-1.875 -1.8 0.0106651
-1.875 -1.7 0
-1.875 -1.6 0
-1.875 -1.5 0
-1.875 -1.4 0
-1.875 -1.3 0
-1.875 -1.2 0
-1.875 -1.1 0
-1.875 -1 0
-1.875 -0.9 0
-1.875 -0.8 0
-1.875 -0.7 0
-1.875 -0.6 0
-1.875 -0.5 0
-1.875 -0.4 0
-1.875 -0.3 0
-1.875 -0.2 0
-1.875 -0.1 0
-1.875 -2.70617e-16 0
-1.8125 -4 4.96167e-06
-1.8125 -3.9 6.11833e-06
-1.8125 -3.8 1.15772e-05
-1.8125 -3.7 1.73659e-05
-1.8125 -3.6 2.51381e-05
-1.8125 -3.5 4.25039e-05
-1.8125 -3.4 6.1194e-05
-1.8125 -3.3 8.55051e-05
-1.8125 -3.2 0.000150504
-1.8125 -3.1 0.000240803
-1.8125 -3 0.000336064
-1.8125 -2.9 0.000558345
-1.8125 -2.8 0.000895231
-1.8125 -2.7 0.00140132
-1.8125 -2.6 0.00226596
-1.8125 -2.5 0.00395044
-1.8125 -2.4 0.00765813
-1.8125 -2.3 0.0166478
-1.8125 -2.2 0.0355238
-1.8125 -2.1 0.0727864
-1.8125 -2 0.145089
-1.8125 -1.9 0.3277
-1.8125 -1.8 0.414092
-1.8125 -1.7 0
-1.8125 -1.6 0
-1.8125 -1.5 0
-1.8125 -1.4 0
-1.8125 -1.3 0
-1.8125 -1.2 0
-1.8125 -1.1 0
-1.8125 -1 0
-1.8125 -0.9 0
-1.8125 -0.8 0
-1.8125 -0.7 0
-1.8125 -0.6 0
-1.8125 -0.5 0
-1.8125 -0.4 0
-1.8125 -0.3 0
-1.8125 -0.2 0
-1.8125 -0.1 0
-1.8125 -2.70617e-16 0
-1.75 -4 3.30778e-06
-1.75 -3.9 6.61556e-06
-1.75 -3.8 3.30778e-06
-1.75 -3.7 6.61556e-06
-1.75 -3.6 2.76189e-05
-1.75 -3.5 4.05203e-05
-1.75 -3.4 5.193e-05
-1.75 -3.3 7.75654e-05
-1.75 -3.2 0.000121226
-1.75 -3.1 0.000195819
-1.75 -3 0.000322503
-1.75 -2.9 0.000552059
-1.75 -2.8 0.00082941
-1.75 -2.7 0.00134542
-1.75 -2.6 0.00215418
-1.75 -2.5 0.00363983
-1.75 -2.4 0.00684641
-1.75 -2.3 0.014683
-1.75 -2.2 0.0315226
-1.75 -2.1 0.06458
-1.75 -2 0.125888
-1.75 -1.9 0.243973
-1.75 -1.8 0.640539
-1.75 -1.7 0.17043
-1.75 -1.6 0
-1.75 -1.5 0
-1.75 -1.4 0
-1.75 -1.3 0
-1.75 -1.2 0
-1.75 -1.1 0
-1.75 -1 0
-1.75 -0.9 0
-1.75 -0.8 0
-1.75 -0.7 0
-1.75 -0.6 0
-1.75 -0.5 0
-1.75 -0.4 0
-1.75 -0.3 0
-1.75 -0.2 0
-1.75 -0.1 0
-1.75 -2.70617e-16 0
-1.6875 -4 1.65389e-06
-1.6875 -3.9 5.78862e-06
-1.6875 -3.8 7.44251e-06
-1.6875 -3.7 8.26946e-06
-1.6875 -3.6 2.31545e-05
-1.6875 -3.5 3.14239e-05
-1.6875 -3.4 5.77187e-05
-1.6875 -3.3 7.35982e-05
-1.6875 -3.2 0.000105352
-1.6875 -3.1 0.000214503
-1.6875 -3 0.000307451
-1.6875 -2.9 0.00047845
-1.6875 -2.8 0.000753513
-1.6875 -2.7 0.00125351
-1.6875 -2.6 0.00206732
-1.6875 -2.5 0.00339146
-1.6875 -2.4 0.00628486
-1.6875 -2.3 0.0131837
-1.6875 -2.2 0.0283068
-1.6875 -2.1 0.0587719
-1.6875 -2 0.112868
-1.6875 -1.9 0.209019
-1.6875 -1.8 0.406944
-1.6875 -1.7 0.795215
-1.6875 -1.6 0
-1.6875 -1.5 0
-1.6875 -1.4 0
-1.6875 -1.3 0
-1.6875 -1.2 0
-1.6875 -1.1 0
-1.6875 -1 0
-1.6875 -0.9 0
-1.6875 -0.8 0
-1.6875 -0.7 0
-1.6875 -0.6 0
-1.6875 -0.5 0
-1.6875 -0.4 0
-1.6875 -0.3 0
-1.6875 -0.2 0
-1.6875 -0.1 0
-1.6875 -2.70617e-16 0
-1.625 -4 0
-1.625 -3.9 9.0964e-06
-1.625 -3.8 6.61556e-06
-1.625 -3.7 9.0964e-06
-1.625 -3.6 1.65389e-05
-1.625 -3.5 2.79486e-05
-1.625 -3.4 5.16003e-05
-1.625 -3.3 7.09498e-05
-1.625 -3.2 0.000135122
-1.625 -3.1 0.000206234
-1.625 -3 0.000330108
-1.625 -2.9 0.000503432
-1.625 -2.8 0.000834529
-1.625 -2.7 0.00126687
-1.625 -2.6 0.00203163
-1.625 -2.5 0.00340601
-1.625 -2.4 0.00630704
-1.625 -2.3 0.0124228
-1.625 -2.2 0.0263905
-1.625 -2.1 0.0538968
-1.625 -2 0.103664
-1.625 -1.9 0.188104
-1.625 -1.8 0.333163
-1.625 -1.7 0.739431
-1.625 -1.6 0.564609
-1.625 -1.5 0
-1.625 -1.4 0
-1.625 -1.3 0
-1.625 -1.2 0
-1.625 -1.1 0
-1.625 -1 0
-1.625 -0.9 0
-1.625 -0.8 0
-1.625 -0.7 0
-1.625 -0.6 0
-1.625 -0.5 0
-1.625 -0.4 0
-1.625 -0.3 0
-1.625 -0.2 0
-1.625 -0.1 0
-1.625 -2.70617e-16 0
-1.5625 -4 1.65389e-06
-1.5625 -3.9 6.61556e-06
-1.5625 -3.8 5.78862e-06
-1.5625 -3.7 1.81928e-05
-1.5625 -3.6 3.22509e-05
-1.5625 -3.5 3.09267e-05
-1.5625 -3.4 4.05203e-05
-1.5625 -3.3 7.44197e-05
-1.5625 -3.2 0.000132971
-1.5625 -3.1 0.000202931
-1.5625 -3 0.000296209
-1.5625 -2.9 0.000506586
-1.5625 -2.8 0.000824798
-1.5625 -2.7 0.00125246
-1.5625 -2.6 0.00209763
-1.5625 -2.5 0.0035757
-1.5625 -2.4 0.00607501
-1.5625 -2.3 0.0118675
-1.5625 -2.2 0.0245443
-1.5625 -2.1 0.0504559
-1.5625 -2 0.0972265
-1.5625 -1.9 0.174935
-1.5625 -1.8 0.299437
-1.5625 -1.7 0.519672
-1.5625 -1.6 1.18119
-1.5625 -1.5 0.132036
-1.5625 -1.4 0
-1.5625 -1.3 0
-1.5625 -1.2 0
-1.5625 -1.1 0
-1.5625 -1 0
-1.5625 -0.9 0
-1.5625 -0.8 0
-1.5625 -0.7 0
-1.5625 -0.6 0
-1.5625 -0.5 0
-1.5625 -0.4 0
-1.5625 -0.3 0
-1.5625 -0.2 0
-1.5625 -0.1 0
-1.5625 -2.70617e-16 0
-1.5 -4 4.13473e-06
-1.5 -3.9 6.61556e-06
-1.5 -3.8 1.07503e-05
-1.5 -3.7 1.4885e-05
-1.5 -3.6 2.23275e-05
-1.5 -3.5 3.83692e-05
-1.5 -3.4 4.99464e-05
-1.5 -3.3 8.02084e-05
-1.5 -3.2 0.000155815
-1.5 -3.1 0.000213347
-1.5 -3 0.000355252
-1.5 -2.9 0.000564191
-1.5 -2.8 0.000859348
-1.5 -2.7 0.0013595
-1.5 -2.6 0.00222577
-1.5 -2.5 0.00361441
-1.5 -2.4 0.00622749
-1.5 -2.3 0.0116818
-1.5 -2.2 0.0234635
-1.5 -2.1 0.0477065
-1.5 -2 0.091908
-1.5 -1.9 0.164645
-1.5 -1.8 0.278779
-1.5 -1.7 0.455365
-1.5 -1.6 0.810616
-1.5 -1.5 1.15868
-1.5 -1.4 0
-1.5 -1.3 0
-1.5 -1.2 0
-1.5 -1.1 0
-1.5 -1 0
-1.5 -0.9 0
-1.5 -0.8 0
-1.5 -0.7 0
-1.5 -0.6 0
-1.5 -0.5 0
-1.5 -0.4 0
-1.5 -0.3 0
-1.5 -0.2 0
-1.5 -0.1 0
-1.5 -2.70617e-16 0
-1.4375 -4 4.13473e-06
-1.4375 -3.9 6.11833e-06
-1.4375 -3.8 1.07503e-05
-1.4375 -3.7 8.26946e-06
-1.4375 -3.6 2.64623e-05
-1.4375 -3.5 3.55587e-05
-1.4375 -3.4 5.6911e-05
-1.4375 -3.3 8.23595e-05
-1.4375 -3.2 0.000140413
-1.4375 -3.1 0.000213347
-1.4375 -3 0.000365337
-1.4375 -2.9 0.000607292
-1.4375 -2.8 0.000894572
-1.4375 -2.7 0.00142118
-1.4375 -2.6 0.00233458
-1.4375 -2.5 0.00384429
-1.4375 -2.4 0.00652487
-1.4375 -2.3 0.0118036
-1.4375 -2.2 0.0229301
-1.4375 -2.1 0.0461632
-1.4375 -2 0.0873263
-1.4375 -1.9 0.157743
-1.4375 -1.8 0.265165
-1.4375 -1.7 0.423162
-1.4375 -1.6 0.670298
-1.4375 -1.5 1.3978
-1.4375 -1.4 0.603239
-1.4375 -1.3 0
-1.4375 -1.2 0
-1.4375 -1.1 0
-1.4375 -1 0
-1.4375 -0.9 0
-1.4375 -0.8 0
-1.4375 -0.7 0
-1.4375 -0.6 0
-1.4375 -0.5 0
-1.4375 -0.4 0
-1.4375 -0.3 0
-1.4375 -0.2 0
-1.4375 -0.1 0
-1.4375 -2.70617e-16 0
-1.375 -4 5.78862e-06
-1.375 -3.9 4.13473e-06
-1.375 -3.8 5.78862e-06
-1.375 -3.7 1.52147e-05
-1.375 -3.6 2.48084e-05
-1.375 -3.5 3.20833e-05
-1.375 -3.4 6.64854e-05
-1.375 -3.3 9.12937e-05
-1.375 -3.2 0.00017101
-1.375 -3.1 0.000219303
-1.375 -3 0.000375447
-1.375 -2.9 0.000605481
-1.375 -2.8 0.000981071
-1.375 -2.7 0.00158525
-1.375 -2.6 0.00255143
-1.375 -2.5 0.00410658
-1.375 -2.4 0.00689288
-1.375 -2.3 0.0122646
-1.375 -2.2 0.0230536
-1.375 -2.1 0.0442792
-1.375 -2 0.0845246
-1.375 -1.9 0.151957
-1.375 -1.8 0.254439
-1.375 -1.7 0.404629
-1.375 -1.6 0.614353
-1.375 -1.5 0.967803
-1.375 -1.4 1.82678
-1.375 -1.3 0.0370821
-1.375 -1.2 0
-1.375 -1.1 0
-1.375 -1 0
-1.375 -0.9 0
-1.375 -0.8 0
-1.375 -0.7 0
-1.375 -0.6 0
-1.375 -0.5 0
-1.375 -0.4 0
-1.375 -0.3 0
-1.375 -0.2 0
-1.375 -0.1 0
-1.375 -2.70617e-16 0
-1.3125 -4 4.13473e-06
-1.3125 -3.9 2.48084e-06
-1.3125 -3.8 8.26946e-06
-1.3125 -3.7 1.65389e-05
-1.3125 -3.6 2.06736e-05
-1.3125 -3.5 4.49848e-05
-1.3125 -3.4 7.35982e-05
-1.3125 -3.3 0.000112297
-1.3125 -3.2 0.000157449
-1.3125 -3.1 0.0002825
-1.3125 -3 0.000439452
-1.3125 -2.9 0.000670499
-1.3125 -2.8 0.00107154
-1.3125 -2.7 0.0017088
-1.3125 -2.6 0.00277603
-1.3125 -2.5 0.00442414
-1.3125 -2.4 0.00729972
-1.3125 -2.3 0.0124675
-1.3125 -2.2 0.0229351
-1.3125 -2.1 0.0435614
-1.3125 -2 0.0815022
-1.3125 -1.9 0.147281
-1.3125 -1.8 0.246412
-1.3125 -1.7 0.391406
-1.3125 -1.6 0.585977
-1.3125 -1.5 0.860205
-1.3125 -1.4 1.42031
-1.3125 -1.3 1.43919
-1.3125 -1.2 0
-1.3125 -1.1 0
-1.3125 -1 0
-1.3125 -0.9 0
-1.3125 -0.8 0
-1.3125 -0.7 0
-1.3125 -0.6 0
-1.3125 -0.5 0
-1.3125 -0.4 0
-1.3125 -0.3 0
-1.3125 -0.2 0
-1.3125 -0.1 0
-1.3125 -2.70617e-16 0
-1.25 -4 4.96167e-06
-1.25 -3.9 7.44251e-06
-1.25 -3.8 1.07503e-05
-1.25 -3.7 1.81928e-05
-1.25 -3.6 3.7045e-05
-1.25 -3.5 4.30012e-05
-1.25 -3.4 8.50079e-05
-1.25 -3.3 0.000110973
-1.25 -3.2 0.000187717
-1.25 -3.1 0.000296538
-1.25 -3 0.000461095
-1.25 -2.9 0.000753853
-1.25 -2.8 0.00111934
-1.25 -2.7 0.00187565
-1.25 -2.6 0.00304995
-1.25 -2.5 0.00478588
-1.25 -2.4 0.00789478
-1.25 -2.3 0.0132889
-1.25 -2.2 0.023552
-1.25 -2.1 0.043397
-1.25 -2 0.0795755
-1.25 -1.9 0.142563
-1.25 -1.8 0.240916
-1.25 -1.7 0.382588
-1.25 -1.6 0.571756
-1.25 -1.5 0.814645
-1.25 -1.4 1.16029
-1.25 -1.3 2.19966
-1.25 -1.2 0.503108
-1.25 -1.1 0
-1.25 -1 0
-1.25 -0.9 0
-1.25 -0.8 0
-1.25 -0.7 0
-1.25 -0.6 0
-1.25 -0.5 0
-1.25 -0.4 0
-1.25 -0.3 0
-1.25 -0.2 0
-1.25 -0.1 0
-1.25 -2.70617e-16 0
-1.1875 -4 3.30778e-06
-1.1875 -3.9 6.94527e-06
-1.1875 -3.8 1.07503e-05
-1.1875 -3.7 1.73659e-05
-1.1875 -3.6 3.63856e-05
-1.1875 -3.5 5.82159e-05
-1.1875 -3.4 9.04668e-05
-1.1875 -3.3 0.000133965
-1.1875 -3.2 0.000175972
-1.1875 -3.1 0.000306462
-1.1875 -3 0.000516673
-1.1875 -2.9 0.00076293
-1.1875 -2.8 0.00128657
-1.1875 -2.7 0.00198978
-1.1875 -2.6 0.00321104
-1.1875 -2.5 0.00517916
-1.1875 -2.4 0.00842513
-1.1875 -2.3 0.0139759
-1.1875 -2.2 0.0241498
-1.1875 -2.1 0.0433261
-1.1875 -2 0.0787832
-1.1875 -1.9 0.139619
-1.1875 -1.8 0.236479
-1.1875 -1.7 0.376069
-1.1875 -1.6 0.560872
-1.1875 -1.5 0.791433
-1.1875 -1.4 1.08389
-1.1875 -1.3 1.54851
-1.1875 -1.2 2.2836
-1.1875 -1.1 0
-1.1875 -1 0
-1.1875 -0.9 0
-1.1875 -0.8 0
-1.1875 -0.7 0
-1.1875 -0.6 0
-1.1875 -0.5 0
-1.1875 -0.4 0
-1.1875 -0.3 0
-1.1875 -0.2 0
-1.1875 -0.1 0
-1.1875 -2.70617e-16 0
-1.125 -4 1.07503e-05
-1.125 -3.9 1.07503e-05
-1.125 -3.8 1.5712e-05
-1.125 -3.7 1.90197e-05
-1.125 -3.6 3.67153e-05
-1.125 -3.5 5.45784e-05
-1.125 -3.4 8.18676e-05
-1.125 -3.3 0.000136465
-1.125 -3.2 0.000200967
-1.125 -3.1 0.000321514
-1.125 -3 0.000548589
-1.125 -2.9 0.000841845
-1.125 -2.8 0.00132393
-1.125 -2.7 0.00215356
-1.125 -2.6 0.00343978
-1.125 -2.5 0.00543818
-1.125 -2.4 0.0088784
-1.125 -2.3 0.0145744
-1.125 -2.2 0.0247085
-1.125 -2.1 0.0435559
-1.125 -2 0.0782413
-1.125 -1.9 0.136501
-1.125 -1.8 0.231187
-1.125 -1.7 0.369571
-1.125 -1.6 0.553729
-1.125 -1.5 0.780966
-1.125 -1.4 1.05201
-1.125 -1.3 1.38953
-1.125 -1.2 2.2223
-1.125 -1.1 1.39038
-1.125 -1 0
-1.125 -0.9 0
-1.125 -0.8 0
-1.125 -0.7 0
-1.125 -0.6 0
-1.125 -0.5 0
-1.125 -0.4 0
-1.125 -0.3 0
-1.125 -0.2 0
-1.125 -0.1 0
-1.125 -2.70617e-16 0
-1.0625 -4 9.92335e-06
-1.0625 -3.9 7.44251e-06
-1.0625 -3.8 1.81928e-05
-1.0625 -3.7 2.31545e-05
-1.0625 -3.6 4.05203e-05
-1.0625 -3.5 5.45784e-05
-1.0625 -3.4 8.02137e-05
-1.0625 -3.3 0.000151331
-1.0625 -3.2 0.000228237
-1.0625 -3.1 0.000344856
-1.0625 -3 0.00056184
-1.0625 -2.9 0.000875065
-1.0625 -2.8 0.00142498
-1.0625 -2.7 0.00225473
-1.0625 -2.6 0.00358963
-1.0625 -2.5 0.00589314
-1.0625 -2.4 0.00950651
-1.0625 -2.3 0.0153598
-1.0625 -2.2 0.02529
-1.0625 -2.1 0.0439403
-1.0625 -2 0.0768193
-1.0625 -1.9 0.134085
-1.0625 -1.8 0.226061
-1.0625 -1.7 0.362089
-1.0625 -1.6 0.545447
-1.0625 -1.5 0.776475
-1.0625 -1.4 1.04088
-1.0625 -1.3 1.33951
-1.0625 -1.2 1.74111
-1.0625 -1.1 2.87286
-1.0625 -1 0.277174
-1.0625 -0.9 0
-1.0625 -0.8 0
-1.0625 -0.7 0
-1.0625 -0.6 0
-1.0625 -0.5 0
-1.0625 -0.4 0
-1.0625 -0.3 0
-1.0625 -0.2 0
-1.0625 -0.1 0
-1.0625 -2.70617e-16 0
-1 -4 9.0964e-06
-1 -3.9 1.24042e-05
-1 -3.8 1.40581e-05
-1 -3.7 2.15006e-05
-1 -3.6 4.87898e-05
-1 -3.5 7.19443e-05
-1 -3.4 9.84065e-05
-1 -3.3 0.000145872
-1 -3.2 0.000247089
-1 -3.1 0.000352609
-1 -3 0.000581008
-1 -2.9 0.000968515
-1 -2.8 0.00148817
-1 -2.7 0.00242195
-1 -2.6 0.00376971
-1 -2.5 0.00620342
-1 -2.4 0.00980115
-1 -2.3 0.015858
-1 -2.2 0.0266642
-1 -2.1 0.0444714
-1 -2 0.0768039
-1 -1.9 0.131415
-1 -1.8 0.220505
-1 -1.7 0.355945
-1 -1.6 0.538627
-1 -1.5 0.770628
-1 -1.4 1.03652
-1 -1.3 1.33066
-1 -1.2 1.6465
-1 -1.1 2.1667
-1 -1 2.36715
-1 -0.9 0
-1 -0.8 0
-1 -0.7 0
-1 -0.6 0
-1 -0.5 0
-1 -0.4 0
-1 -0.3 0
-1 -0.2 0
-1 -0.1 0
-1 -2.70617e-16 0
-0.9375 -4 4.96167e-06
-0.9375 -3.9 8.26946e-06
-0.9375 -3.8 1.4885e-05
-0.9375 -3.7 2.89431e-05
-0.9375 -3.6 3.47317e-05
-0.9375 -3.5 6.1194e-05
-0.9375 -3.4 9.84065e-05
-0.9375 -3.3 0.000144218
-0.9375 -3.2 0.00021666
-0.9375 -3.1 0.000374606
-0.9375 -3 0.000622523
-0.9375 -2.9 0.000990675
-0.9375 -2.8 0.00159517
-0.9375 -2.7 0.00250699
-0.9375 -2.6 0.00389463
-0.9375 -2.5 0.0063245
-0.9375 -2.4 0.0100257
-0.9375 -2.3 0.0160709
-0.9375 -2.2 0.026343
-0.9375 -2.1 0.0440654
-0.9375 -2 0.0755743
-0.9375 -1.9 0.128637
-0.9375 -1.8 0.214811
-0.9375 -1.7 0.34702
-0.9375 -1.6 0.529873
-0.9375 -1.5 0.763837
-0.9375 -1.4 1.03647
-0.9375 -1.3 1.33251
-0.9375 -1.2 1.62486
-0.9375 -1.1 1.95333
-0.9375 -1 2.89718
-0.9375 -0.9 1.02888
-0.9375 -0.8 0
-0.9375 -0.7 0
-0.9375 -0.6 0
-0.9375 -0.5 0
-0.9375 -0.4 0
-0.9375 -0.3 0
-0.9375 -0.2 0
-0.9375 -0.1 0
-0.9375 -2.70617e-16 0
-0.875 -4 8.26946e-06
-0.875 -3.9 1.07503e-05
-0.875 -3.8 1.5712e-05
-0.875 -3.7 2.34842e-05
-0.875 -3.6 4.6309e-05
-0.875 -3.5 6.69826e-05
-0.875 -3.4 9.01371e-05
-0.875 -3.3 0.000158276
-0.875 -3.2 0.000248084
-0.875 -3.1 0.000402225
-0.875 -3 0.000653946
-0.875 -2.9 0.000992994
-0.875 -2.8 0.00162662
-0.875 -2.7 0.00244907
-0.875 -2.6 0.00414962
-0.875 -2.5 0.00645267
-0.875 -2.4 0.0102411
-0.875 -2.3 0.0164952
-0.875 -2.2 0.0267707
-0.875 -2.1 0.0444846
-0.875 -2 0.074627
-0.875 -1.9 0.125895
-0.875 -1.8 0.208231
-0.875 -1.7 0.337161
-0.875 -1.6 0.518786
-0.875 -1.5 0.749247
-0.875 -1.4 1.03019
-0.875 -1.3 1.33171
-0.875 -1.2 1.63241
-0.875 -1.1 1.91463
-0.875 -1 2.25002
-0.875 -0.9 3.01973
-0.875 -0.8 0.0516533
-0.875 -0.7 0
-0.875 -0.6 0
-0.875 -0.5 0
-0.875 -0.4 0
-0.875 -0.3 0
-0.875 -0.2 0
-0.875 -0.1 0
-0.875 -2.70617e-16 0
-0.8125 -4 6.61556e-06
-0.8125 -3.9 9.92335e-06
-0.8125 -3.8 1.65389e-05
-0.8125 -3.7 2.64623e-05
-0.8125 -3.6 4.46551e-05
-0.8125 -3.5 5.62323e-05
-0.8125 -3.4 9.42718e-05
-0.8125 -3.3 0.000165719
-0.8125 -3.2 0.000275373
-0.8125 -3.1 0.000397264
-0.8125 -3 0.000627671
-0.8125 -2.9 0.00102773
-0.8125 -2.8 0.00162974
-0.8125 -2.7 0.00257659
-0.8125 -2.6 0.00410048
-0.8125 -2.5 0.0064401
-0.8125 -2.4 0.0104561
-0.8125 -2.3 0.0165222
-0.8125 -2.2 0.0269857
-0.8125 -2.1 0.0442481
-0.8125 -2 0.0732184
-0.8125 -1.9 0.12232
-0.8125 -1.8 0.201987
-0.8125 -1.7 0.32534
-0.8125 -1.6 0.504888
-0.8125 -1.5 0.737773
-0.8125 -1.4 1.0209
-0.8125 -1.3 1.33659
-0.8125 -1.2 1.64643
-0.8125 -1.1 1.926
-0.8125 -1 2.16986
-0.8125 -0.9 2.58002
-0.8125 -0.8 1.94696
-0.8125 -0.7 0
-0.8125 -0.6 0
-0.8125 -0.5 0
-0.8125 -0.4 0
-0.8125 -0.3 0
-0.8125 -0.2 0
-0.8125 -0.1 0
-0.8125 -2.70617e-16 0
-0.75 -4 6.61556e-06
-0.75 -3.9 1.4885e-05
-0.75 -3.8 1.90197e-05
-0.75 -3.7 1.90197e-05
-0.75 -3.6 4.46551e-05
-0.75 -3.5 6.94634e-05
-0.75 -3.4 0.000106676
-0.75 -3.3 0.000156293
-0.75 -3.2 0.000247257
-0.75 -3.1 0.000402723
-0.75 -3 0.000643693
-0.75 -2.9 0.00104459
-0.75 -2.8 0.00168713
-0.75 -2.7 0.00262937
-0.75 -2.6 0.00412366
-0.75 -2.5 0.0066908
-0.75 -2.4 0.0103546
-0.75 -2.3 0.0167582
-0.75 -2.2 0.0268416
-0.75 -2.1 0.0438365
-0.75 -2 0.0719633
-0.75 -1.9 0.118724
-0.75 -1.8 0.194802
-0.75 -1.7 0.313948
-0.75 -1.6 0.487488
-0.75 -1.5 0.719139
-0.75 -1.4 1.00646
-0.75 -1.3 1.33239
-0.75 -1.2 1.65959
-0.75 -1.1 1.95323
-0.75 -1 2.1764
-0.75 -0.9 2.34433
-0.75 -0.8 2.99915
-0.75 -0.7 0.544645
-0.75 -0.6 0
-0.75 -0.5 0
-0.75 -0.4 0
-0.75 -0.3 0
-0.75 -0.2 0
-0.75 -0.1 0
-0.75 -2.70617e-16 0
-0.6875 -4 3.30778e-06
-0.6875 -3.9 1.15772e-05
-0.6875 -3.8 2.56353e-05
-0.6875 -3.7 1.65389e-05
-0.6875 -3.6 3.96934e-05
-0.6875 -3.5 4.96167e-05
-0.6875 -3.4 0.000110811
-0.6875 -3.3 0.000173678
-0.6875 -3.2 0.000262142
-0.6875 -3.1 0.000413473
-0.6875 -3 0.000656595
-0.6875 -2.9 0.00106626
-0.6875 -2.8 0.00162693
-0.6875 -2.7 0.00262505
-0.6875 -2.6 0.00415887
-0.6875 -2.5 0.00645083
-0.6875 -2.4 0.0104785
-0.6875 -2.3 0.0165338
-0.6875 -2.2 0.0272816
-0.6875 -2.1 0.0433179
-0.6875 -2 0.0699588
-0.6875 -1.9 0.114223
-0.6875 -1.8 0.187073
-0.6875 -1.7 0.300365
-0.6875 -1.6 0.467127
-0.6875 -1.5 0.697825
-0.6875 -1.4 0.984888
-0.6875 -1.3 1.3238
-0.6875 -1.2 1.66792
-0.6875 -1.1 1.97729
-0.6875 -1 2.21945
-0.6875 -0.9 2.35321
-0.6875 -0.8 2.44087
-0.6875 -0.7 2.42444
-0.6875 -0.6 0
-0.6875 -0.5 0
-0.6875 -0.4 0
-0.6875 -0.3 0
-0.6875 -0.2 0
-0.6875 -0.1 0
-0.6875 -2.70617e-16 0
-0.625 -4 8.26946e-06
-0.625 -3.9 9.92335e-06
-0.625 -3.8 1.40581e-05
-0.625 -3.7 1.90197e-05
-0.625 -3.6 3.88664e-05
-0.625 -3.5 7.35982e-05
-0.625 -3.4 0.000101714
-0.625 -3.3 0.000148023
-0.625 -3.2 0.000258007
-0.625 -3.1 0.000415954
-0.625 -3 0.000648158
-0.625 -2.9 0.00107569
-0.625 -2.8 0.00165389
-0.625 -2.7 0.00257577
-0.625 -2.6 0.00408263
-0.625 -2.5 0.00657983
-0.625 -2.4 0.0102637
-0.625 -2.3 0.016368
-0.625 -2.2 0.0261912
-0.625 -2.1 0.0423543
-0.625 -2 0.0681806
-0.625 -1.9 0.110252
-0.625 -1.8 0.178477
-0.625 -1.7 0.287345
-0.625 -1.6 0.448911
-0.625 -1.5 0.67217
-0.625 -1.4 0.960746
-0.625 -1.3 1.30235
-0.625 -1.2 1.66762
-0.625 -1.1 1.99988
-0.625 -1 2.26926
-0.625 -0.9 2.40818
-0.625 -0.8 2.41105
-0.625 -0.7 2.55831
-0.625 -0.6 1.15054
-0.625 -0.5 0
-0.625 -0.4 0
-0.625 -0.3 0
-0.625 -0.2 0
-0.625 -0.1 0
-0.625 -2.70617e-16 0
-0.5625 -4 8.26946e-06
-0.5625 -3.9 1.24042e-05
-0.5625 -3.8 1.65389e-05
-0.5625 -3.7 2.89431e-05
-0.5625 -3.6 3.34075e-05
-0.5625 -3.5 7.44251e-05
-0.5625 -3.4 0.000103368
-0.5625 -3.3 0.000174486
-0.5625 -3.2 0.000293566
-0.5625 -3.1 0.000400074
-0.5625 -3 0.000660562
-0.5625 -2.9 0.00100341
-0.5625 -2.8 0.00155895
-0.5625 -2.7 0.00254087
-0.5625 -2.6 0.00400539
-0.5625 -2.5 0.00641081
-0.5625 -2.4 0.0100778
-0.5625 -2.3 0.0160153
-0.5625 -2.2 0.0258554
-0.5625 -2.1 0.0410669
-0.5625 -2 0.0657123
-0.5625 -1.9 0.106025
-0.5625 -1.8 0.170332
-0.5625 -1.7 0.273185
-0.5625 -1.6 0.424186
-0.5625 -1.5 0.640222
-0.5625 -1.4 0.927349
-0.5625 -1.3 1.27164
-0.5625 -1.2 1.64829
-0.5625 -1.1 2.01315
-0.5625 -1 2.31085
-0.5625 -0.9 2.48006
-0.5625 -0.8 2.4777
-0.5625 -0.7 2.31397
-0.5625 -0.6 2.3218
-0.5625 -0.5 0.166133
-0.5625 -0.4 0
-0.5625 -0.3 0
-0.5625 -0.2 0
-0.5625 -0.1 0
-0.5625 -2.70617e-16 0
-0.5 -4 7.44251e-06
-0.5 -3.9 1.108e-05
-0.5 -3.8 1.5712e-05
-0.5 -3.7 2.92728e-05
-0.5 -3.6 4.5482e-05
-0.5 -3.5 5.45784e-05
-0.5 -3.4 0.000103368
-0.5 -3.3 0.000167043
-0.5 -3.2 0.000215336
-0.5 -3.1 0.000388167
-0.5 -3 0.000584651
-0.5 -2.9 0.000976288
-0.5 -2.8 0.0015095
-0.5 -2.7 0.0024241
-0.5 -2.6 0.00382149
-0.5 -2.5 0.00616753
-0.5 -2.4 0.00971889
-0.5 -2.3 0.0153367
-0.5 -2.2 0.0248028
-0.5 -2.1 0.0390641
-0.5 -2 0.0628266
-0.5 -1.9 0.0998964
-0.5 -1.8 0.160231
-0.5 -1.7 0.255265
-0.5 -1.6 0.400543
-0.5 -1.5 0.608
-0.5 -1.4 0.883928
-0.5 -1.3 1.22692
-0.5 -1.2 1.61777
-0.5 -1.1 2.0064
-0.5 -1 2.32979
-0.5 -0.9 2.54387
-0.5 -0.8 2.5539
-0.5 -0.7 2.37938
-0.5 -0.6 2.07389
-0.5 -0.5 1.35288
-0.5 -0.4 0
-0.5 -0.3 0
-0.5 -0.2 0
-0.5 -0.1 0
-0.5 -2.70617e-16 0
-0.4375 -4 4.96167e-06
-0.4375 -3.9 1.24042e-05
-0.4375 -3.8 2.43111e-05
-0.4375 -3.7 2.15006e-05
-0.4375 -3.6 3.72126e-05
-0.4375 -3.5 6.0367e-05
-0.4375 -3.4 0.000104195
-0.4375 -3.3 0.000134792
-0.4375 -3.2 0.000235512
-0.4375 -3.1 0.000366996
-0.4375 -3 0.00059325
-0.4375 -2.9 0.000938081
-0.4375 -2.8 0.00145575
-0.4375 -2.7 0.00233743
-0.4375 -2.6 0.0036526
-0.4375 -2.5 0.00595184
-0.4375 -2.4 0.00926556
-0.4375 -2.3 0.014606
-0.4375 -2.2 0.0231729
-0.4375 -2.1 0.0369751
-0.4375 -2 0.0590379
-0.4375 -1.9 0.0939223
-0.4375 -1.8 0.150525
-0.4375 -1.7 0.238888
-0.4375 -1.6 0.374364
-0.4375 -1.5 0.567408
-0.4375 -1.4 0.834137
-0.4375 -1.3 1.17585
-0.4375 -1.2 1.57227
-0.4375 -1.1 1.97669
-0.4375 -1 2.33046
-0.4375 -0.9 2.58358
-0.4375 -0.8 2.64108
-0.4375 -0.7 2.48005
-0.4375 -0.6 2.11724
-0.4375 -0.5 1.77566
-0.4375 -0.4 0.390978
-0.4375 -0.3 0
-0.4375 -0.2 0
-0.4375 -0.1 0
-0.4375 -2.70617e-16 0
-0.375 -4 1.32311e-05
-0.375 -3.9 1.15772e-05
-0.375 -3.8 6.61556e-06
-0.375 -3.7 2.81162e-05
-0.375 -3.6 2.977e-05
-0.375 -3.5 6.28479e-05
-0.375 -3.4 9.07965e-05
-0.375 -3.3 0.000128506
-0.375 -3.2 0.000222281
-0.375 -3.1 0.000342188
-0.375 -3 0.000582829
-0.375 -2.9 0.000831907
-0.375 -2.8 0.0013719
-0.375 -2.7 0.00219769
-0.375 -2.6 0.00346819
-0.375 -2.5 0.00543648
-0.375 -2.4 0.00852644
-0.375 -2.3 0.0136918
-0.375 -2.2 0.0219485
-0.375 -2.1 0.0345883
-0.375 -2 0.0554105
-0.375 -1.9 0.0876422
-0.375 -1.8 0.140011
-0.375 -1.7 0.222182
-0.375 -1.6 0.346703
-0.375 -1.5 0.529327
-0.375 -1.4 0.786176
-0.375 -1.3 1.11843
-0.375 -1.2 1.50859
-0.375 -1.1 1.9285
-0.375 -1 2.30688
-0.375 -0.9 2.59417
-0.375 -0.8 2.70404
-0.375 -0.7 2.5941
-0.375 -0.6 2.2394
-0.375 -0.5 1.71558
-0.375 -0.4 1.12696
-0.375 -0.3 0.0108946
-0.375 -0.2 0
-0.375 -0.1 0
-0.375 -2.70617e-16 0
-0.3125 -4 4.13473e-06
-0.3125 -3.9 2.48084e-06
-0.3125 -3.8 1.4885e-05
-0.3125 -3.7 2.06736e-05
-0.3125 -3.6 4.13473e-05
-0.3125 -3.5 5.04437e-05
-0.3125 -3.4 7.35982e-05
-0.3125 -3.3 0.000133965
-0.3125 -3.2 0.000205412
-0.3125 -3.1 0.000333259
-0.3125 -3 0.000534699
-0.3125 -2.9 0.000810569
-0.3125 -2.8 0.00127399
-0.3125 -2.7 0.00210042
-0.3125 -2.6 0.00319331
-0.3125 -2.5 0.00510487
-0.3125 -2.4 0.00801503
-0.3125 -2.3 0.0127896
-0.3125 -2.2 0.020355
-0.3125 -2.1 0.0318977
-0.3125 -2 0.0507896
-0.3125 -1.9 0.0812411
-0.3125 -1.8 0.128909
-0.3125 -1.7 0.203885
-0.3125 -1.6 0.318465
-0.3125 -1.5 0.48915
-0.3125 -1.4 0.730422
-0.3125 -1.3 1.05165
-0.3125 -1.2 1.43409
-0.3125 -1.1 1.86484
-0.3125 -1 2.27037
-0.3125 -0.9 2.58639
-0.3125 -0.8 2.74558
-0.3125 -0.7 2.66701
-0.3125 -0.6 2.36436
-0.3125 -0.5 1.839
-0.3125 -0.4 1.22611
-0.3125 -0.3 0.413702
-0.3125 -0.2 0
-0.3125 -0.1 0
-0.3125 -2.70617e-16 0
-0.25 -4 3.30778e-06
-0.25 -3.9 5.78862e-06
-0.25 -3.8 9.0964e-06
-0.25 -3.7 1.07503e-05
-0.25 -3.6 3.72126e-05
-0.25 -3.5 4.33309e-05
-0.25 -3.4 7.2274e-05
-0.25 -3.3 0.000119907
-0.25 -3.2 0.000187717
-0.25 -3.1 0.000314239
-0.25 -3 0.00049881
-0.25 -2.9 0.000709676
-0.25 -2.8 0.00116466
-0.25 -2.7 0.00182736
-0.25 -2.6 0.0029831
-0.25 -2.5 0.00476662
-0.25 -2.4 0.00739862
-0.25 -2.3 0.0116845
-0.25 -2.2 0.0186159
-0.25 -2.1 0.0298902
-0.25 -2 0.0474705
-0.25 -1.9 0.0753139
-0.25 -1.8 0.118636
-0.25 -1.7 0.187593
-0.25 -1.6 0.291689
-0.25 -1.5 0.449033
-0.25 -1.4 0.675495
-0.25 -1.3 0.976315
-0.25 -1.2 1.35137
-0.25 -1.1 1.78281
-0.25 -1 2.20254
-0.25 -0.9 2.55685
-0.25 -0.8 2.76073
-0.25 -0.7 2.74237
-0.25 -0.6 2.47415
-0.25 -0.5 1.98386
-0.25 -0.4 1.33968
-0.25 -0.3 0.707499
-0.25 -0.2 0.05
-0.25 -0.1 0
-0.25 -2.70617e-16 0
-0.1875 -4 3.30778e-06
-0.1875 -3.9 5.78862e-06
-0.1875 -3.8 1.24042e-05
-0.1875 -3.7 1.5712e-05
-0.1875 -3.6 3.00997e-05
-0.1875 -3.5 4.20067e-05
-0.1875 -3.4 7.72356e-05
-0.1875 -3.3 9.27801e-05
-0.1875 -3.2 0.000192343
-0.1875 -3.1 0.000279837
-0.1875 -3 0.000470689
-0.1875 -2.9 0.000666675
-0.1875 -2.8 0.00107336
-0.1875 -2.7 0.00169258
-0.1875 -2.6 0.0028149
-0.1875 -2.5 0.00435264
-0.1875 -2.4 0.00673688
-0.1875 -2.3 0.0108597
-0.1875 -2.2 0.0172803
-0.1875 -2.1 0.0272943
-0.1875 -2 0.0432966
-0.1875 -1.9 0.0684961
-0.1875 -1.8 0.108134
-0.1875 -1.7 0.170299
-0.1875 -1.6 0.264548
-0.1875 -1.5 0.408214
-0.1875 -1.4 0.617782
-0.1875 -1.3 0.899345
-0.1875 -1.2 1.2579
-0.1875 -1.1 1.68492
-0.1875 -1 2.11858
-0.1875 -0.9 2.50524
-0.1875 -0.8 2.74662
-0.1875 -0.7 2.77953
-0.1875 -0.6 2.55984
-0.1875 -0.5 2.11854
-0.1875 -0.4 1.49123
-0.1875 -0.3 0.814522
-0.1875 -0.2 0.244624
-0.1875 -0.1 0
-0.1875 -2.70617e-16 0
-0.125 -4 3.30778e-06
-0.125 -3.9 1.24042e-05
-0.125 -3.8 1.40581e-05
-0.125 -3.7 1.98467e-05
-0.125 -3.6 2.56353e-05
-0.125 -3.5 4.30012e-05
-0.125 -3.4 6.61556e-05
-0.125 -3.3 0.000100887
-0.125 -3.2 0.00014157
-0.125 -3.1 0.000263131
-0.125 -3 0.000382541
-0.125 -2.9 0.000608621
-0.125 -2.8 0.000949982
-0.125 -2.7 0.00156092
-0.125 -2.6 0.00239184
-0.125 -2.5 0.00385118
-0.125 -2.4 0.0060816
-0.125 -2.3 0.00979454
-0.125 -2.2 0.0153643
-0.125 -2.1 0.0243096
-0.125 -2 0.038646
-0.125 -1.9 0.0614926
-0.125 -1.8 0.096591
-0.125 -1.7 0.152568
-0.125 -1.6 0.236962
-0.125 -1.5 0.366888
-0.125 -1.4 0.556152
-0.125 -1.3 0.818403
-0.125 -1.2 1.15882
-0.125 -1.1 1.56878
-0.125 -1 2.00946
-0.125 -0.9 2.42184
-0.125 -0.8 2.71275
-0.125 -0.7 2.78879
-0.125 -0.6 2.61857
-0.125 -0.5 2.22743
-0.125 -0.4 1.65226
-0.125 -0.3 0.958958
-0.125 -0.2 0.387899
-0.125 -0.1 0.0323635
-0.125 -2.70617e-16 0
-0.0625 -4 2.48084e-06
-0.0625 -3.9 6.11833e-06
-0.0625 -3.8 6.61556e-06
-0.0625 -3.7 1.07503e-05
-0.0625 -3.6 1.68686e-05
-0.0625 -3.5 3.30778e-05
-0.0625 -3.4 6.61556e-05
-0.0625 -3.3 8.36837e-05
-0.0625 -3.2 0.000127679
-0.0625 -3.1 0.000220292
-0.0625 -3 0.000346652
-0.0625 -2.9 0.000533369
-0.0625 -2.8 0.000831232
-0.0625 -2.7 0.00143373
-0.0625 -2.6 0.00209544
-0.0625 -2.5 0.00336644
-0.0625 -2.4 0.00550276
-0.0625 -2.3 0.00850188
-0.0625 -2.2 0.0135191
-0.0625 -2.1 0.0217328
-0.0625 -2 0.033849
-0.0625 -1.9 0.0539616
-0.0625 -1.8 0.0854435
-0.0625 -1.7 0.133106
-0.0625 -1.6 0.20955
-0.0625 -1.5 0.326192
-0.0625 -1.4 0.497634
-0.0625 -1.3 0.734968
-0.0625 -1.2 1.05073
-0.0625 -1.1 1.44345
-0.0625 -1 1.88133
-0.0625 -0.9 2.30946
-0.0625 -0.8 2.6351
-0.0625 -0.7 2.76878
-0.0625 -0.6 2.65935
-0.0625 -0.5 2.29134
-0.0625 -0.4 1.7608
-0.0625 -0.3 1.11208
-0.0625 -0.2 0.491478
-0.0625 -0.1 0.114325
-0.0625 -2.70617e-16 0.000166723
0 -4 0
0 -3.9 6.61556e-06
0 -3.8 5.78862e-06
0 -3.7 2.06736e-05
0 -3.6 2.216e-05
0 -3.5 3.65478e-05
0 -3.4 4.21742e-05
0 -3.3 7.55818e-05
0 -3.2 0.000110313
0 -3.1 0.000182601
0 -3 0.00030911
0 -2.9 0.000448853
0 -2.8 0.000771189
0 -2.7 0.00121393
0 -2.6 0.00186607
0 -2.5 0.00300886
0 -2.4 0.00467086
0 -2.3 0.00742814
0 -2.2 0.0117275
0 -2.1 0.0185978
0 -2 0.0299828
0 -1.9 0.0471934
0 -1.8 0.0740479
0 -1.7 0.117053
0 -1.6 0.183969
0 -1.5 0.286237
0 -1.4 0.438827
0 -1.3 0.654303
0 -1.2 0.946538
0 -1.1 1.32036
0 -1 1.74701
0 -0.9 2.17141
0 -0.8 2.53178
0 -0.7 2.70919
0 -0.6 2.64931
0 -0.5 2.33784
0 -0.4 1.83188
0 -0.3 1.21682
0 -0.2 0.607766
0 -0.1 0.188461
0 -2.70617e-16 0.0106659
0.0625 -4 4.13473e-06
0.0625 -3.9 3.30778e-06
0.0625 -3.8 8.10192e-06
0.0625 -3.7 7.44251e-06
0.0625 -3.6 1.5712e-05
0.0625 -3.5 2.56353e-05
0.0625 -3.4 3.7045e-05
0.0625 -3.3 7.75846e-05
0.0625 -3.2 9.31098e-05
0.0625 -3.1 0.000168238
0.0625 -3 0.000281486
0.0625 -2.9 0.000418759
0.0625 -2.8 0.000670469
0.0625 -2.7 0.00102042
0.0625 -2.6 0.00161748
0.0625 -2.5 0.00266386
0.0625 -2.4 0.00407873
0.0625 -2.3 0.00666144
0.0625 -2.2 0.0104614
0.0625 -2.1 0.0164772
0.0625 -2 0.0261434
0.0625 -1.9 0.0409342
0.0625 -1.8 0.0650815
0.0625 -1.7 0.102547
0.0625 -1.6 0.160924
0.0625 -1.5 0.249312
0.0625 -1.4 0.383862
0.0625 -1.3 0.577224
0.0625 -1.2 0.839919
0.0625 -1.1 1.18414
0.0625 -1 1.59126
0.0625 -0.9 2.0198
0.0625 -0.8 2.39768
0.0625 -0.7 2.61538
0.0625 -0.6 2.61262
0.0625 -0.5 2.35368
0.0625 -0.4 1.8926
0.0625 -0.3 1.30739
0.0625 -0.2 0.703284
0.0625 -0.1 0.257231
0.0625 -2.70617e-16 0.038611
0.125 -4 2.48084e-06
0.125 -3.9 4.13473e-06
0.125 -3.8 8.26946e-06
0.125 -3.7 7.44251e-06
0.125 -3.6 1.07503e-05
0.125 -3.5 2.81162e-05
0.125 -3.4 2.79486e-05
0.125 -3.3 6.06967e-05
0.125 -3.2 9.19478e-05
0.125 -3.1 0.000143386
0.125 -3 0.000252213
0.125 -2.9 0.000368851
0.125 -2.8 0.000551227
0.125 -2.7 0.00087753
0.125 -2.6 0.00140378
0.125 -2.5 0.00226347
0.125 -2.4 0.00363337
0.125 -2.3 0.00570304
0.125 -2.2 0.00883025
0.125 -2.1 0.0142298
0.125 -2 0.022576
0.125 -1.9 0.0356505
0.125 -1.8 0.0559351
0.125 -1.7 0.0885073
0.125 -1.6 0.137786
0.125 -1.5 0.215498
0.125 -1.4 0.329563
0.125 -1.3 0.499372
0.125 -1.2 0.739212
0.125 -1.1 1.05277
0.125 -1 1.43264
0.125 -0.9 1.85186
0.125 -0.8 2.24098
0.125 -0.7 2.49111
0.125 -0.6 2.54487
0.125 -0.5 2.34898
0.125 -0.4 1.92682
0.125 -0.3 1.38018
0.125 -0.2 0.795048
0.125 -0.1 0.325564
0.125 -2.70617e-16 0.0723345
0.1875 -4 4.13473e-06
0.1875 -3.9 6.61556e-06
0.1875 -3.8 4.96167e-06
0.1875 -3.7 8.26946e-06
0.1875 -3.6 1.19069e-05
0.1875 -3.5 2.06736e-05
0.1875 -3.4 2.71217e-05
0.1875 -3.3 3.90286e-05
0.1875 -3.2 8.89751e-05
0.1875 -3.1 0.000101709
0.1875 -3 0.000191511
0.1875 -2.9 0.000313402
0.1875 -2.8 0.00048195
0.1875 -2.7 0.000757145
0.1875 -2.6 0.00118895
0.1875 -2.5 0.00194675
0.1875 -2.4 0.00287671
0.1875 -2.3 0.00476082
0.1875 -2.2 0.00731589
0.1875 -2.1 0.0119144
0.1875 -2 0.0187449
0.1875 -1.9 0.0298818
0.1875 -1.8 0.0475426
0.1875 -1.7 0.0748449
0.1875 -1.6 0.117607
0.1875 -1.5 0.182955
0.1875 -1.4 0.282193
0.1875 -1.3 0.42967
0.1875 -1.2 0.63674
0.1875 -1.1 0.919311
0.1875 -1 1.27467
0.1875 -0.9 1.66519
0.1875 -0.8 2.05913
0.1875 -0.7 2.35137
0.1875 -0.6 2.43507
0.1875 -0.5 2.29927
0.1875 -0.4 1.9393
0.1875 -0.3 1.42716
0.1875 -0.2 0.87041
0.1875 -0.1 0.380711
0.1875 -2.70617e-16 0.104198
0.25 -4 1.65389e-06
0.25 -3.9 1.65389e-06
0.25 -3.8 2.81054e-06
0.25 -3.7 7.44251e-06
0.25 -3.6 9.0964e-06
0.25 -3.5 1.63714e-05
0.25 -3.4 2.38139e-05
0.25 -3.3 3.27428e-05
0.25 -3.2 6.68151e-05
0.25 -3.1 9.50934e-05
0.25 -3 0.000173318
0.25 -2.9 0.000238479
0.25 -2.8 0.000412457
0.25 -2.7 0.000648524
0.25 -2.6 0.000992316
0.25 -2.5 0.00158461
0.25 -2.4 0.00255421
0.25 -2.3 0.00393765
0.25 -2.2 0.00621374
0.25 -2.1 0.00998523
0.25 -2 0.0157317
0.25 -1.9 0.0249449
0.25 -1.8 0.0396045
0.25 -1.7 0.0619675
0.25 -1.6 0.0970773
0.25 -1.5 0.152207
0.25 -1.4 0.236925
0.25 -1.3 0.363457
0.25 -1.2 0.544387
0.25 -1.1 0.789728
0.25 -1 1.11076
0.25 -0.9 1.48001
0.25 -0.8 1.86523
0.25 -0.7 2.17029
0.25 -0.6 2.30304
0.25 -0.5 2.22074
0.25 -0.4 1.90678
0.25 -0.3 1.4643
0.25 -0.2 0.912679
0.25 -0.1 0.431686
0.25 -2.70617e-16 0.136273
0.3125 -4 1.65389e-06
0.3125 -3.9 8.26946e-07
0.3125 -3.8 3.30778e-06
0.3125 -3.7 4.96167e-06
0.3125 -3.6 9.0964e-06
0.3125 -3.5 1.32311e-05
0.3125 -3.4 2.21792e-05
0.3125 -3.3 4.38281e-05
0.3125 -3.2 5.42433e-05
0.3125 -3.1 7.75654e-05
0.3125 -3 0.000140575
0.3125 -2.9 0.00021849
0.3125 -2.8 0.000333902
0.3125 -2.7 0.000508254
0.3125 -2.6 0.000791613
0.3125 -2.5 0.00128424
0.3125 -2.4 0.00209085
0.3125 -2.3 0.00329175
0.3125 -2.2 0.00517046
0.3125 -2.1 0.00836916
0.3125 -2 0.0129614
0.3125 -1.9 0.0203445
0.3125 -1.8 0.0321106
0.3125 -1.7 0.0507062
0.3125 -1.6 0.080344
0.3125 -1.5 0.126918
0.3125 -1.4 0.196815
0.3125 -1.3 0.303264
0.3125 -1.2 0.456879
0.3125 -1.1 0.670501
0.3125 -1 0.953781
0.3125 -0.9 1.29198
0.3125 -0.8 1.6606
0.3125 -0.7 1.97865
0.3125 -0.6 2.15118
0.3125 -0.5 2.11472
0.3125 -0.4 1.84873
0.3125 -0.3 1.44594
0.3125 -0.2 0.955036
0.3125 -0.1 0.483504
0.3125 -2.70617e-16 0.162747
0.375 -4 0
0.375 -3.9 2.81054e-06
0.375 -3.8 1.65389e-06
0.375 -3.7 4.13473e-06
0.375 -3.6 7.44251e-06
0.375 -3.5 7.77222e-06
0.375 -3.4 2.39814e-05
0.375 -3.3 2.51381e-05
0.375 -3.2 4.41578e-05
0.375 -3.1 6.44964e-05
0.375 -3 0.000116284
0.375 -2.9 0.000179805
0.375 -2.8 0.000275868
0.375 -2.7 0.000416429
0.375 -2.6 0.000700226
0.375 -2.5 0.00107467
0.375 -2.4 0.00171056
0.375 -2.3 0.00261919
0.375 -2.2 0.00421394
0.375 -2.1 0.00670938
0.375 -2 0.0108096
0.375 -1.9 0.0173289
0.375 -1.8 0.0269487
0.375 -1.7 0.0421703
0.375 -1.6 0.0662135
0.375 -1.5 0.103206
0.375 -1.4 0.161035
0.375 -1.3 0.247868
0.375 -1.2 0.378452
0.375 -1.1 0.562174
0.375 -1 0.802465
0.375 -0.9 1.10254
0.375 -0.8 1.44656
0.375 -0.7 1.76451
0.375 -0.6 1.96401
0.375 -0.5 1.99619
0.375 -0.4 1.78237
0.375 -0.3 1.39609
0.375 -0.2 0.965826
0.375 -0.1 0.519584
0.375 -2.70617e-16 0.194081
0.4375 -4 8.26946e-07
0.4375 -3.9 0
0.4375 -3.8 1.65389e-06
0.4375 -3.7 5.78862e-06
0.4375 -3.6 1.65389e-06
0.4375 -3.5 8.26946e-06
0.4375 -3.4 1.27339e-05
0.4375 -3.3 2.41436e-05
0.4375 -3.2 2.39814e-05
0.4375 -3.1 5.2757e-05
0.4375 -3 9.4434e-05
0.4375 -2.9 0.000146545
0.4375 -2.8 0.000209034
0.4375 -2.7 0.000368662
0.4375 -2.6 0.00052707
0.4375 -2.5 0.00091142
0.4375 -2.4 0.00140302
0.4375 -2.3 0.00220349
0.4375 -2.2 0.00343226
0.4375 -2.1 0.00556669
0.4375 -2 0.00884043
0.4375 -1.9 0.0137518
0.4375 -1.8 0.0216311
0.4375 -1.7 0.0340928
0.4375 -1.6 0.0536325
0.4375 -1.5 0.083492
0.4375 -1.4 0.131505
0.4375 -1.3 0.204018
0.4375 -1.2 0.308725
0.4375 -1.1 0.465119
0.4375 -1 0.670632
0.4375 -0.9 0.929636
0.4375 -0.8 1.23318
0.4375 -0.7 1.54058
0.4375 -0.6 1.75977
0.4375 -0.5 1.8374
0.4375 -0.4 1.69334
0.4375 -0.3 1.35377
0.4375 -0.2 0.953931
0.4375 -0.1 0.540555
0.4375 -2.70617e-16 0.223525
0.5 -4 8.26946e-07
0.5 -3.9 0
0.5 -3.8 8.26946e-07
0.5 -3.7 1.65389e-06
0.5 -3.6 7.44251e-06
0.5 -3.5 6.11833e-06
0.5 -3.4 1.22367e-05
0.5 -3.3 1.43878e-05
0.5 -3.2 3.22509e-05
0.5 -3.1 4.28336e-05
0.5 -3 6.79717e-05
0.5 -2.9 0.000119405
0.5 -2.8 0.000178112
0.5 -2.7 0.000290242
0.5 -2.6 0.000464464
0.5 -2.5 0.000721614
0.5 -2.4 0.00108408
0.5 -2.3 0.00175374
0.5 -2.2 0.00277472
0.5 -2.1 0.00440461
0.5 -2 0.00704588
0.5 -1.9 0.01091
0.5 -1.8 0.0173015
0.5 -1.7 0.0270225
0.5 -1.6 0.0429682
0.5 -1.5 0.0673264
0.5 -1.4 0.105835
0.5 -1.3 0.164914
0.5 -1.2 0.249551
0.5 -1.1 0.375718
0.5 -1 0.547998
0.5 -0.9 0.772609
0.5 -0.8 1.04223
0.5 -0.7 1.32442
0.5 -0.6 1.54469
0.5 -0.5 1.6584
0.5 -0.4 1.56128
0.5 -0.3 1.28335
0.5 -0.2 0.920897
0.5 -0.1 0.543734
0.5 -2.70617e-16 0.240774
0.5625 -4 0
0.5625 -3.9 0
0.5625 -3.8 2.48084e-06
0.5625 -3.7 4.13473e-06
0.5625 -3.6 2.81054e-06
0.5625 -3.5 9.92335e-06
0.5625 -3.4 9.0964e-06
0.5625 -3.3 1.05828e-05
0.5625 -3.2 2.18303e-05
0.5625 -3.1 3.30778e-05
0.5625 -3 4.8125e-05
0.5625 -2.9 9.49259e-05
0.5625 -2.8 0.000120905
0.5625 -2.7 0.000209855
0.5625 -2.6 0.000307792
0.5625 -2.5 0.000517521
0.5625 -2.4 0.000824739
0.5625 -2.3 0.00133008
0.5625 -2.2 0.00201296
0.5625 -2.1 0.00334678
0.5625 -2 0.00529852
0.5625 -1.9 0.00863501
0.5625 -1.8 0.0137162
0.5625 -1.7 0.0212555
0.5625 -1.6 0.0337212
0.5625 -1.5 0.0523702
0.5625 -1.4 0.0834178
0.5625 -1.3 0.12989
0.5625 -1.2 0.19794
0.5625 -1.1 0.299383
0.5625 -1 0.441813
0.5625 -0.9 0.627394
0.5625 -0.8 0.859189
0.5625 -0.7 1.10696
0.5625 -0.6 1.32943
0.5625 -0.5 1.45176
0.5625 -0.4 1.41845
0.5625 -0.3 1.19524
0.5625 -0.2 0.863632
0.5625 -0.1 0.527834
0.5625 -2.70617e-16 0.245338
0.625 -4 0
0.625 -3.9 0
0.625 -3.8 0
0.625 -3.7 1.65389e-06
0.625 -3.6 4.96167e-06
0.625 -3.5 5.78862e-06
0.625 -3.4 9.42611e-06
0.625 -3.3 9.92335e-06
0.625 -3.2 8.92887e-06
0.625 -3.1 2.66244e-05
0.625 -3 4.3842e-05
0.625 -2.9 5.44109e-05
0.625 -2.8 0.000104682
0.625 -2.7 0.000192165
0.625 -2.6 0.000252216
0.625 -2.5 0.000437126
0.625 -2.4 0.000679004
0.625 -2.3 0.00104435
0.625 -2.2 0.00165842
0.625 -2.1 0.00263287
0.625 -2 0.00416414
0.625 -1.9 0.00667418
0.625 -1.8 0.0103296
0.625 -1.7 0.016605
0.625 -1.6 0.0260865
0.625 -1.5 0.0409232
0.625 -1.4 0.0640457
0.625 -1.3 0.0994531
0.625 -1.2 0.153904
0.625 -1.1 0.233426
0.625 -1 0.344615
0.625 -0.9 0.496605
0.625 -0.8 0.688524
0.625 -0.7 0.906574
0.625 -0.6 1.11137
0.625 -0.5 1.24411
0.625 -0.4 1.25111
0.625 -0.3 1.07642
0.625 -0.2 0.808472
0.625 -0.1 0.495767
0.625 -2.70617e-16 0.249424
0.6875 -4 0
0.6875 -3.9 1.65389e-06
0.6875 -3.8 8.26946e-07
0.6875 -3.7 1.65389e-06
0.6875 -3.6 1.15665e-06
0.6875 -3.5 1.65389e-06
0.6875 -3.4 6.44803e-06
0.6875 -3.3 8.59916e-06
0.6875 -3.2 1.27339e-05
0.6875 -3.1 1.68633e-05
0.6875 -3 3.24131e-05
0.6875 -2.9 4.81582e-05
0.6875 -2.8 8.31811e-05
0.6875 -2.7 0.000122056
0.6875 -2.6 0.000212674
0.6875 -2.5 0.000321529
0.6875 -2.4 0.000532236
0.6875 -2.3 0.000819187
0.6875 -2.2 0.00124797
0.6875 -2.1 0.00202701
0.6875 -2 0.00322752
0.6875 -1.9 0.00485417
0.6875 -1.8 0.00797121
0.6875 -1.7 0.0124715
0.6875 -1.6 0.0199113
0.6875 -1.5 0.0305393
0.6875 -1.4 0.0481164
0.6875 -1.3 0.0750705
0.6875 -1.2 0.116653
0.6875 -1.1 0.178073
0.6875 -1 0.26688
0.6875 -0.9 0.387606
0.6875 -0.8 0.540148
0.6875 -0.7 0.721987
0.6875 -0.6 0.903434
0.6875 -0.5 1.03616
0.6875 -0.4 1.07509
0.6875 -0.3 0.940704
0.6875 -0.2 0.72104
0.6875 -0.1 0.460888
0.6875 -2.70617e-16 0.237949
0.75 -4 0
0.75 -3.9 0
0.75 -3.8 8.26946e-07
0.75 -3.7 8.26946e-07
0.75 -3.6 0
0.75 -3.5 1.65389e-06
0.75 -3.4 3.30778e-06
0.75 -3.3 7.77222e-06
0.75 -3.2 1.05828e-05
0.75 -3.1 1.67011e-05
0.75 -3 2.13331e-05
0.75 -2.9 4.21881e-05
0.75 -2.8 6.99638e-05
0.75 -2.7 8.16947e-05
0.75 -2.6 0.00015165
0.75 -2.5 0.00022182
0.75 -2.4 0.000410647
0.75 -2.3 0.00065935
0.75 -2.2 0.000950057
0.75 -2.1 0.00161276
0.75 -2 0.00241374
0.75 -1.9 0.0037408
0.75 -1.8 0.00592164
0.75 -1.7 0.0093621
0.75 -1.6 0.0144562
0.75 -1.5 0.0228831
0.75 -1.4 0.0363524
0.75 -1.3 0.0565542
0.75 -1.2 0.088425
0.75 -1.1 0.133883
0.75 -1 0.200084
0.75 -0.9 0.294599
0.75 -0.8 0.416371
0.75 -0.7 0.561989
0.75 -0.6 0.718672
0.75 -0.5 0.846794
0.75 -0.4 0.895327
0.75 -0.3 0.820304
0.75 -0.2 0.612034
0.75 -0.1 0.416515
0.75 -2.70617e-16 0.214897
0.8125 -4 0
0.8125 -3.9 8.26946e-07
0.8125 -3.8 0
0.8125 -3.7 0
0.8125 -3.6 1.65389e-06
0.8125 -3.5 2.48084e-06
0.8125 -3.4 3.30778e-06
0.8125 -3.3 3.9672e-06
0.8125 -3.2 6.11833e-06
0.8125 -3.1 1.58741e-05
0.8125 -3 1.77148e-05
0.8125 -2.9 2.92728e-05
0.8125 -2.8 4.41525e-05
0.8125 -2.7 6.61449e-05
0.8125 -2.6 9.22721e-05
0.8125 -2.5 0.000150999
0.8125 -2.4 0.000247961
0.8125 -2.3 0.000407892
0.8125 -2.2 0.000638325
0.8125 -2.1 0.00103378
0.8125 -2 0.00160456
0.8125 -1.9 0.00263475
0.8125 -1.8 0.00429662
0.8125 -1.7 0.0065156
0.8125 -1.6 0.010666
0.8125 -1.5 0.0165781
0.8125 -1.4 0.0264646
0.8125 -1.3 0.0414764
0.8125 -1.2 0.0643774
0.8125 -1.1 0.0979976
0.8125 -1 0.146303
0.8125 -0.9 0.215208
0.8125 -0.8 0.312163
0.8125 -0.7 0.430477
0.8125 -0.6 0.553392
0.8125 -0.5 0.665424
0.8125 -0.4 0.719322
0.8125 -0.3 0.682103
0.8125 -0.2 0.531325
0.8125 -0.1 0.354236
0.8125 -2.70617e-16 0.190502
0.875 -4 0
0.875 -3.9 0
0.875 -3.8 0
0.875 -3.7 1.65389e-06
0.875 -3.6 8.26946e-07
0.875 -3.5 1.9836e-06
0.875 -3.4 1.65389e-06
0.875 -3.3 2.81054e-06
0.875 -3.2 3.63749e-06
0.875 -3.1 3.63749e-06
0.875 -3 1.108e-05
0.875 -2.9 2.16628e-05
0.875 -2.8 2.44733e-05
0.875 -2.7 5.27655e-05
0.875 -2.6 7.34445e-05
0.875 -2.5 0.000111344
0.875 -2.4 0.000172827
0.875 -2.3 0.000293251
0.875 -2.2 0.000439663
0.875 -2.1 0.000752923
0.875 -2 0.00119062
0.875 -1.9 0.0018343
0.875 -1.8 0.00290689
0.875 -1.7 0.00466981
0.875 -1.6 0.00736489
0.875 -1.5 0.0117048
0.875 -1.4 0.0190359
0.875 -1.3 0.0295326
0.875 -1.2 0.045574
0.875 -1.1 0.0704856
0.875 -1 0.107118
0.875 -0.9 0.157474
0.875 -0.8 0.228043
0.875 -0.7 0.315201
0.875 -0.6 0.412509
0.875 -0.5 0.503312
0.875 -0.4 0.553505
0.875 -0.3 0.537517
0.875 -0.2 0.449672
0.875 -0.1 0.29443
0.875 -2.70617e-16 0.167237
0.9375 -4 0
0.9375 -3.9 0
0.9375 -3.8 8.26946e-07
0.9375 -3.7 8.26946e-07
0.9375 -3.6 8.26946e-07
0.9375 -3.5 1.65389e-06
0.9375 -3.4 2.48084e-06
0.9375 -3.3 8.26946e-07
0.9375 -3.2 1.65389e-06
0.9375 -3.1 1.108e-05
0.9375 -3 6.44803e-06
0.9375 -2.9 6.94527e-06
0.9375 -2.8 1.76902e-05
0.9375 -2.7 2.67866e-05
0.9375 -2.6 3.72072e-05
0.9375 -2.5 8.10577e-05
0.9375 -2.4 0.000102105
0.9375 -2.3 0.000180968
0.9375 -2.2 0.000319002
0.9375 -2.1 0.0005035
0.9375 -2 0.000771458
0.9375 -1.9 0.00122402
0.9375 -1.8 0.0018882
0.9375 -1.7 0.00317842
0.9375 -1.6 0.00511161
0.9375 -1.5 0.00810542
0.9375 -1.4 0.0128628
0.9375 -1.3 0.0203915
0.9375 -1.2 0.0316784
0.9375 -1.1 0.0489122
0.9375 -1 0.0749717
0.9375 -0.9 0.11092
0.9375 -0.8 0.163465
0.9375 -0.7 0.226587
0.9375 -0.6 0.298233
0.9375 -0.5 0.371083
0.9375 -0.4 0.414858
0.9375 -0.3 0.415875
0.9375 -0.2 0.352034
0.9375 -0.1 0.244233
0.9375 -2.70617e-16 0.136839
1 -4 0
1 -3.9 0
1 -3.8 0
1 -3.7 0
1 -3.6 0
1 -3.5 8.26946e-07
1 -3.4 8.26946e-07
1 -3.3 1.65389e-06
1 -3.2 3.63749e-06
1 -3.1 3.63749e-06
1 -3 5.62109e-06
1 -2.9 1.02531e-05
1 -2.8 1.52147e-05
1 -2.7 2.13277e-05
1 -2.6 3.86989e-05
1 -2.5 7.07715e-05
1 -2.4 8.51732e-05
1 -2.3 0.000131614
1 -2.2 0.000212199
1 -2.1 0.000360589
1 -2 0.000506116
1 -1.9 0.000919616
1 -1.8 0.00133544
1 -1.7 0.002147
1 -1.6 0.00336122
1 -1.5 0.00543152
1 -1.4 0.00842382
1 -1.3 0.0132764
1 -1.2 0.0211486
1 -1.1 0.0333876
1 -1 0.0501367
1 -0.9 0.0739369
1 -0.8 0.11328
1 -0.7 0.158182
1 -0.6 0.212751
1 -0.5 0.260799
1 -0.4 0.301269
1 -0.3 0.307379
1 -0.2 0.262393
1 -0.1 0.188915
1 -2.70617e-16 0.107492
1.0625 -4 0
1.0625 -3.9 0
1.0625 -3.8 0
1.0625 -3.7 0
1.0625 -3.6 0
1.0625 -3.5 1.65389e-06
1.0625 -3.4 3.29707e-07
1.0625 -3.3 0
1.0625 -3.2 1.65389e-06
1.0625 -3.1 1.15665e-06
1.0625 -3 3.63749e-06
1.0625 -2.9 4.96167e-06
1.0625 -2.8 6.61556e-06
1.0625 -2.7 1.3723e-05
1.0625 -2.6 2.53003e-05
1.0625 -2.5 3.29049e-05
1.0625 -2.4 5.04715e-05
1.0625 -2.3 8.35247e-05
1.0625 -2.2 0.000158494
1.0625 -2.1 0.00025833
1.0625 -2 0.000364957
1.0625 -1.9 0.00061454
1.0625 -1.8 0.000941421
1.0625 -1.7 0.00145283
1.0625 -1.6 0.00239054
1.0625 -1.5 0.00364283
1.0625 -1.4 0.00539362
1.0625 -1.3 0.00858118
1.0625 -1.2 0.0133872
1.0625 -1.1 0.0204182
1.0625 -1 0.0317873
1.0625 -0.9 0.0485307
1.0625 -0.8 0.0729224
1.0625 -0.7 0.107726
1.0625 -0.6 0.143968
1.0625 -0.5 0.17643
1.0625 -0.4 0.2055
1.0625 -0.3 0.214579
1.0625 -0.2 0.186164
1.0625 -0.1 0.137565
1.0625 -2.70617e-16 0.0796235
1.125 -4 0
1.125 -3.9 0
1.125 -3.8 0
1.125 -3.7 0
1.125 -3.6 0
1.125 -3.5 0
1.125 -3.4 8.26946e-07
1.125 -3.3 8.26946e-07
1.125 -3.2 1.15665e-06
1.125 -3.1 1.65389e-06
1.125 -3 8.26946e-07
1.125 -2.9 3.30778e-06
1.125 -2.8 7.77222e-06
1.125 -2.7 1.43878e-05
1.125 -2.6 1.67011e-05
1.125 -2.5 1.53715e-05
1.125 -2.4 4.31526e-05
1.125 -2.3 6.32331e-05
1.125 -2.2 8.42033e-05
1.125 -2.1 0.000124592
1.125 -2 0.000205439
1.125 -1.9 0.000293898
1.125 -1.8 0.00046583
1.125 -1.7 0.000756678
1.125 -1.6 0.00123915
1.125 -1.5 0.00206906
1.125 -1.4 0.00326671
1.125 -1.3 0.00508124
1.125 -1.2 0.00849691
1.125 -1.1 0.0132511
1.125 -1 0.0197401
1.125 -0.9 0.0299071
1.125 -0.8 0.0464166
1.125 -0.7 0.0684632
1.125 -0.6 0.0932678
1.125 -0.5 0.114921
1.125 -0.4 0.132234
1.125 -0.3 0.14245
1.125 -0.2 0.123785
1.125 -0.1 0.0920504
1.125 -2.70617e-16 0.0547209
1.1875 -4 0
1.1875 -3.9 0
1.1875 -3.8 0
1.1875 -3.7 0
1.1875 -3.6 0
1.1875 -3.5 0
1.1875 -3.4 0
1.1875 -3.3 0
1.1875 -3.2 0
1.1875 -3.1 8.26946e-07
1.1875 -3 1.65389e-06
1.1875 -2.9 2.48084e-06
1.1875 -2.8 1.65389e-06
1.1875 -2.7 3.46996e-06
1.1875 -2.6 7.10745e-06
1.1875 -2.5 7.60469e-06
1.1875 -2.4 2.9435e-05
1.1875 -2.3 2.41714e-05
1.1875 -2.2 6.1719e-05
1.1875 -2.1 8.28984e-05
1.1875 -2 0.000131664
1.1875 -1.9 0.000233201
1.1875 -1.8 0.000357778
1.1875 -1.7 0.00058335
1.1875 -1.6 0.000900133
1.1875 -1.5 0.00130691
1.1875 -1.4 0.0020362
1.1875 -1.3 0.0033584
1.1875 -1.2 0.00523064
1.1875 -1.1 0.00737465
1.1875 -1 0.0115559
1.1875 -0.9 0.0174848
1.1875 -0.8 0.0255914
1.1875 -0.7 0.0404647
1.1875 -0.6 0.0561191
1.1875 -0.5 0.0711426
1.1875 -0.4 0.0812272
1.1875 -0.3 0.0865888
1.1875 -0.2 0.0800134
1.1875 -0.1 0.0572073
1.1875 -2.70617e-16 0.0343669
1.25 -4 0
1.25 -3.9 0
1.25 -3.8 0
1.25 -3.7 0
1.25 -3.6 0
1.25 -3.5 8.26946e-07
1.25 -3.4 0
1.25 -3.3 8.26946e-07
1.25 -3.2 3.30778e-06
1.25 -3.1 2.48084e-06
1.25 -3 0
1.25 -2.9 0
1.25 -2.8 3.63749e-06
1.25 -2.7 6.11833e-06
1.25 -2.6 4.96167e-06
1.25 -2.5 1.25664e-05
1.25 -2.4 2.56546e-05
1.25 -2.3 2.28194e-05
1.25 -2.2 3.80341e-05
1.25 -2.1 6.61888e-05
1.25 -2 0.000103418
1.25 -1.9 0.000161678
1.25 -1.8 0.000208889
1.25 -1.7 0.000314516
1.25 -1.6 0.000529924
1.25 -1.5 0.000870699
1.25 -1.4 0.00135619
1.25 -1.3 0.0020228
1.25 -1.2 0.00306345
1.25 -1.1 0.00467619
1.25 -1 0.00705726
1.25 -0.9 0.00984873
1.25 -0.8 0.0146711
1.25 -0.7 0.0232558
1.25 -0.6 0.032353
1.25 -0.5 0.0398215
1.25 -0.4 0.0453011
1.25 -0.3 0.0443646
1.25 -0.2 0.0410645
1.25 -0.1 0.0340443
1.25 -2.70617e-16 0.0179649
1.3125 -4 0
1.3125 -3.9 0
1.3125 -3.8 0
1.3125 -3.7 0
1.3125 -3.6 0
1.3125 -3.5 0
1.3125 -3.4 0
1.3125 -3.3 0
1.3125 -3.2 0
1.3125 -3.1 0
1.3125 -3 0
1.3125 -2.9 8.26946e-07
1.3125 -2.8 1.65389e-06
1.3125 -2.7 1.81607e-06
1.3125 -2.6 4.13473e-06
1.3125 -2.5 6.94527e-06
1.3125 -2.4 2.48084e-06
1.3125 -2.3 1.2561e-05
1.3125 -2.2 1.55444e-05
1.3125 -2.1 2.16574e-05
1.3125 -2 5.24551e-05
1.3125 -1.9 8.12499e-05
1.3125 -1.8 0.00011121
1.3125 -1.7 0.000232584
1.3125 -1.6 0.000329893
1.3125 -1.5 0.000528036
1.3125 -1.4 0.000866017
1.3125 -1.3 0.00128857
1.3125 -1.2 0.00190347
1.3125 -1.1 0.00256311
1.3125 -1 0.00377485
1.3125 -0.9 0.00522119
1.3125 -0.8 0.00790434
1.3125 -0.7 0.0118897
1.3125 -0.6 0.0153474
1.3125 -0.5 0.017791
1.3125 -0.4 0.0219199
1.3125 -0.3 0.0202338
1.3125 -0.2 0.0151369
1.3125 -0.1 0.0126385
1.3125 -2.70617e-16 0.00742664
1.375 -4 0
1.375 -3.9 0
1.375 -3.8 0
1.375 -3.7 0
1.375 -3.6 0
1.375 -3.5 0
1.375 -3.4 0
1.375 -3.3 0
1.375 -3.2 0
1.375 -3.1 0
1.375 -3 0
1.375 -2.9 0
1.375 -2.8 0
1.375 -2.7 1.92469e-08
1.375 -2.6 0
1.375 -2.5 8.26946e-07
1.375 -2.4 4.13473e-06
1.375 -2.3 2.48084e-06
1.375 -2.2 6.11833e-06
1.375 -2.1 4.98092e-06
1.375 -2 1.47175e-05
1.375 -1.9 3.15861e-05
1.375 -1.8 5.1595e-05
1.375 -1.7 6.96203e-05
1.375 -1.6 0.000106698
1.375 -1.5 0.000173354
1.375 -1.4 0.000256846
1.375 -1.3 0.000395052
1.375 -1.2 0.000623766
1.375 -1.1 0.00102914
1.375 -1 0.00146319
1.375 -0.9 0.00208664
1.375 -0.8 0.00322862
1.375 -0.7 0.00408649
1.375 -0.6 0.00471354
1.375 -0.5 0.00516938
1.375 -0.4 0.00586424
1.375 -0.3 0.00592899
1.375 -0.2 0.00336356
1.375 -0.1 0.00228046
1.375 -2.70617e-16 0.00168819
1.4375 -4 0
1.4375 -3.9 0
1.4375 -3.8 0
1.4375 -3.7 0
1.4375 -3.6 0
1.4375 -3.5 0
1.4375 -3.4 0
1.4375 -3.3 0
1.4375 -3.2 0
1.4375 -3.1 0
1.4375 -3 0
1.4375 -2.9 0
1.4375 -2.8 0
1.4375 -2.7 0
1.4375 -2.6 0
1.4375 -2.5 0
1.4375 -2.4 0
1.4375 -2.3 1.65389e-06
1.4375 -2.2 0
1.4375 -2.1 0
1.4375 -2 8.26946e-07
1.4375 -1.9 1.65389e-06
1.4375 -1.8 1.65389e-06
1.4375 -1.7 1.65389e-06
1.4375 -1.6 1.92469e-08
1.4375 -1.5 1.67314e-06
1.4375 -1.4 6.63481e-06
1.4375 -1.3 1.49428e-05
1.4375 -1.2 1.66544e-05
1.4375 -1.1 3.12236e-05
1.4375 -1 9.2522e-05
1.4375 -0.9 0.00020766
1.4375 -0.8 0.000249973
1.4375 -0.7 0.000276623
1.4375 -0.6 0.000316141
1.4375 -0.5 0.000223969
1.4375 -0.4 0.000206167
1.4375 -0.3 0.00012785
1.4375 -0.2 4.55397e-05
1.4375 -0.1 0
1.4375 -2.70617e-16 3.0597e-05
1.5 -4 0
1.5 -3.9 0
1.5 -3.8 0
1.5 -3.7 0
1.5 -3.6 0
1.5 -3.5 0
1.5 -3.4 0
1.5 -3.3 0
1.5 -3.2 0
1.5 -3.1 0
1.5 -3 0
1.5 -2.9 0
1.5 -2.8 0
1.5 -2.7 0
1.5 -2.6 0
1.5 -2.5 0
1.5 -2.4 0
1.5 -2.3 0
1.5 -2.2 0
1.5 -2.1 0
1.5 -2 0
1.5 -1.9 0
1.5 -1.8 0
1.5 -1.7 0
1.5 -1.6 0
1.5 -1.5 0
1.5 -1.4 0
1.5 -1.3 0
1.5 -1.2 0
1.5 -1.1 0
1.5 -1 0
1.5 -0.9 0
1.5 -0.8 0
1.5 -0.7 0
1.5 -0.6 0
1.5 -0.5 0
1.5 -0.4 0
1.5 -0.3 0
1.5 -0.2 0
1.5 -0.1 0
1.5 -2.70617e-16 0
