1.3501e-01 6.6818e-11
1.3526e-01 7.0808e-11
1.3565e-01 7.9449e-11
1.3589e-01 8.9145e-11
1.3604e-01 1.0002e-10
1.3614e-01 1.1223e-10
1.3620e-01 1.2592e-10
1.3623e-01 1.4129e-10
1.3626e-01 1.5853e-10
1.3627e-01 1.7788e-10
1.3628e-01 1.9959e-10
1.3629e-01 2.2394e-10
1.3629e-01 2.5127e-10
1.3630e-01 2.8193e-10
1.3630e-01 3.1634e-10
1.3630e-01 3.5494e-10
1.3630e-01 3.9825e-10
1.3630e-01 4.4685e-10
1.3630e-01 5.0138e-10
1.3630e-01 5.6257e-10
1.3630e-01 6.3122e-10
1.3630e-01 7.0825e-10
1.3630e-01 7.9468e-10
1.3630e-01 8.9165e-10
1.3630e-01 1.0005e-09
1.3630e-01 1.1225e-09
1.3630e-01 1.2595e-09
1.3630e-01 1.4132e-09
1.3630e-01 1.5857e-09
1.3630e-01 1.7792e-09
1.3630e-01 1.9963e-09
1.3630e-01 2.2399e-09
1.3630e-01 2.5133e-09
1.3630e-01 2.8200e-09
1.3630e-01 3.1641e-09
1.3630e-01 3.3619e-09
1.3656e-01 3.5502e-09
1.3698e-01 3.9835e-09
1.3724e-01 4.4696e-09
1.3740e-01 5.0150e-09
1.3751e-01 5.6270e-09
1.3757e-01 6.3136e-09
1.3761e-01 6.9511e-09
1.3771e-01 7.0841e-09
1.3827e-01 7.9486e-09
1.3861e-01 8.9186e-09
1.3882e-01 1.0007e-08
1.3892e-01 1.0889e-08
1.3910e-01 1.1228e-08
1.3972e-01 1.2598e-08
1.4009e-01 1.4136e-08
1.4026e-01 1.5282e-08
1.4049e-01 1.5861e-08
1.4114e-01 1.7796e-08
1.4154e-01 1.9968e-08
1.4160e-01 2.0397e-08
1.4223e-01 2.2404e-08
1.4277e-01 2.5139e-08
1.4296e-01 2.6551e-08
1.4338e-01 2.8206e-08
1.4400e-01 3.1648e-08
1.4432e-01 3.4425e-08
1.4454e-01 3.5510e-08
1.4521e-01 3.9844e-08
1.4566e-01 4.4706e-08
1.4571e-01 4.5380e-08
1.4632e-01 5.0161e-08
1.4680e-01 5.6283e-08
1.4709e-01 6.3151e-08
1.4710e-01 6.3284e-08
1.4766e-01 7.0857e-08
1.4805e-01 7.9504e-08
1.4829e-01 8.9206e-08
1.4844e-01 1.0009e-07
1.4851e-01 1.0753e-07
1.4874e-01 1.1231e-07
1.4924e-01 1.2601e-07
1.4958e-01 1.4139e-07
1.4977e-01 1.5864e-07
1.4990e-01 1.7800e-07
1.4993e-01 1.8497e-07
1.4995e-01 1.7800e-07
1.5002e-01 1.5864e-07
1.5013e-01 1.4139e-07
1.5030e-01 1.2601e-07
1.5059e-01 1.1231e-07
1.5102e-01 1.0009e-07
1.5137e-01 9.3440e-08
1.5159e-01 8.9206e-08
1.5230e-01 7.9504e-08
1.5282e-01 7.4733e-08
1.5343e-01 7.0857e-08
1.5428e-01 6.5855e-08
1.5521e-01 6.3151e-08
1.5576e-01 6.1373e-08
1.5725e-01 5.8311e-08
1.5863e-01 5.6283e-08
1.5876e-01 5.6057e-08
1.6028e-01 5.3708e-08
1.6182e-01 5.2295e-08
1.6337e-01 5.1490e-08
1.6493e-01 5.1001e-08
1.6651e-01 5.0551e-08
1.6762e-01 5.0161e-08
1.6811e-01 4.9914e-08
1.6972e-01 4.9320e-08
1.7134e-01 4.8868e-08
1.7299e-01 4.8438e-08
1.7464e-01 4.7959e-08
1.7632e-01 4.7528e-08
1.7800e-01 4.7174e-08
1.7971e-01 4.6874e-08
1.8143e-01 4.6607e-08
1.8317e-01 4.6384e-08
1.8492e-01 4.6139e-08
1.8670e-01 4.5852e-08
1.8848e-01 4.5610e-08
1.9029e-01 4.5395e-08
1.9211e-01 4.5210e-08
1.9395e-01 4.5063e-08
1.9581e-01 4.4915e-08
1.9727e-01 4.4706e-08
1.9769e-01 4.4612e-08
1.9958e-01 4.4213e-08
2.0149e-01 4.3850e-08
2.0342e-01 4.3517e-08
2.0537e-01 4.3201e-08
2.0734e-01 4.2865e-08
2.0932e-01 4.2534e-08
2.1133e-01 4.2248e-08
2.1335e-01 4.1979e-08
2.1540e-01 4.1713e-08
2.1746e-01 4.1448e-08
2.1954e-01 4.1215e-08
2.2165e-01 4.1019e-08
2.2377e-01 4.0837e-08
2.2591e-01 4.0650e-08
2.2808e-01 4.0455e-08
2.3026e-01 4.0260e-08
2.3247e-01 4.0023e-08
2.3406e-01 3.9844e-08
2.3470e-01 3.9745e-08
2.3694e-01 3.9398e-08
2.3921e-01 3.9060e-08
2.4151e-01 3.8745e-08
2.4382e-01 3.8443e-08
2.4615e-01 3.8199e-08
2.4851e-01 3.7953e-08
2.5089e-01 3.7701e-08
2.5330e-01 3.7430e-08
2.5572e-01 3.7137e-08
2.5817e-01 3.6832e-08
2.6065e-01 3.6591e-08
2.6314e-01 3.6344e-08
2.6566e-01 3.6082e-08
2.6821e-01 3.5812e-08
2.7078e-01 3.5539e-08
2.7106e-01 3.5510e-08
2.7337e-01 3.5216e-08
2.7599e-01 3.4936e-08
2.7863e-01 3.4671e-08
2.8130e-01 3.4416e-08
2.8400e-01 3.4167e-08
2.8672e-01 3.3919e-08
2.8947e-01 3.3703e-08
2.9224e-01 3.3473e-08
2.9504e-01 3.3232e-08
2.9786e-01 3.2944e-08
3.0072e-01 3.2675e-08
3.0360e-01 3.2422e-08
3.0651e-01 3.2190e-08
3.0944e-01 3.2040e-08
3.1241e-01 3.1850e-08
3.1540e-01 3.1660e-08
3.1559e-01 3.1648e-08
3.1842e-01 3.1381e-08
3.2147e-01 3.1105e-08
3.2455e-01 3.0838e-08
3.2766e-01 3.0510e-08
3.3080e-01 3.0170e-08
3.3397e-01 2.9832e-08
3.3717e-01 2.9538e-08
3.4040e-01 2.9247e-08
3.4366e-01 2.8947e-08
3.4695e-01 2.8707e-08
3.5027e-01 2.8495e-08
3.5363e-01 2.8301e-08
3.5502e-01 2.8206e-08
3.5702e-01 2.8019e-08
3.6044e-01 2.7647e-08
3.6389e-01 2.7277e-08
3.6737e-01 2.6925e-08
3.7089e-01 2.6596e-08
3.7445e-01 2.6276e-08
3.7803e-01 2.5959e-08
3.8165e-01 2.5642e-08
3.8531e-01 2.5341e-08
3.8758e-01 2.5139e-08
3.8900e-01 2.4963e-08
3.9273e-01 2.4475e-08
3.9649e-01 2.4007e-08
4.0029e-01 2.3555e-08
4.0412e-01 2.3111e-08
4.0799e-01 2.2670e-08
4.1035e-01 2.2404e-08
4.1190e-01 2.2180e-08
4.1585e-01 2.1597e-08
4.1983e-01 2.1025e-08
4.2385e-01 2.0475e-08
4.2786e-01 1.9968e-08
4.2791e-01 1.9961e-08
4.3201e-01 1.9258e-08
4.3615e-01 1.8641e-08
4.4033e-01 1.8029e-08
4.4192e-01 1.7796e-08
4.4455e-01 1.7337e-08
4.4881e-01 1.6636e-08
4.5311e-01 1.5961e-08
4.5376e-01 1.5861e-08
4.5745e-01 1.5165e-08
4.6183e-01 1.4402e-08
4.6341e-01 1.4136e-08
4.6625e-01 1.3574e-08
4.7072e-01 1.2783e-08
4.7175e-01 1.2598e-08
4.7523e-01 1.1895e-08
4.7911e-01 1.1228e-08
4.7978e-01 1.1104e-08
4.8438e-01 1.0241e-08
4.8580e-01 1.0007e-08
4.8902e-01 9.4526e-09
4.9230e-01 8.9186e-09
4.9370e-01 8.6898e-09
4.9816e-01 7.9486e-09
4.9843e-01 7.9065e-09
5.0321e-01 7.1532e-09
5.0360e-01 7.0841e-09
5.0803e-01 6.3651e-09
5.0828e-01 6.3136e-09
5.1270e-01 5.6270e-09
5.1289e-01 5.5995e-09
5.1594e-01 5.0150e-09
5.1781e-01 4.7514e-09
5.1904e-01 4.4696e-09
5.2245e-01 3.9835e-09
5.2277e-01 3.9436e-09
5.2447e-01 3.5502e-09
5.2742e-01 3.1641e-09
5.2777e-01 3.1253e-09
5.2891e-01 2.8200e-09
5.3084e-01 2.5133e-09
5.3283e-01 2.3150e-09
5.3302e-01 2.2399e-09
5.3374e-01 1.9963e-09
5.3503e-01 1.7792e-09
5.3708e-01 1.5857e-09
5.3793e-01 1.5205e-09
5.3803e-01 1.4132e-09
5.3826e-01 1.2595e-09
5.3863e-01 1.1225e-09
5.3916e-01 1.0005e-09
5.4001e-01 8.9165e-10
5.4140e-01 7.9468e-10
5.4309e-01 7.2861e-10
5.4471e-01 7.9468e-10
5.4603e-01 8.9165e-10
5.4684e-01 1.0005e-09
5.4734e-01 1.1225e-09
5.4771e-01 1.2595e-09
5.4792e-01 1.4132e-09
5.4805e-01 1.5857e-09
5.4815e-01 1.7792e-09
5.4820e-01 1.9963e-09
5.4823e-01 2.2399e-09
5.4825e-01 2.5133e-09
5.4827e-01 2.8200e-09
5.4827e-01 3.1641e-09
5.4828e-01 3.5502e-09
5.4828e-01 3.9835e-09
5.4829e-01 4.4696e-09
5.4829e-01 5.0150e-09
5.4829e-01 5.6270e-09
5.4829e-01 6.3136e-09
5.4829e-01 7.0841e-09
5.4829e-01 7.9486e-09
5.4829e-01 8.9186e-09
5.4829e-01 1.0007e-08
5.4829e-01 1.1228e-08
5.4829e-01 1.2598e-08
5.4829e-01 1.4136e-08
5.4829e-01 1.5861e-08
5.4829e-01 1.7796e-08
5.4829e-01 1.9968e-08
5.4829e-01 2.2404e-08
5.4829e-01 2.5139e-08
5.4829e-01 2.8206e-08
5.4829e-01 3.1648e-08
5.4829e-01 3.5510e-08
5.4829e-01 3.9844e-08
5.4829e-01 4.4706e-08
5.4829e-01 5.0161e-08
5.4827e-01 5.6283e-08
5.4824e-01 6.3151e-08
5.4820e-01 7.0857e-08
5.4309e-01 7.9415e-08
5.3793e-01 7.8091e-08
5.3792e-01 7.9504e-08
5.3790e-01 8.9206e-08
5.3782e-01 1.0009e-07
5.3753e-01 1.1231e-07
5.3691e-01 1.2601e-07
5.3283e-01 1.3870e-07
5.3277e-01 1.4139e-07
5.3257e-01 1.5864e-07
5.3201e-01 1.7800e-07
5.2777e-01 1.9734e-07
5.2746e-01 1.9972e-07
5.2567e-01 2.2410e-07
5.2277e-01 2.4087e-07
5.2214e-01 2.5144e-07
5.1818e-01 2.8213e-07
5.1781e-01 2.8498e-07
5.1598e-01 3.1656e-07
5.1289e-01 3.4443e-07
5.1246e-01 3.5519e-07
5.0808e-01 3.9853e-07
5.0803e-01 3.9902e-07
5.0321e-01 4.4596e-07
5.0320e-01 4.4716e-07
5.0284e-01 5.0173e-07
4.9889e-01 5.6296e-07
4.9843e-01 5.6984e-07
4.9370e-01 5.9792e-07
4.8902e-01 6.3037e-07
4.8894e-01 6.3166e-07
4.8438e-01 7.0671e-07
4.8406e-01 7.0874e-07
4.7978e-01 7.8414e-07
4.7788e-01 7.9522e-07
4.7523e-01 8.4818e-07
4.7072e-01 8.9196e-07
4.7069e-01 8.9227e-07
4.6625e-01 9.9382e-07
4.6568e-01 1.0012e-06
4.6183e-01 1.1032e-06
4.6093e-01 1.1233e-06
4.5745e-01 1.2333e-06
4.5358e-01 1.2604e-06
4.5311e-01 1.2728e-06
4.4881e-01 1.3903e-06
4.4816e-01 1.4142e-06
4.4455e-01 1.5597e-06
4.4250e-01 1.5868e-06
4.4033e-01 1.6673e-06
4.3615e-01 1.7278e-06
4.3201e-01 1.7769e-06
4.3180e-01 1.7804e-06
4.2791e-01 1.9542e-06
4.2607e-01 1.9977e-06
4.2385e-01 2.1213e-06
4.1983e-01 2.2207e-06
4.1616e-01 2.2415e-06
4.1585e-01 2.2557e-06
4.1190e-01 2.4483e-06
4.0799e-01 2.5010e-06
4.0662e-01 2.5150e-06
4.0412e-01 2.6812e-06
4.0029e-01 2.7919e-06
3.9850e-01 2.8219e-06
3.9649e-01 2.9547e-06
3.9273e-01 3.1008e-06
3.9082e-01 3.1663e-06
3.8900e-01 3.3333e-06
3.8531e-01 3.4963e-06
3.8165e-01 3.4984e-06
3.7803e-01 3.5238e-06
3.7608e-01 3.5527e-06
3.7445e-01 3.7072e-06
3.7089e-01 3.8090e-06
3.6737e-01 3.8349e-06
3.6389e-01 3.8936e-06
3.6044e-01 3.9482e-06
3.5739e-01 3.9862e-06
3.5702e-01 4.0254e-06
3.5363e-01 4.2802e-06
3.5027e-01 4.3928e-06
3.4695e-01 4.4498e-06
3.4366e-01 4.4719e-06
3.4356e-01 4.4727e-06
3.4040e-01 4.8224e-06
3.3717e-01 4.9861e-06
3.3600e-01 5.0185e-06
3.3397e-01 5.2541e-06
3.3080e-01 5.5717e-06
3.2983e-01 5.6309e-06
3.2766e-01 5.8758e-06
3.2455e-01 6.0955e-06
3.2147e-01 6.1648e-06
3.1842e-01 6.2529e-06
3.1540e-01 6.2887e-06
3.1241e-01 6.3107e-06
3.1139e-01 6.3180e-06
3.0944e-01 6.4158e-06
3.0651e-01 6.7068e-06
3.0360e-01 6.9628e-06
3.0072e-01 7.0609e-06
2.9912e-01 7.0890e-06
2.9786e-01 7.2873e-06
2.9504e-01 7.6579e-06
2.9224e-01 7.8414e-06
2.8947e-01 7.9234e-06
2.8732e-01 7.9541e-06
2.8672e-01 8.0821e-06
2.8400e-01 8.5615e-06
2.8130e-01 8.7726e-06
2.7863e-01 8.8730e-06
2.7625e-01 8.9247e-06
2.7599e-01 8.9899e-06
2.7337e-01 9.6342e-06
2.7078e-01 9.9073e-06
2.6821e-01 1.0007e-05
2.6807e-01 1.0014e-05
2.6566e-01 1.0840e-05
2.6314e-01 1.1146e-05
2.6075e-01 1.1236e-05
2.6065e-01 1.1275e-05
2.5817e-01 1.2121e-05
2.5572e-01 1.2262e-05
2.5330e-01 1.2379e-05
2.5089e-01 1.2483e-05
2.4851e-01 1.2539e-05
2.4615e-01 1.2575e-05
2.4382e-01 1.2599e-05
2.4334e-01 1.2607e-05
2.4151e-01 1.3362e-05
2.3921e-01 1.3856e-05
2.3694e-01 1.4049e-05
2.3470e-01 1.4124e-05
2.3356e-01 1.4145e-05
2.3247e-01 1.4670e-05
2.3026e-01 1.5439e-05
2.2808e-01 1.5746e-05
2.2591e-01 1.5861e-05
2.2567e-01 1.5872e-05
2.2377e-01 1.7041e-05
2.2165e-01 1.7563e-05
2.1954e-01 1.7754e-05
2.1880e-01 1.7808e-05
2.1746e-01 1.8864e-05
2.1540e-01 1.9710e-05
2.1335e-01 1.9904e-05
2.1133e-01 1.9979e-05
2.1129e-01 1.9982e-05
2.0932e-01 2.1804e-05
2.0734e-01 2.2291e-05
2.0537e-01 2.2398e-05
2.0396e-01 2.2420e-05
2.0342e-01 2.2974e-05
2.0149e-01 2.4538e-05
1.9958e-01 2.4986e-05
1.9769e-01 2.5120e-05
1.9662e-01 2.5156e-05
1.9581e-01 2.6114e-05
1.9395e-01 2.7696e-05
1.9211e-01 2.8155e-05
1.9166e-01 2.8226e-05
1.9029e-01 3.0405e-05
1.8848e-01 3.1489e-05
1.8793e-01 3.1670e-05
1.8670e-01 3.3954e-05
1.8492e-01 3.5363e-05
1.8414e-01 3.5535e-05
1.8317e-01 3.7472e-05
1.8143e-01 3.9205e-05
1.7971e-01 3.9751e-05
1.7811e-01 3.9871e-05
1.7800e-01 4.0106e-05
1.7632e-01 4.3927e-05
1.7464e-01 4.4649e-05
1.7353e-01 4.4737e-05
1.7299e-01 4.6344e-05
1.7134e-01 4.9974e-05
1.7067e-01 5.0196e-05
1.6972e-01 5.3621e-05
1.6811e-01 5.6203e-05
1.6800e-01 5.6322e-05
1.6651e-01 6.2529e-05
1.6601e-01 6.3195e-05
1.6493e-01 6.8447e-05
1.6337e-01 7.0829e-05
1.6334e-01 7.0906e-05
1.6182e-01 7.9350e-05
1.6174e-01 7.9559e-05
1.6028e-01 8.8731e-05
1.6017e-01 8.9268e-05
1.5876e-01 9.9380e-05
1.5872e-01 1.0016e-04
1.5725e-01 1.1211e-04
1.5724e-01 1.1238e-04
1.5626e-01 1.2610e-04
1.5576e-01 1.3132e-04
1.5575e-01 1.4149e-04
1.5465e-01 1.5875e-04
1.5428e-01 1.6357e-04
1.5428e-01 1.7813e-04
1.5427e-01 1.9986e-04
1.5282e-01 2.2417e-04
1.5282e-01 2.2425e-04
1.5282e-01 2.5162e-04
1.5282e-01 2.8232e-04
1.5282e-01 3.1677e-04
1.5277e-01 3.5543e-04
1.5137e-01 3.9740e-04
1.5137e-01 3.9880e-04
1.5137e-01 4.4747e-04
1.5137e-01 5.0208e-04
1.5137e-01 5.6335e-04
1.5137e-01 6.3209e-04
1.5137e-01 7.0923e-04
1.5137e-01 7.9577e-04
1.5137e-01 8.9288e-04
1.5137e-01 1.0018e-03
1.5137e-01 1.1241e-03
1.5137e-01 1.2613e-03
1.5137e-01 1.4152e-03
1.5135e-01 1.5879e-03
1.4993e-01 1.7796e-03
1.4853e-01 1.5879e-03
1.4851e-01 1.4152e-03
1.4851e-01 1.2613e-03
1.4851e-01 1.1241e-03
1.4851e-01 1.0018e-03
1.4851e-01 8.9288e-04
1.4851e-01 7.9577e-04
1.4851e-01 7.0923e-04
1.4851e-01 6.3209e-04
1.4851e-01 6.3141e-04
1.4712e-01 5.6335e-04
1.4710e-01 5.0208e-04
1.4710e-01 4.4747e-04
1.4710e-01 3.9880e-04
1.4710e-01 3.5543e-04
1.4710e-01 3.1677e-04
1.4710e-01 2.8232e-04
1.4710e-01 2.5162e-04
1.4710e-01 2.4557e-04
1.4602e-01 2.2425e-04
1.4572e-01 1.9986e-04
1.4571e-01 1.7813e-04
1.4571e-01 1.5875e-04
1.4571e-01 1.4149e-04
1.4571e-01 1.3815e-04
1.4463e-01 1.2610e-04
1.4433e-01 1.1238e-04
1.4432e-01 1.0016e-04
1.4432e-01 8.9268e-05
1.4432e-01 8.8102e-05
1.4313e-01 7.9559e-05
1.4297e-01 7.0906e-05
1.4296e-01 6.3195e-05
1.4296e-01 6.0836e-05
1.4207e-01 5.6322e-05
1.4162e-01 5.0196e-05
1.4160e-01 4.4737e-05
1.4160e-01 4.2294e-05
1.4093e-01 3.9871e-05
1.4029e-01 3.5535e-05
1.4026e-01 3.1670e-05
1.4026e-01 2.8226e-05
1.4026e-01 2.8195e-05
1.3898e-01 2.5156e-05
1.3892e-01 2.2420e-05
1.3892e-01 1.9982e-05
1.3892e-01 1.9519e-05
1.3789e-01 1.7808e-05
1.3763e-01 1.5872e-05
1.3761e-01 1.4145e-05
1.3761e-01 1.2607e-05
1.3761e-01 1.1236e-05
1.3761e-01 1.1233e-05
1.3636e-01 1.0014e-05
1.3630e-01 8.9247e-06
1.3630e-01 7.9541e-06
1.3630e-01 7.0890e-06
1.3630e-01 6.3180e-06
1.3630e-01 5.6309e-06
1.3630e-01 5.3262e-06
1.3565e-01 5.0185e-06
1.3504e-01 4.4727e-06
1.3501e-01 3.9862e-06
1.3501e-01 3.5527e-06
1.3501e-01 3.1663e-06
1.3501e-01 2.8219e-06
1.3501e-01 2.5150e-06
1.3501e-01 2.2415e-06
1.3501e-01 1.9977e-06
1.3501e-01 1.7804e-06
1.3501e-01 1.5868e-06
1.3501e-01 1.4142e-06
1.3501e-01 1.2604e-06
1.3501e-01 1.1233e-06
1.3501e-01 1.0012e-06
1.3501e-01 8.9227e-07
1.3501e-01 7.9522e-07
1.3501e-01 7.0874e-07
1.3501e-01 6.3166e-07
1.3501e-01 5.6296e-07
1.3501e-01 5.0173e-07
1.3501e-01 4.4716e-07
1.3501e-01 3.9853e-07
1.3501e-01 3.5519e-07
1.3501e-01 3.1656e-07
1.3501e-01 2.8213e-07
1.3501e-01 2.5144e-07
1.3501e-01 2.2410e-07
1.3501e-01 1.9972e-07
1.3501e-01 1.7800e-07
1.3501e-01 1.5864e-07
1.3501e-01 1.4139e-07
1.3501e-01 1.2601e-07
1.3501e-01 1.1231e-07
1.3501e-01 1.0009e-07
1.3501e-01 9.9063e-08
1.3501e-01 1.0009e-07
1.3501e-01 1.1231e-07
1.3501e-01 1.2601e-07
1.3501e-01 1.4139e-07
1.3501e-01 1.5864e-07
1.3501e-01 1.7800e-07
1.3501e-01 1.9972e-07
1.3501e-01 2.2410e-07
1.3501e-01 2.5144e-07
1.3501e-01 2.8213e-07
1.3501e-01 3.1656e-07
1.3501e-01 3.5519e-07
1.3501e-01 3.9853e-07
1.3501e-01 4.4716e-07
1.3501e-01 5.0173e-07
1.3501e-01 5.6296e-07
1.3501e-01 6.3166e-07
1.3501e-01 7.0874e-07
1.3501e-01 7.9522e-07
1.3501e-01 8.9227e-07
1.3501e-01 1.0012e-06
1.3501e-01 1.1233e-06
1.3501e-01 1.2604e-06
1.3501e-01 1.4142e-06
1.3501e-01 1.5868e-06
1.3501e-01 1.7804e-06
1.3501e-01 1.9977e-06
1.3501e-01 2.2415e-06
1.3501e-01 2.5150e-06
1.3501e-01 2.8219e-06
1.3501e-01 3.1663e-06
1.3500e-01 3.5527e-06
1.3456e-01 3.9862e-06
1.3373e-01 4.3049e-06
1.3373e-01 4.4727e-06
1.3373e-01 5.0185e-06
1.3373e-01 5.6309e-06
1.3373e-01 6.3180e-06
1.3365e-01 7.0890e-06
1.3246e-01 7.9211e-06
1.3246e-01 7.9541e-06
1.3246e-01 8.9247e-06
1.3238e-01 1.0014e-05
1.3120e-01 1.1185e-05
1.3120e-01 1.1236e-05
1.3114e-01 1.2607e-05
1.2996e-01 1.4091e-05
1.2996e-01 1.4145e-05
1.2957e-01 1.5872e-05
1.2872e-01 1.7222e-05
1.2858e-01 1.7808e-05
1.2750e-01 1.9752e-05
1.2738e-01 1.9982e-05
1.2629e-01 2.2187e-05
1.2609e-01 2.2420e-05
1.2509e-01 2.4679e-05
1.2452e-01 2.5156e-05
1.2391e-01 2.6705e-05
1.2273e-01 2.8162e-05
1.2253e-01 2.8226e-05
1.2157e-01 3.0808e-05
1.2041e-01 3.1600e-05
1.2006e-01 3.1670e-05
1.1927e-01 3.3946e-05
1.1814e-01 3.5318e-05
1.1702e-01 3.5522e-05
1.1693e-01 3.5535e-05
1.1591e-01 3.8962e-05
1.1481e-01 3.9786e-05
1.1458e-01 3.9871e-05
1.1372e-01 4.3096e-05
1.1264e-01 4.4467e-05
1.1207e-01 4.4737e-05
1.1157e-01 4.6846e-05
1.1051e-01 4.9731e-05
1.0946e-01 5.0052e-05
1.0842e-01 5.0184e-05
1.0837e-01 5.0196e-05
1.0740e-01 5.4000e-05
1.0638e-01 5.5411e-05
1.0537e-01 5.5806e-05
1.0437e-01 5.6066e-05
1.0338e-01 5.6293e-05
1.0328e-01 5.6322e-05
1.0240e-01 5.9988e-05
1.0142e-01 6.1778e-05
1.0046e-01 6.2587e-05
9.9509e-02 6.3049e-05
9.9084e-02 6.3195e-05
9.8564e-02 6.5374e-05
9.7629e-02 6.8214e-05
9.6703e-02 6.9872e-05
9.5785e-02 7.0564e-05
9.4876e-02 7.0852e-05
9.4704e-02 7.0906e-05
9.3976e-02 7.4967e-05
9.3084e-02 7.7920e-05
9.2201e-02 7.8990e-05
9.1326e-02 7.9329e-05
9.0535e-02 7.9559e-05
9.0460e-02 8.0139e-05
8.9601e-02 8.5709e-05
8.8751e-02 8.8279e-05
8.8451e-02 8.9268e-05
8.7909e-02 9.4020e-05
8.7075e-02 9.6387e-05
8.6249e-02 9.6545e-05
8.5430e-02 9.7087e-05
8.4620e-02 9.7954e-05
8.3817e-02 9.9012e-05
8.3022e-02 9.9512e-05
8.2234e-02 9.9872e-05
8.1454e-02 1.0012e-04
8.1325e-02 1.0016e-04
8.0681e-02 1.0320e-04
7.9915e-02 1.0650e-04
7.9157e-02 1.0894e-04
7.8406e-02 1.1054e-04
7.7662e-02 1.1160e-04
7.6925e-02 1.1217e-04
7.6439e-02 1.1238e-04
7.6195e-02 1.1520e-04
7.5472e-02 1.2172e-04
7.4756e-02 1.2438e-04
7.4047e-02 1.2556e-04
7.3346e-02 1.2610e-04
7.3344e-02 1.2612e-04
7.2648e-02 1.3296e-04
7.1959e-02 1.3661e-04
7.1276e-02 1.3867e-04
7.0600e-02 1.3992e-04
6.9930e-02 1.4079e-04
6.9404e-02 1.4149e-04
6.9266e-02 1.4362e-04
6.8609e-02 1.5152e-04
6.7958e-02 1.5432e-04
6.7313e-02 1.5614e-04
6.6674e-02 1.5748e-04
6.6042e-02 1.5859e-04
6.5945e-02 1.5875e-04
6.5415e-02 1.6598e-04
6.4794e-02 1.7050e-04
6.4180e-02 1.7349e-04
6.3571e-02 1.7505e-04
6.2967e-02 1.7626e-04
6.2370e-02 1.7714e-04
6.1778e-02 1.7775e-04
6.1324e-02 1.7813e-04
6.1192e-02 1.8037e-04
6.0611e-02 1.8825e-04
6.0036e-02 1.9254e-04
5.9467e-02 1.9554e-04
5.8902e-02 1.9782e-04
5.8343e-02 1.9936e-04
5.8066e-02 1.9986e-04
5.7790e-02 2.0437e-04
5.7242e-02 2.1275e-04
5.6698e-02 2.1823e-04
5.6160e-02 2.2146e-04
5.5628e-02 2.2313e-04
5.5100e-02 2.2393e-04
5.4866e-02 2.2425e-04
5.4577e-02 2.3231e-04
5.4059e-02 2.4255e-04
5.3546e-02 2.4753e-04
5.3038e-02 2.4998e-04
5.2535e-02 2.5124e-04
5.2256e-02 2.5162e-04
5.2036e-02 2.5737e-04
5.1543e-02 2.6551e-04
5.1053e-02 2.7063e-04
5.0569e-02 2.7417e-04
5.0089e-02 2.7690e-04
4.9614e-02 2.7885e-04
4.9143e-02 2.8123e-04
4.8921e-02 2.8232e-04
4.8677e-02 2.8904e-04
4.8215e-02 2.9997e-04
4.7758e-02 3.0716e-04
4.7304e-02 3.1181e-04
4.6856e-02 3.1484e-04
4.6417e-02 3.1677e-04
4.6411e-02 3.1702e-04
4.5971e-02 3.3043e-04
4.5534e-02 3.3870e-04
4.5102e-02 3.4404e-04
4.4674e-02 3.4776e-04
4.4250e-02 3.5070e-04
4.3831e-02 3.5335e-04
4.3469e-02 3.5543e-04
4.3415e-02 3.5779e-04
4.3003e-02 3.7103e-04
4.2595e-02 3.7756e-04
4.2191e-02 3.8345e-04
4.1790e-02 3.8845e-04
4.1394e-02 3.9051e-04
4.1001e-02 3.9102e-04
4.0612e-02 3.9127e-04
4.0227e-02 3.9147e-04
3.9845e-02 3.9064e-04
3.9467e-02 3.8723e-04
3.9264e-02 3.5543e-04
3.9119e-02 3.1677e-04
3.9095e-02 2.8232e-04
3.9092e-02 2.5463e-04
3.9044e-02 2.5162e-04
3.9092e-02 2.4889e-04
3.9092e-02 2.2425e-04
3.9092e-02 1.9986e-04
3.9092e-02 1.7813e-04
3.9092e-02 1.5875e-04
3.9092e-02 1.4149e-04
3.9092e-02 1.2610e-04
3.9092e-02 1.1238e-04
3.9092e-02 1.0016e-04
3.9092e-02 8.9268e-05
3.9092e-02 7.9559e-05
3.9092e-02 7.0906e-05
3.9092e-02 6.3195e-05
3.9092e-02 5.6322e-05
3.9092e-02 5.0196e-05
3.9092e-02 4.4737e-05
3.9092e-02 3.9871e-05
3.9092e-02 3.5535e-05
3.9092e-02 3.1670e-05
3.9092e-02 2.8226e-05
3.9092e-02 2.5156e-05
3.9092e-02 2.2420e-05
3.9092e-02 1.9982e-05
3.9092e-02 1.7808e-05
3.9092e-02 1.5872e-05
3.9092e-02 1.4145e-05
3.9092e-02 1.2607e-05
3.9092e-02 1.1236e-05
3.9092e-02 1.0014e-05
3.9092e-02 8.9247e-06
3.9093e-02 7.9541e-06
3.9093e-02 7.0890e-06
3.9093e-02 6.3180e-06
3.9094e-02 5.6309e-06
3.9096e-02 5.0185e-06
3.9097e-02 4.4727e-06
3.9100e-02 3.9862e-06
3.9105e-02 3.5527e-06
3.9114e-02 3.1663e-06
3.9123e-02 2.8219e-06
3.9141e-02 2.5150e-06
3.9171e-02 2.2415e-06
3.9209e-02 1.9977e-06
3.9287e-02 1.7804e-06
3.9430e-02 1.5868e-06
3.9467e-02 1.5432e-06
3.9845e-02 1.4534e-06
4.0028e-02 1.4142e-06
4.0227e-02 1.3638e-06
4.0612e-02 1.2801e-06
4.0709e-02 1.2604e-06
4.1001e-02 1.1977e-06
4.1394e-02 1.1319e-06
4.1460e-02 1.1233e-06
4.1790e-02 1.0699e-06
4.2191e-02 1.0323e-06
4.2593e-02 1.0012e-06
4.2595e-02 1.0010e-06
4.3003e-02 9.5779e-07
4.3415e-02 9.2019e-07
4.3776e-02 8.9227e-07
4.3831e-02 8.8745e-07
4.4250e-02 8.5221e-07
4.4674e-02 8.2307e-07
4.5102e-02 7.9737e-07
4.5139e-02 7.9522e-07
4.5534e-02 7.6951e-07
4.5971e-02 7.4386e-07
4.6411e-02 7.2066e-07
4.6664e-02 7.0874e-07
4.6856e-02 6.9809e-07
4.7304e-02 6.7641e-07
4.7758e-02 6.5676e-07
4.8215e-02 6.3889e-07
4.8409e-02 6.3166e-07
4.8677e-02 6.1964e-07
4.9143e-02 5.9982e-07
4.9614e-02 5.8264e-07
5.0089e-02 5.6872e-07
5.0307e-02 5.6296e-07
5.0569e-02 5.5504e-07
5.1053e-02 5.4079e-07
5.1543e-02 5.2743e-07
5.2036e-02 5.1505e-07
5.2535e-02 5.0338e-07
5.2604e-02 5.0173e-07
5.3038e-02 4.8901e-07
5.3546e-02 4.7555e-07
5.4059e-02 4.6349e-07
5.4577e-02 4.5263e-07
5.4856e-02 4.4716e-07
5.5100e-02 4.4099e-07
5.5628e-02 4.2865e-07
5.6160e-02 4.1772e-07
5.6698e-02 4.0780e-07
5.7242e-02 3.9883e-07
5.7260e-02 3.9853e-07
5.7790e-02 3.8698e-07
5.8343e-02 3.7638e-07
5.8902e-02 3.6722e-07
5.9467e-02 3.5926e-07
5.9767e-02 3.5519e-07
6.0036e-02 3.5044e-07
6.0611e-02 3.4088e-07
6.1192e-02 3.3240e-07
6.1778e-02 3.2474e-07
6.2370e-02 3.1756e-07
6.2452e-02 3.1656e-07
6.2967e-02 3.0866e-07
6.3571e-02 3.0022e-07
6.4180e-02 2.9251e-07
6.4794e-02 2.8540e-07
6.5094e-02 2.8213e-07
6.5415e-02 2.7776e-07
6.6042e-02 2.6992e-07
6.6674e-02 2.6305e-07
6.7313e-02 2.5690e-07
6.7942e-02 2.5144e-07
6.7958e-02 2.5127e-07
6.8609e-02 2.4453e-07
6.9266e-02 2.3823e-07
6.9930e-02 2.3235e-07
7.0600e-02 2.2691e-07
7.0967e-02 2.2410e-07
7.1276e-02 2.2121e-07
7.1959e-02 2.1524e-07
7.2648e-02 2.0967e-07
7.3344e-02 2.0453e-07
7.4047e-02 1.9998e-07
7.4088e-02 1.9972e-07
7.4756e-02 1.9447e-07
7.5472e-02 1.8935e-07
7.6195e-02 1.8468e-07
7.6925e-02 1.8042e-07
7.7373e-02 1.7800e-07
7.7662e-02 1.7602e-07
7.8406e-02 1.7105e-07
7.9157e-02 1.6645e-07
7.9915e-02 1.6227e-07
8.0640e-02 1.5864e-07
8.0681e-02 1.5839e-07
8.1454e-02 1.5366e-07
8.2234e-02 1.4930e-07
8.3022e-02 1.4535e-07
8.3817e-02 1.4178e-07
8.3908e-02 1.4139e-07
8.4620e-02 1.3769e-07
8.5430e-02 1.3379e-07
8.6249e-02 1.3019e-07
8.7075e-02 1.2688e-07
8.7297e-02 1.2601e-07
8.7909e-02 1.2310e-07
8.8751e-02 1.1942e-07
8.9601e-02 1.1609e-07
9.0460e-02 1.1308e-07
9.0687e-02 1.1231e-07
9.1326e-02 1.0959e-07
9.2201e-02 1.0615e-07
9.3084e-02 1.0296e-07
9.3949e-02 1.0009e-07
9.3976e-02 9.9985e-08
9.4876e-02 9.6402e-08
9.5785e-02 9.3107e-08
9.6703e-02 9.0097e-08
9.6992e-02 8.9206e-08
9.7629e-02 8.6926e-08
9.8564e-02 8.3884e-08
9.9509e-02 8.1203e-08
1.0014e-01 7.9504e-08
1.0046e-01 7.8516e-08
1.0142e-01 7.5605e-08
1.0240e-01 7.3099e-08
1.0337e-01 7.0857e-08
1.0338e-01 7.0841e-08
1.0437e-01 6.7979e-08
1.0537e-01 6.5456e-08
1.0638e-01 6.3239e-08
1.0642e-01 6.3151e-08
1.0740e-01 6.0388e-08
1.0842e-01 5.7969e-08
1.0920e-01 5.6283e-08
1.0946e-01 5.5580e-08
1.1051e-01 5.2898e-08
1.1157e-01 5.0665e-08
1.1182e-01 5.0161e-08
1.1264e-01 4.8092e-08
1.1372e-01 4.5673e-08
1.1419e-01 4.4706e-08
1.1481e-01 4.3229e-08
1.1591e-01 4.0779e-08
1.1635e-01 3.9844e-08
1.1702e-01 3.8309e-08
1.1814e-01 3.5928e-08
1.1834e-01 3.5510e-08
1.1927e-01 3.3481e-08
1.2016e-01 3.1648e-08
1.2041e-01 3.1145e-08
1.2157e-01 2.8781e-08
1.2184e-01 2.8206e-08
1.2273e-01 2.6362e-08
1.2333e-01 2.5139e-08
1.2391e-01 2.3994e-08
1.2468e-01 2.2404e-08
1.2509e-01 2.1616e-08
1.2586e-01 1.9968e-08
1.2629e-01 1.9162e-08
1.2689e-01 1.7796e-08
1.2750e-01 1.6653e-08
1.2781e-01 1.5861e-08
1.2872e-01 1.4151e-08
1.2873e-01 1.4136e-08
1.2930e-01 1.2598e-08
1.2996e-01 1.1492e-08
1.3003e-01 1.1228e-08
1.3045e-01 1.0007e-08
1.3111e-01 8.9186e-09
1.3120e-01 8.7886e-09
1.3138e-01 7.9486e-09
1.3167e-01 7.0841e-09
1.3215e-01 6.3136e-09
1.3246e-01 5.9547e-09
1.3249e-01 5.6270e-09
1.3255e-01 5.0150e-09
1.3266e-01 4.4696e-09
1.3283e-01 3.9835e-09
1.3309e-01 3.5502e-09
1.3352e-01 3.1641e-09
1.3373e-01 3.0231e-09
1.3373e-01 2.8200e-09
1.3373e-01 2.5133e-09
1.3373e-01 2.2399e-09
1.3373e-01 1.9963e-09
1.3373e-01 1.7792e-09
1.3373e-01 1.5857e-09
1.3373e-01 1.4132e-09
1.3373e-01 1.2595e-09
1.3373e-01 1.1225e-09
1.3373e-01 1.0005e-09
1.3373e-01 8.9165e-10
1.3373e-01 7.9468e-10
1.3373e-01 7.0825e-10
1.3373e-01 6.3122e-10
1.3373e-01 5.6257e-10
1.3373e-01 5.0138e-10
1.3373e-01 4.4685e-10
1.3373e-01 3.9825e-10
1.3373e-01 3.5494e-10
1.3373e-01 3.1634e-10
1.3373e-01 2.8193e-10
1.3374e-01 2.5127e-10
1.3374e-01 2.2394e-10
1.3375e-01 1.9959e-10
1.3376e-01 1.7788e-10
1.3377e-01 1.5853e-10
1.3380e-01 1.4129e-10
1.3383e-01 1.2592e-10
1.3389e-01 1.1223e-10
1.3399e-01 1.0002e-10
1.3414e-01 8.9145e-11
1.3438e-01 7.9449e-11
1.3476e-01 7.0808e-11
1.3501e-01 6.6818e-11
9.6228e-01 5.6935e-10
9.6532e-01 6.3122e-10
9.6702e-01 7.0825e-10
9.6821e-01 7.9468e-10
9.6906e-01 8.9165e-10
9.6969e-01 1.0005e-09
9.7010e-01 1.1225e-09
9.7039e-01 1.2595e-09
9.7048e-01 1.4132e-09
9.7055e-01 1.5857e-09
9.7061e-01 1.7792e-09
9.7039e-01 1.9963e-09
9.6990e-01 2.2399e-09
9.6879e-01 2.5133e-09
9.6422e-01 2.8200e-09
9.6228e-01 2.9259e-09
9.6093e-01 2.8200e-09
9.5697e-01 2.5133e-09
9.5562e-01 2.2399e-09
9.5491e-01 1.9963e-09
9.5453e-01 1.7792e-09
9.5448e-01 1.5857e-09
9.5447e-01 1.4132e-09
9.5448e-01 1.2595e-09
9.5473e-01 1.1225e-09
9.5512e-01 1.0005e-09
9.5570e-01 8.9165e-10
9.5651e-01 7.9468e-10
9.5766e-01 7.0825e-10
9.5932e-01 6.3122e-10
9.6228e-01 5.6935e-10
5.5354e-01 8.6302e-10
5.5417e-01 8.9165e-10
5.5613e-01 1.0005e-09
5.5727e-01 1.1225e-09
5.5798e-01 1.2595e-09
5.5844e-01 1.4132e-09
5.5875e-01 1.5857e-09
5.5884e-01 1.6659e-09
5.6025e-01 1.7792e-09
5.6222e-01 1.9963e-09
5.6349e-01 2.2399e-09
5.6420e-01 2.4854e-09
5.6450e-01 2.5133e-09
5.6728e-01 2.8200e-09
5.6905e-01 3.1641e-09
5.6960e-01 3.3063e-09
5.7173e-01 3.5502e-09
5.7429e-01 3.9835e-09
5.7506e-01 4.1563e-09
5.7751e-01 4.4696e-09
5.8043e-01 5.0150e-09
5.8057e-01 5.0442e-09
5.8464e-01 5.6270e-09
5.8613e-01 5.9177e-09
5.8883e-01 6.3136e-09
5.9174e-01 6.8524e-09
5.9326e-01 7.0841e-09
5.9741e-01 7.8370e-09
5.9812e-01 7.9486e-09
6.0314e-01 8.8685e-09
6.0344e-01 8.9186e-09
6.0891e-01 9.9593e-09
6.0917e-01 1.0007e-08
6.1475e-01 1.1151e-08
6.1513e-01 1.1228e-08
6.2064e-01 1.2496e-08
6.2109e-01 1.2598e-08
6.2658e-01 1.3961e-08
6.2727e-01 1.4136e-08
6.3258e-01 1.5605e-08
6.3347e-01 1.5861e-08
6.3864e-01 1.7525e-08
6.3945e-01 1.7796e-08
6.4476e-01 1.9883e-08
6.4496e-01 1.9968e-08
6.5009e-01 2.2404e-08
6.5094e-01 2.2908e-08
6.5474e-01 2.5139e-08
6.5717e-01 2.7186e-08
6.5847e-01 2.8206e-08
6.6185e-01 3.1648e-08
6.6347e-01 3.4197e-08
6.6450e-01 3.5510e-08
6.6725e-01 3.9844e-08
6.6910e-01 4.4706e-08
6.6982e-01 4.7902e-08
6.7075e-01 5.0161e-08
6.7266e-01 5.6283e-08
6.7398e-01 6.3151e-08
6.7474e-01 7.0857e-08
6.7525e-01 7.9504e-08
6.7559e-01 8.9206e-08
6.7579e-01 1.0009e-07
6.7594e-01 1.1231e-07
6.7606e-01 1.2601e-07
6.7613e-01 1.4139e-07
6.7617e-01 1.5864e-07
6.7619e-01 1.7800e-07
6.7617e-01 1.9972e-07
6.7614e-01 2.2410e-07
6.7608e-01 2.5144e-07
6.7593e-01 2.8213e-07
6.7563e-01 3.1656e-07
6.7502e-01 3.5519e-07
6.7346e-01 3.9853e-07
6.6982e-01 4.4274e-07
6.6944e-01 4.4716e-07
6.6347e-01 4.9726e-07
6.6224e-01 5.0173e-07
6.5717e-01 5.3714e-07
6.5094e-01 5.3789e-07
6.4476e-01 5.3555e-07
6.3864e-01 5.3454e-07
6.3258e-01 5.4142e-07
6.2714e-01 5.0173e-07
6.2658e-01 4.9968e-07
6.2064e-01 4.8513e-07
6.1475e-01 4.8270e-07
6.0891e-01 4.5770e-07
6.0770e-01 4.4716e-07
6.0314e-01 4.1919e-07
5.9879e-01 3.9853e-07
5.9741e-01 3.9489e-07
5.9318e-01 3.5519e-07
5.9174e-01 3.4241e-07
5.8835e-01 3.1656e-07
5.8613e-01 2.9699e-07
5.8386e-01 2.8213e-07
5.8077e-01 2.5144e-07
5.8057e-01 2.4944e-07
5.7590e-01 2.2410e-07
5.7506e-01 2.2010e-07
5.7090e-01 1.9972e-07
5.6960e-01 1.9013e-07
5.6666e-01 1.7800e-07
5.6464e-01 1.5864e-07
5.6420e-01 1.4733e-07
5.6237e-01 1.4139e-07
5.5955e-01 1.2601e-07
5.5901e-01 1.1231e-07
5.5888e-01 1.0009e-07
5.5885e-01 8.9206e-08
5.5884e-01 8.6629e-08
5.5858e-01 8.9206e-08
5.5354e-01 9.9518e-08
5.4860e-01 8.9206e-08
5.4835e-01 7.9504e-08
5.4831e-01 7.0857e-08
5.4829e-01 6.3151e-08
5.4829e-01 5.6283e-08
5.4829e-01 5.0161e-08
5.4829e-01 4.4706e-08
5.4829e-01 3.9844e-08
5.4829e-01 3.5510e-08
5.4829e-01 3.1648e-08
5.4829e-01 2.8206e-08
5.4829e-01 2.5139e-08
5.4829e-01 2.2404e-08
5.4829e-01 1.9968e-08
5.4829e-01 1.7796e-08
5.4829e-01 1.5861e-08
5.4829e-01 1.4136e-08
5.4829e-01 1.2598e-08
5.4829e-01 1.1228e-08
5.4829e-01 1.0007e-08
5.4829e-01 8.9186e-09
5.4829e-01 7.9486e-09
5.4829e-01 7.0841e-09
5.4829e-01 6.3136e-09
5.4829e-01 5.6270e-09
5.4830e-01 5.0150e-09
5.4830e-01 4.4696e-09
5.4830e-01 3.9835e-09
5.4831e-01 3.5502e-09
5.4832e-01 3.1641e-09
5.4834e-01 2.8200e-09
5.4836e-01 2.5133e-09
5.4841e-01 2.2399e-09
5.4848e-01 1.9963e-09
5.4859e-01 1.7792e-09
5.4875e-01 1.5857e-09
5.4904e-01 1.4132e-09
5.4945e-01 1.2595e-09
5.5011e-01 1.1225e-09
5.5115e-01 1.0005e-09
5.5296e-01 8.9165e-10
5.5354e-01 8.6302e-10
8.9161e-01 7.8291e-09
9.0015e-01 7.4213e-09
9.0878e-01 7.6949e-09
9.0955e-01 7.9486e-09
9.1109e-01 8.9186e-09
9.1172e-01 1.0007e-08
9.1161e-01 1.1228e-08
9.1102e-01 1.2598e-08
9.0972e-01 1.4136e-08
9.0878e-01 1.4849e-08
9.0839e-01 1.5861e-08
9.0775e-01 1.7796e-08
9.0721e-01 1.9968e-08
9.0651e-01 2.2404e-08
9.0517e-01 2.5139e-08
9.0314e-01 2.8206e-08
9.0015e-01 3.1381e-08
9.0010e-01 3.1648e-08
8.9925e-01 3.5510e-08
8.9829e-01 3.9844e-08
8.9684e-01 4.4706e-08
8.9210e-01 5.0161e-08
8.9161e-01 5.0737e-08
8.9109e-01 5.6283e-08
8.9032e-01 6.3151e-08
8.8829e-01 7.0857e-08
8.8315e-01 7.9430e-08
8.8314e-01 7.9504e-08
8.8262e-01 8.9206e-08
8.8158e-01 1.0009e-07
8.7867e-01 1.1231e-07
8.7477e-01 1.2081e-07
8.7453e-01 1.2601e-07
8.7377e-01 1.4139e-07
8.7174e-01 1.5864e-07
8.6647e-01 1.7355e-07
8.6621e-01 1.7800e-07
8.6515e-01 1.9972e-07
8.5913e-01 2.2410e-07
8.5825e-01 2.2754e-07
8.5785e-01 2.5144e-07
8.5615e-01 2.8213e-07
8.5011e-01 3.1325e-07
8.4912e-01 3.1656e-07
8.4204e-01 3.4935e-07
8.4157e-01 3.5519e-07
8.3719e-01 3.9853e-07
8.3405e-01 4.2146e-07
8.2614e-01 4.3911e-07
8.2232e-01 4.4716e-07
8.1830e-01 4.6316e-07
8.1053e-01 4.9724e-07
8.0284e-01 5.0140e-07
7.9522e-01 4.9553e-07
7.8768e-01 4.9644e-07
7.8020e-01 4.9803e-07
7.7280e-01 5.0034e-07
7.6547e-01 4.9833e-07
7.6090e-01 5.0173e-07
7.5821e-01 5.0880e-07
7.5101e-01 5.2768e-07
7.4389e-01 5.4233e-07
7.3683e-01 5.5364e-07
7.2984e-01 5.6055e-07
7.2672e-01 5.6296e-07
7.2291e-01 5.6906e-07
7.1926e-01 5.6296e-07
7.1605e-01 5.6020e-07
7.0926e-01 5.5293e-07
7.0253e-01 5.4167e-07
6.9586e-01 5.1493e-07
6.9411e-01 5.0173e-07
6.8926e-01 4.7633e-07
6.8629e-01 4.4716e-07
6.8325e-01 3.9853e-07
6.8272e-01 3.8529e-07
6.8016e-01 3.5519e-07
6.7813e-01 3.1656e-07
6.7723e-01 2.8213e-07
6.7676e-01 2.5144e-07
6.7657e-01 2.2410e-07
6.7646e-01 1.9972e-07
6.7641e-01 1.7800e-07
6.7647e-01 1.5864e-07
6.7661e-01 1.4139e-07
6.7684e-01 1.2601e-07
6.7726e-01 1.1231e-07
6.7773e-01 1.0009e-07
6.7837e-01 8.9206e-08
6.7948e-01 7.9504e-08
6.8124e-01 7.0857e-08
6.8272e-01 6.5899e-08
6.8301e-01 6.3151e-08
6.8399e-01 5.6283e-08
6.8546e-01 5.0161e-08
6.8776e-01 4.4706e-08
6.8926e-01 4.2257e-08
6.9068e-01 3.9844e-08
6.9426e-01 3.5510e-08
6.9586e-01 3.4018e-08
6.9887e-01 3.1648e-08
7.0253e-01 2.9338e-08
7.0481e-01 2.8206e-08
7.0926e-01 2.6223e-08
7.1243e-01 2.5139e-08
7.1605e-01 2.3942e-08
7.2212e-01 2.2404e-08
7.2291e-01 2.2218e-08
7.2984e-01 2.0939e-08
7.3683e-01 1.9996e-08
7.3706e-01 1.9968e-08
7.4389e-01 1.8999e-08
7.5101e-01 1.8191e-08
7.5490e-01 1.7796e-08
7.5821e-01 1.7441e-08
7.6547e-01 1.6786e-08
7.7280e-01 1.6241e-08
7.7820e-01 1.5861e-08
7.8020e-01 1.5681e-08
7.8768e-01 1.5063e-08
7.9522e-01 1.4517e-08
8.0099e-01 1.4136e-08
8.0284e-01 1.3973e-08
8.1053e-01 1.3335e-08
8.1830e-01 1.2835e-08
8.2228e-01 1.2598e-08
8.2614e-01 1.2310e-08
8.3405e-01 1.1719e-08
8.4204e-01 1.1240e-08
8.4221e-01 1.1228e-08
8.5011e-01 1.0586e-08
8.5788e-01 1.0007e-08
8.5825e-01 9.9750e-09
8.6647e-01 9.4145e-09
8.7477e-01 8.9885e-09
8.7568e-01 8.9186e-09
8.8315e-01 8.3021e-09
8.8982e-01 7.9486e-09
8.9161e-01 7.8291e-09
