1.0000e-04 6.2625e-03
1.0174e-04 6.1409e-03
1.0350e-04 6.0272e-03
1.0530e-04 5.9219e-03
1.0713e-04 5.8256e-03
1.0899e-04 5.7356e-03
1.1088e-04 5.6515e-03
1.1127e-04 5.6348e-03
1.1280e-04 5.5473e-03
1.1476e-04 5.4434e-03
1.1675e-04 5.3454e-03
1.1878e-04 5.2540e-03
1.2084e-04 5.1687e-03
1.2294e-04 5.0892e-03
1.2487e-04 5.0219e-03
1.2507e-04 5.0125e-03
1.2724e-04 4.9143e-03
1.2945e-04 4.8222e-03
1.3170e-04 4.7363e-03
1.3398e-04 4.6575e-03
1.3631e-04 4.5840e-03
1.3868e-04 4.5151e-03
1.4009e-04 4.4757e-03
1.4108e-04 4.4394e-03
1.4353e-04 4.3535e-03
1.4602e-04 4.2733e-03
1.4856e-04 4.1986e-03
1.5114e-04 4.1290e-03
1.5376e-04 4.0646e-03
1.5643e-04 4.0044e-03
1.5714e-04 3.9890e-03
1.5915e-04 3.9313e-03
1.6191e-04 3.8568e-03
1.6472e-04 3.7874e-03
1.6758e-04 3.7232e-03
1.7049e-04 3.6635e-03
1.7345e-04 3.6078e-03
1.7636e-04 3.5551e-03
1.7646e-04 3.5526e-03
1.7952e-04 3.4808e-03
1.8264e-04 3.4149e-03
1.8581e-04 3.3563e-03
1.8903e-04 3.3015e-03
1.9231e-04 3.2486e-03
1.9565e-04 3.1977e-03
1.9769e-04 3.1685e-03
1.9905e-04 3.1430e-03
2.0250e-04 3.0844e-03
2.0602e-04 3.0300e-03
2.0959e-04 2.9786e-03
2.1323e-04 2.9284e-03
2.1693e-04 2.8816e-03
2.2070e-04 2.8384e-03
2.2204e-04 2.8239e-03
2.2453e-04 2.7881e-03
2.2843e-04 2.7355e-03
2.3239e-04 2.6860e-03
2.3642e-04 2.6396e-03
2.4053e-04 2.5963e-03
2.4470e-04 2.5559e-03
2.4895e-04 2.5181e-03
2.4911e-04 2.5167e-03
2.5327e-04 2.4693e-03
2.5767e-04 2.4241e-03
2.6214e-04 2.3817e-03
2.6669e-04 2.3407e-03
2.7132e-04 2.3022e-03
2.7603e-04 2.2667e-03
2.7952e-04 2.2430e-03
2.8082e-04 2.2313e-03
2.8570e-04 2.1892e-03
2.9065e-04 2.1491e-03
2.9570e-04 2.1109e-03
3.0083e-04 2.0752e-03
3.0605e-04 2.0423e-03
3.1137e-04 2.0117e-03
3.1365e-04 1.9991e-03
3.1677e-04 1.9764e-03
3.2227e-04 1.9387e-03
3.2786e-04 1.9034e-03
3.3356e-04 1.8707e-03
3.3935e-04 1.8406e-03
3.4524e-04 1.8125e-03
3.5123e-04 1.7854e-03
3.5207e-04 1.7817e-03
3.5733e-04 1.7511e-03
3.6353e-04 1.7178e-03
3.6984e-04 1.6875e-03
3.7626e-04 1.6591e-03
3.8279e-04 1.6325e-03
3.8943e-04 1.6074e-03
3.9502e-04 1.5879e-03
3.9619e-04 1.5825e-03
4.0307e-04 1.5520e-03
4.1007e-04 1.5234e-03
4.1718e-04 1.4967e-03
4.2443e-04 1.4710e-03
4.3179e-04 1.4471e-03
4.3929e-04 1.4250e-03
4.4286e-04 1.4152e-03
4.4691e-04 1.4005e-03
4.5467e-04 1.3739e-03
4.6256e-04 1.3488e-03
4.7059e-04 1.3254e-03
4.7876e-04 1.3035e-03
4.8707e-04 1.2837e-03
4.9553e-04 1.2652e-03
4.9735e-04 1.2613e-03
5.0413e-04 1.2420e-03
5.1288e-04 1.2179e-03
5.2178e-04 1.1955e-03
5.3084e-04 1.1751e-03
5.4005e-04 1.1564e-03
5.4943e-04 1.1389e-03
5.5786e-04 1.1241e-03
5.5896e-04 1.1215e-03
5.6867e-04 1.0996e-03
5.7854e-04 1.0791e-03
5.8858e-04 1.0597e-03
5.9880e-04 1.0417e-03
6.0919e-04 1.0250e-03
6.1976e-04 1.0095e-03
6.2533e-04 1.0018e-03
6.3052e-04 9.9229e-04
6.4147e-04 9.7375e-04
6.5260e-04 9.5643e-04
6.6393e-04 9.4021e-04
6.7545e-04 9.2497e-04
6.8718e-04 9.1072e-04
6.9911e-04 8.9726e-04
7.0311e-04 8.9288e-04
7.1124e-04 8.8114e-04
7.2359e-04 8.6438e-04
7.3615e-04 8.4876e-04
7.4893e-04 8.3417e-04
7.6193e-04 8.2051e-04
7.7515e-04 8.0761e-04
7.8836e-04 7.9577e-04
7.8861e-04 7.9547e-04
8.0229e-04 7.7985e-04
8.1622e-04 7.6547e-04
8.3039e-04 7.5205e-04
8.4480e-04 7.3917e-04
8.5947e-04 7.2713e-04
8.7439e-04 7.1598e-04
8.8424e-04 7.0923e-04
8.8956e-04 7.0441e-04
9.0500e-04 6.9102e-04
9.2071e-04 6.7847e-04
9.3670e-04 6.6669e-04
9.5295e-04 6.5565e-04
9.6950e-04 6.4532e-04
9.8632e-04 6.3569e-04
9.9287e-04 6.3209e-04
1.0034e-03 6.2444e-04
1.0209e-03 6.1222e-04
1.0386e-03 6.0084e-04
1.0566e-03 5.9047e-04
1.0750e-03 5.8099e-04
1.0936e-03 5.7212e-04
1.1126e-03 5.6375e-04
1.1135e-03 5.6335e-04
1.1319e-03 5.5288e-04
1.1516e-03 5.4256e-04
1.1715e-03 5.3273e-04
1.1919e-03 5.2357e-04
1.2126e-03 5.1509e-04
1.2336e-03 5.0723e-04
1.2483e-03 5.0208e-04
1.2550e-03 4.9899e-04
1.2768e-03 4.8953e-04
1.2990e-03 4.8071e-04
1.3215e-03 4.7241e-04
1.3445e-03 4.6442e-04
1.3678e-03 4.5696e-04
1.3915e-03 4.5013e-04
1.4014e-03 4.4747e-04
1.4157e-03 4.4241e-04
1.4403e-03 4.3418e-04
1.4653e-03 4.2618e-04
1.4907e-03 4.1865e-04
1.5166e-03 4.1165e-04
1.5429e-03 4.0531e-04
1.5697e-03 3.9943e-04
1.5726e-03 3.9880e-04
1.5969e-03 3.9185e-04
1.6247e-03 3.8454e-04
1.6529e-03 3.7774e-04
1.6815e-03 3.7121e-04
1.7107e-03 3.6508e-04
1.7404e-03 3.5939e-04
1.7636e-03 3.5543e-04
1.7706e-03 3.5386e-04
1.8014e-03 3.4716e-04
1.8326e-03 3.4081e-04
1.8645e-03 3.3475e-04
1.8968e-03 3.2909e-04
1.9297e-03 3.2387e-04
1.9632e-03 3.1902e-04
1.9796e-03 3.1677e-04
1.9973e-03 3.1356e-04
2.0320e-03 3.0753e-04
2.0673e-03 3.0189e-04
2.1031e-03 2.9667e-04
2.1396e-03 2.9185e-04
2.1768e-03 2.8734e-04
2.2146e-03 2.8310e-04
2.2217e-03 2.8232e-04
2.2530e-03 2.7782e-04
2.2921e-03 2.7258e-04
2.3319e-03 2.6770e-04
2.3724e-03 2.6315e-04
2.4136e-03 2.5888e-04
2.4555e-03 2.5487e-04
2.4922e-03 2.5162e-04
2.4981e-03 2.5093e-04
2.5414e-03 2.4605e-04
2.5856e-03 2.4151e-04
2.6304e-03 2.3726e-04
2.6761e-03 2.3332e-04
2.7226e-03 2.2964e-04
2.7698e-03 2.2615e-04
2.7960e-03 2.2425e-04
2.8179e-03 2.2217e-04
2.8668e-03 2.1772e-04
2.9166e-03 2.1382e-04
2.9672e-03 2.1026e-04
3.0187e-03 2.0691e-04
3.0711e-03 2.0360e-04
3.1244e-03 2.0050e-04
3.1359e-03 1.9986e-04
3.1786e-03 1.9673e-04
3.2338e-03 1.9309e-04
3.2899e-03 1.8969e-04
3.3470e-03 1.8641e-04
3.4051e-03 1.8329e-04
3.4643e-03 1.8038e-04
3.5170e-03 1.7813e-04
3.5244e-03 1.7771e-04
3.5856e-03 1.7435e-04
3.6478e-03 1.7118e-04
3.7111e-03 1.6816e-04
3.7755e-03 1.6534e-04
3.8411e-03 1.6270e-04
3.9077e-03 1.6023e-04
3.9503e-03 1.5875e-04
3.9756e-03 1.5759e-04
4.0446e-03 1.5453e-04
4.1148e-03 1.5166e-04
4.1862e-03 1.4900e-04
4.2589e-03 1.4654e-04
4.3328e-03 1.4423e-04
4.4080e-03 1.4208e-04
4.4292e-03 1.4149e-04
4.4845e-03 1.3948e-04
4.5624e-03 1.3682e-04
4.6416e-03 1.3434e-04
4.7221e-03 1.3203e-04
4.8041e-03 1.2987e-04
4.8875e-03 1.2784e-04
4.9651e-03 1.2610e-04
4.9723e-03 1.2589e-04
5.0586e-03 1.2342e-04
5.1465e-03 1.2114e-04
5.2358e-03 1.1900e-04
5.3267e-03 1.1698e-04
5.4191e-03 1.1510e-04
5.5132e-03 1.1335e-04
5.5694e-03 1.1238e-04
5.6089e-03 1.1148e-04
5.7062e-03 1.0937e-04
5.8053e-03 1.0734e-04
5.9061e-03 1.0540e-04
6.0086e-03 1.0361e-04
6.1129e-03 1.0200e-04
6.2190e-03 1.0051e-04
6.2444e-03 1.0016e-04
6.3269e-03 9.8664e-05
6.4368e-03 9.6759e-05
6.5485e-03 9.4986e-05
6.6622e-03 9.3318e-05
6.7778e-03 9.1751e-05
6.8955e-03 9.0292e-05
6.9876e-03 8.9268e-05
7.0151e-03 8.8866e-05
7.1369e-03 8.7155e-05
7.2608e-03 8.5543e-05
7.3868e-03 8.3949e-05
7.5151e-03 8.2465e-05
7.6455e-03 8.1092e-05
7.7782e-03 7.9821e-05
7.8065e-03 7.9559e-05
7.9132e-03 7.8261e-05
8.0506e-03 7.6717e-05
8.1903e-03 7.5283e-05
8.3325e-03 7.3948e-05
8.4771e-03 7.2697e-05
8.6243e-03 7.1532e-05
8.7086e-03 7.0906e-05
8.7740e-03 7.0269e-05
8.9263e-03 6.8867e-05
9.0812e-03 6.7563e-05
9.2389e-03 6.6352e-05
9.3992e-03 6.5226e-05
9.5624e-03 6.4181e-05
9.7284e-03 6.3244e-05
9.7373e-03 6.3195e-05
9.8972e-03 6.2029e-05
1.0069e-02 6.0875e-05
1.0244e-02 5.9799e-05
1.0422e-02 5.8794e-05
1.0603e-02 5.7854e-05
1.0787e-02 5.6971e-05
1.0932e-02 5.6322e-05
1.0974e-02 5.6076e-05
1.1164e-02 5.4990e-05
1.1358e-02 5.3978e-05
1.1555e-02 5.3034e-05
1.1756e-02 5.2151e-05
1.1960e-02 5.1440e-05
1.2167e-02 5.0900e-05
1.2379e-02 5.0383e-05
1.2454e-02 5.0196e-05
1.2594e-02 4.9728e-05
1.2812e-02 4.8790e-05
1.3035e-02 4.7911e-05
1.3261e-02 4.7090e-05
1.3491e-02 4.6315e-05
1.3725e-02 4.5590e-05
1.3963e-02 4.4914e-05
1.4028e-02 4.4737e-05
1.4206e-02 4.4097e-05
1.4452e-02 4.3268e-05
1.4703e-02 4.2493e-05
1.4958e-02 4.1768e-05
1.5218e-02 4.1085e-05
1.5482e-02 4.0447e-05
1.5742e-02 3.9871e-05
1.5751e-02 3.9845e-05
1.6024e-02 3.9060e-05
1.6303e-02 3.8328e-05
1.6585e-02 3.7647e-05
1.6873e-02 3.7111e-05
1.7166e-02 3.6681e-05
1.7464e-02 3.6272e-05
1.7767e-02 3.5846e-05
1.7950e-02 3.5535e-05
1.8076e-02 3.5250e-05
1.8390e-02 3.4575e-05
1.8709e-02 3.3946e-05
1.9034e-02 3.3352e-05
1.9364e-02 3.2796e-05
1.9700e-02 3.2278e-05
2.0042e-02 3.1799e-05
2.0138e-02 3.1670e-05
2.0390e-02 3.1225e-05
2.0744e-02 3.0639e-05
2.1104e-02 3.0089e-05
2.1470e-02 2.9574e-05
2.1843e-02 2.9092e-05
2.2222e-02 2.8643e-05
2.2608e-02 2.8321e-05
2.2727e-02 2.8226e-05
2.3000e-02 2.7935e-05
2.3399e-02 2.7529e-05
2.3806e-02 2.7067e-05
2.4219e-02 2.6597e-05
2.4639e-02 2.6158e-05
2.5067e-02 2.5745e-05
2.5502e-02 2.5352e-05
2.5731e-02 2.5156e-05
2.5945e-02 2.4916e-05
2.6395e-02 2.4435e-05
2.6853e-02 2.4082e-05
2.7319e-02 2.3748e-05
2.7794e-02 2.3433e-05
2.8276e-02 2.3077e-05
2.8767e-02 2.2721e-05
2.9216e-02 2.2420e-05
2.9266e-02 2.2376e-05
2.9774e-02 2.1940e-05
3.0291e-02 2.1536e-05
3.0817e-02 2.1158e-05
3.1352e-02 2.0810e-05
3.1896e-02 2.0538e-05
3.2449e-02 2.0281e-05
3.3013e-02 2.0038e-05
3.3126e-02 1.9982e-05
3.3586e-02 1.9683e-05
3.4169e-02 1.9314e-05
3.4762e-02 1.8970e-05
3.5365e-02 1.8648e-05
3.5979e-02 1.8344e-05
3.6604e-02 1.8061e-05
3.7225e-02 1.7808e-05
3.7239e-02 1.7800e-05
3.7885e-02 1.7514e-05
3.8543e-02 1.7243e-05
3.9212e-02 1.6987e-05
3.9893e-02 1.6704e-05
4.0585e-02 1.6431e-05
4.1290e-02 1.6175e-05
4.2006e-02 1.5953e-05
4.2301e-02 1.5872e-05
4.2736e-02 1.5714e-05
4.3477e-02 1.5458e-05
4.4232e-02 1.5210e-05
4.5000e-02 1.4941e-05
4.5781e-02 1.4691e-05
4.6576e-02 1.4458e-05
4.7384e-02 1.4268e-05
4.7957e-02 1.4145e-05
4.8207e-02 1.4074e-05
4.9043e-02 1.3843e-05
4.9895e-02 1.3605e-05
5.0761e-02 1.3366e-05
5.1642e-02 1.3142e-05
5.2538e-02 1.2940e-05
5.3450e-02 1.2769e-05
5.4378e-02 1.2608e-05
5.4381e-02 1.2607e-05
5.5322e-02 1.2394e-05
5.6282e-02 1.2195e-05
5.7259e-02 1.2006e-05
5.8253e-02 1.1827e-05
5.9264e-02 1.1645e-05
6.0293e-02 1.1466e-05
6.1339e-02 1.1298e-05
6.1757e-02 1.1236e-05
6.2404e-02 1.1109e-05
6.3487e-02 1.0924e-05
6.4589e-02 1.0750e-05
6.5711e-02 1.0586e-05
6.6851e-02 1.0430e-05
6.8012e-02 1.0283e-05
6.9192e-02 1.0144e-05
7.0393e-02 1.0014e-05
7.0393e-02 1.0014e-05
7.1615e-02 9.8439e-06
7.2858e-02 9.6840e-06
7.4123e-02 9.5324e-06
7.5409e-02 9.3879e-06
7.6718e-02 9.2516e-06
7.8050e-02 9.1228e-06
7.9405e-02 9.0013e-06
8.0308e-02 8.9247e-06
8.0783e-02 8.8717e-06
8.2185e-02 8.7206e-06
8.3612e-02 8.5676e-06
8.5063e-02 8.4199e-06
8.6540e-02 8.2820e-06
8.8042e-02 8.1628e-06
8.9570e-02 8.0652e-06
9.1125e-02 7.9717e-06
9.1422e-02 7.9541e-06
9.2707e-02 7.8543e-06
9.4316e-02 7.7237e-06
9.5953e-02 7.6029e-06
9.7619e-02 7.4881e-06
9.9313e-02 7.3791e-06
1.0104e-01 7.2758e-06
1.0279e-01 7.1791e-06
1.0456e-01 7.0890e-06
1.0458e-01 7.0879e-06
1.0639e-01 6.9691e-06
1.0824e-01 6.8568e-06
1.1012e-01 6.7502e-06
1.1203e-01 6.6494e-06
1.1397e-01 6.5541e-06
1.1595e-01 6.4649e-06
1.1796e-01 6.3854e-06
1.1979e-01 6.3180e-06
1.2001e-01 6.3073e-06
1.2209e-01 6.2102e-06
1.2421e-01 6.1169e-06
1.2637e-01 6.0270e-06
1.2856e-01 5.9407e-06
1.3079e-01 5.8590e-06
1.3306e-01 5.7866e-06
1.3537e-01 5.7199e-06
1.3772e-01 5.6563e-06
1.3860e-01 5.6309e-06
1.4011e-01 5.5747e-06
1.4255e-01 5.4870e-06
1.4502e-01 5.4037e-06
1.4754e-01 5.3294e-06
1.5010e-01 5.2631e-06
1.5270e-01 5.2012e-06
1.5536e-01 5.1410e-06
1.5805e-01 5.0823e-06
1.6080e-01 5.0247e-06
1.6112e-01 5.0185e-06
1.6359e-01 4.9604e-06
1.6643e-01 4.8969e-06
1.6932e-01 4.8349e-06
1.7225e-01 4.7745e-06
1.7524e-01 4.7173e-06
1.7829e-01 4.6645e-06
1.8138e-01 4.6143e-06
1.8453e-01 4.5676e-06
1.8773e-01 4.5208e-06
1.9099e-01 4.4743e-06
1.9111e-01 4.4727e-06
1.9431e-01 4.4191e-06
1.9768e-01 4.3723e-06
2.0111e-01 4.3296e-06
2.0460e-01 4.2876e-06
2.0815e-01 4.2495e-06
2.1177e-01 4.2144e-06
2.1544e-01 4.1838e-06
2.1918e-01 4.1529e-06
2.2299e-01 4.1253e-06
2.2686e-01 4.0975e-06
2.3079e-01 4.0691e-06
2.3480e-01 4.0462e-06
2.3888e-01 4.0306e-06
2.4302e-01 4.0232e-06
2.4724e-01 4.0182e-06
2.5153e-01 4.0166e-06
2.5590e-01 4.0174e-06
2.6034e-01 4.0216e-06
2.6486e-01 4.0306e-06
2.6946e-01 4.0714e-06
2.7413e-01 4.1249e-06
2.7889e-01 4.2039e-06
2.8373e-01 4.3269e-06
2.8779e-01 4.4727e-06
2.8866e-01 4.5375e-06
2.9262e-01 5.0185e-06
2.9079e-01 5.6309e-06
2.8866e-01 5.8819e-06
2.8597e-01 6.3180e-06
2.8373e-01 6.6005e-06
2.7991e-01 7.0890e-06
2.7889e-01 7.1884e-06
2.7413e-01 7.7352e-06
2.7260e-01 7.9541e-06
2.6946e-01 8.3456e-06
2.6486e-01 8.8786e-06
2.6448e-01 8.9247e-06
2.6034e-01 9.4811e-06
2.5682e-01 1.0014e-05
2.5590e-01 1.0145e-05
2.5153e-01 1.0697e-05
2.4747e-01 1.1236e-05
2.4724e-01 1.1274e-05
2.4302e-01 1.2003e-05
2.3892e-01 1.2607e-05
2.3888e-01 1.2613e-05
2.3480e-01 1.3353e-05
2.3079e-01 1.4086e-05
2.3048e-01 1.4145e-05
2.2686e-01 1.4902e-05
2.2299e-01 1.5571e-05
2.2137e-01 1.5872e-05
2.1918e-01 1.6434e-05
2.1544e-01 1.7298e-05
2.1291e-01 1.7808e-05
2.1177e-01 1.8108e-05
2.0815e-01 1.9088e-05
2.0466e-01 1.9982e-05
2.0460e-01 2.0001e-05
2.0111e-01 2.1086e-05
1.9768e-01 2.1970e-05
1.9598e-01 2.2420e-05
1.9431e-01 2.3087e-05
1.9099e-01 2.4261e-05
1.8774e-01 2.5156e-05
1.8773e-01 2.5158e-05
1.8453e-01 2.6596e-05
1.8138e-01 2.7833e-05
1.8023e-01 2.8226e-05
1.7829e-01 2.9150e-05
1.7524e-01 3.0465e-05
1.7225e-01 3.1621e-05
1.7214e-01 3.1670e-05
1.6932e-01 3.3487e-05
1.6643e-01 3.4833e-05
1.6472e-01 3.5535e-05
1.6359e-01 3.6363e-05
1.6080e-01 3.8289e-05
1.5805e-01 3.9664e-05
1.5762e-01 3.9871e-05
1.5536e-01 4.1706e-05
1.5270e-01 4.3537e-05
1.5081e-01 4.4737e-05
1.5010e-01 4.5473e-05
1.4754e-01 4.7722e-05
1.4502e-01 4.9416e-05
1.4383e-01 5.0196e-05
1.4255e-01 5.1756e-05
1.4011e-01 5.4267e-05
1.3772e-01 5.5994e-05
1.3725e-01 5.6322e-05
1.3537e-01 5.8946e-05
1.3306e-01 6.1644e-05
1.3121e-01 6.3195e-05
1.3079e-01 6.3821e-05
1.2856e-01 6.7119e-05
1.2637e-01 6.9655e-05
1.2522e-01 7.0906e-05
1.2421e-01 7.2949e-05
1.2209e-01 7.6339e-05
1.2001e-01 7.8717e-05
1.1927e-01 7.9559e-05
1.1796e-01 8.2693e-05
1.1595e-01 8.6469e-05
1.1397e-01 8.8913e-05
1.1367e-01 8.9268e-05
1.1203e-01 9.3704e-05
1.1012e-01 9.7765e-05
1.0848e-01 1.0016e-04
1.0824e-01 1.0088e-04
1.0639e-01 1.0627e-04
1.0458e-01 1.1018e-04
1.0340e-01 1.1238e-04
1.0279e-01 1.1478e-04
1.0104e-01 1.2058e-04
9.9313e-02 1.2427e-04
9.8368e-02 1.2610e-04
9.7619e-02 1.2963e-04
9.5953e-02 1.3615e-04
9.4316e-02 1.4020e-04
9.3683e-02 1.4149e-04
9.2707e-02 1.4670e-04
9.1125e-02 1.5367e-04
8.9570e-02 1.5810e-04
8.9315e-02 1.5875e-04
8.8042e-02 1.6647e-04
8.6540e-02 1.7314e-04
8.5063e-02 1.7786e-04
8.4983e-02 1.7813e-04
8.3612e-02 1.8860e-04
8.2185e-02 1.9505e-04
8.0783e-02 1.9969e-04
8.0738e-02 1.9986e-04
7.9405e-02 2.1240e-04
7.8050e-02 2.2004e-04
7.6829e-02 2.2425e-04
7.6718e-02 2.2541e-04
7.5409e-02 2.3920e-04
7.4123e-02 2.4763e-04
7.3199e-02 2.5162e-04
7.2858e-02 2.5568e-04
7.1615e-02 2.6937e-04
7.0393e-02 2.7827e-04
6.9723e-02 2.8232e-04
6.9192e-02 2.9062e-04
6.8012e-02 3.0392e-04
6.6851e-02 3.1262e-04
6.6194e-02 3.1677e-04
6.5711e-02 3.2580e-04
6.4589e-02 3.4277e-04
6.3487e-02 3.5171e-04
6.2922e-02 3.5543e-04
6.2404e-02 3.6673e-04
6.1339e-02 3.8515e-04
6.0293e-02 3.9527e-04
5.9808e-02 3.9880e-04
5.9264e-02 4.1194e-04
5.8253e-02 4.3192e-04
5.7259e-02 4.4452e-04
5.6956e-02 4.4747e-04
5.6282e-02 4.6681e-04
5.5322e-02 4.8672e-04
5.4378e-02 4.9869e-04
5.4101e-02 5.0208e-04
5.3450e-02 5.2639e-04
5.2538e-02 5.4779e-04
5.1642e-02 5.5964e-04
5.1343e-02 5.6335e-04
5.0761e-02 5.8900e-04
4.9895e-02 6.1516e-04
4.9043e-02 6.2875e-04
4.8782e-02 6.3209e-04
4.8207e-02 6.6114e-04
4.7384e-02 6.9070e-04
4.6576e-02 7.0632e-04
4.6389e-02 7.0923e-04
4.5781e-02 7.4364e-04
4.5000e-02 7.7381e-04
4.4232e-02 7.9188e-04
4.4058e-02 7.9577e-04
4.3477e-02 8.3837e-04
4.2736e-02 8.6995e-04
4.2006e-02 8.8852e-04
4.1826e-02 8.9288e-04
4.1290e-02 9.4074e-04
4.0585e-02 9.7870e-04
3.9893e-02 9.9669e-04
3.9680e-02 1.0018e-03
3.9212e-02 1.0502e-03
3.8543e-02 1.0965e-03
3.7885e-02 1.1191e-03
3.7704e-02 1.1241e-03
3.7239e-02 1.1797e-03
3.6604e-02 1.2294e-03
3.5979e-02 1.2565e-03
3.5838e-02 1.2613e-03
3.5365e-02 1.3252e-03
3.4762e-02 1.3780e-03
3.4169e-02 1.4076e-03
3.4007e-02 1.4152e-03
3.3586e-02 1.4913e-03
3.3013e-02 1.5489e-03
3.2449e-02 1.5786e-03
3.2251e-02 1.5879e-03
3.1896e-02 1.6636e-03
3.1352e-02 1.7388e-03
3.0817e-02 1.7722e-03
3.0613e-02 1.7817e-03
3.0291e-02 1.8603e-03
2.9774e-02 1.9484e-03
2.9266e-02 1.9884e-03
2.9077e-02 1.9991e-03
2.8767e-02 2.0855e-03
2.8276e-02 2.1806e-03
2.7794e-02 2.2300e-03
2.7627e-02 2.2430e-03
2.7319e-02 2.3485e-03
2.6853e-02 2.4479e-03
2.6395e-02 2.4992e-03
2.6192e-02 2.5167e-03
2.5945e-02 2.6218e-03
2.5502e-02 2.7487e-03
2.5067e-02 2.8008e-03
2.4802e-02 2.8239e-03
2.4639e-02 2.9057e-03
2.4219e-02 3.0723e-03
2.3806e-02 3.1432e-03
2.3536e-02 3.1685e-03
2.3399e-02 3.2473e-03
2.3000e-02 3.4372e-03
2.2608e-02 3.5238e-03
2.2346e-02 3.5551e-03
2.2222e-02 3.6373e-03
2.1843e-02 3.8482e-03
2.1470e-02 3.9475e-03
2.1230e-02 3.9890e-03
2.1104e-02 4.1001e-03
2.0744e-02 4.3204e-03
2.0390e-02 4.4242e-03
2.0078e-02 4.4757e-03
2.0042e-02 4.5128e-03
1.9700e-02 4.8417e-03
1.9364e-02 4.9632e-03
1.9034e-02 5.0191e-03
1.9020e-02 5.0219e-03
1.8709e-02 5.3958e-03
1.8390e-02 5.5607e-03
1.8076e-02 5.6287e-03
1.8045e-02 5.6348e-03
1.7767e-02 6.0209e-03
1.7464e-02 6.2292e-03
1.7166e-02 6.3159e-03
1.7141e-02 6.3224e-03
1.6873e-02 6.7569e-03
1.6585e-02 6.9794e-03
1.6303e-02 7.0820e-03
1.6269e-02 7.0939e-03
1.6024e-02 7.5855e-03
1.5751e-02 7.8222e-03
1.5482e-02 7.9337e-03
1.5414e-02 7.9596e-03
1.5218e-02 8.4399e-03
1.4958e-02 8.7776e-03
1.4703e-02 8.8948e-03
1.4602e-02 8.9309e-03
1.4452e-02 9.3568e-03
1.4206e-02 9.8018e-03
1.3963e-02 9.9718e-03
1.3840e-02 1.0021e-02
1.3725e-02 1.0399e-02
1.3491e-02 1.0953e-02
1.3261e-02 1.1179e-02
1.3138e-02 1.1244e-02
1.3035e-02 1.1639e-02
1.2812e-02 1.2264e-02
1.2594e-02 1.2523e-02
1.2460e-02 1.2616e-02
1.2379e-02 1.3016e-02
1.2167e-02 1.3731e-02
1.1960e-02 1.4016e-02
1.1756e-02 1.4153e-02
1.1754e-02 1.4155e-02
1.1555e-02 1.5319e-02
1.1358e-02 1.5716e-02
1.1164e-02 1.5865e-02
1.1142e-02 1.5883e-02
1.0974e-02 1.7027e-02
1.0787e-02 1.7584e-02
1.0603e-02 1.7787e-02
1.0562e-02 1.7821e-02
1.0422e-02 1.8924e-02
1.0244e-02 1.9662e-02
1.0069e-02 1.9943e-02
1.0022e-02 1.9995e-02
9.8972e-03 2.1139e-02
9.7284e-03 2.2004e-02
9.5624e-03 2.2350e-02
9.5099e-03 2.2435e-02
9.3992e-03 2.3751e-02
9.2389e-03 2.4680e-02
9.0812e-03 2.5051e-02
8.9996e-03 2.5173e-02
8.9263e-03 2.6187e-02
8.7740e-03 2.7627e-02
8.6243e-03 2.8074e-02
8.5060e-03 2.8245e-02
8.4771e-03 2.8714e-02
8.3325e-03 3.0780e-02
8.1903e-03 3.1459e-02
8.0509e-03 3.1692e-02
8.0506e-03 3.1697e-02
7.9132e-03 3.4316e-02
7.7782e-03 3.5231e-02
7.6455e-03 3.5547e-02
7.6403e-03 3.5559e-02
7.5151e-03 3.8325e-02
7.3868e-03 3.9428e-02
7.2608e-03 3.9860e-02
7.2487e-03 3.9899e-02
7.1369e-03 4.2931e-02
7.0151e-03 4.4170e-02
6.8955e-03 4.4658e-02
6.8633e-03 4.4768e-02
6.7778e-03 4.7630e-02
6.6622e-03 4.9516e-02
6.5485e-03 5.0058e-02
6.4946e-03 5.0231e-02
6.4368e-03 5.2495e-02
6.3269e-03 5.5268e-02
6.2190e-03 5.6128e-02
6.1517e-03 5.6361e-02
6.1129e-03 5.8136e-02
6.0086e-03 6.1745e-02
5.9061e-03 6.2900e-02
5.8318e-03 6.3238e-02
5.8053e-03 6.4635e-02
5.7062e-03 6.8963e-02
5.6089e-03 7.0430e-02
5.5293e-03 7.0955e-02
5.5132e-03 7.2056e-02
5.4191e-03 7.7223e-02
5.3267e-03 7.8931e-02
5.2358e-03 7.9568e-02
5.2297e-03 7.9614e-02
5.1465e-03 8.6182e-02
5.0586e-03 8.8424e-02
4.9723e-03 8.9162e-02
4.9497e-03 8.9330e-02
4.8875e-03 9.5225e-02
4.8041e-03 9.8966e-02
4.7221e-03 1.0002e-01
4.6913e-03 1.0023e-01
