1.0000e-04 1.9548e-03
1.0174e-04 1.9186e-03
1.0350e-04 1.8847e-03
1.0530e-04 1.8532e-03
1.0713e-04 1.8238e-03
1.0899e-04 1.7963e-03
1.1003e-04 1.7817e-03
1.1088e-04 1.7661e-03
1.1280e-04 1.7323e-03
1.1476e-04 1.7007e-03
1.1675e-04 1.6712e-03
1.1878e-04 1.6437e-03
1.2084e-04 1.6180e-03
1.2294e-04 1.5938e-03
1.2347e-04 1.5879e-03
1.2507e-04 1.5644e-03
1.2724e-04 1.5349e-03
1.2945e-04 1.5074e-03
1.3170e-04 1.4817e-03
1.3398e-04 1.4576e-03
1.3631e-04 1.4352e-03
1.3855e-04 1.4152e-03
1.3868e-04 1.4137e-03
1.4108e-04 1.3859e-03
1.4353e-04 1.3599e-03
1.4602e-04 1.3358e-03
1.4856e-04 1.3134e-03
1.5114e-04 1.2925e-03
1.5376e-04 1.2729e-03
1.5541e-04 1.2613e-03
1.5643e-04 1.2519e-03
1.5915e-04 1.2278e-03
1.6191e-04 1.2054e-03
1.6472e-04 1.1845e-03
1.6758e-04 1.1649e-03
1.7049e-04 1.1466e-03
1.7345e-04 1.1294e-03
1.7440e-04 1.1241e-03
1.7646e-04 1.1089e-03
1.7952e-04 1.0878e-03
1.8264e-04 1.0680e-03
1.8581e-04 1.0498e-03
1.8903e-04 1.0327e-03
1.9231e-04 1.0167e-03
1.9565e-04 1.0018e-03
1.9565e-04 1.0018e-03
1.9905e-04 9.8220e-04
2.0250e-04 9.6386e-04
2.0602e-04 9.4676e-04
2.0959e-04 9.3082e-04
2.1323e-04 9.1600e-04
2.1693e-04 9.0216e-04
2.1957e-04 8.9288e-04
2.2070e-04 8.8766e-04
2.2453e-04 8.7050e-04
2.2843e-04 8.5448e-04
2.3239e-04 8.3949e-04
2.3642e-04 8.2548e-04
2.4053e-04 8.1243e-04
2.4470e-04 8.0029e-04
2.4633e-04 7.9577e-04
2.4895e-04 7.8615e-04
2.5327e-04 7.7123e-04
2.5767e-04 7.5732e-04
2.6214e-04 7.4433e-04
2.6669e-04 7.3215e-04
2.7132e-04 7.2077e-04
2.7603e-04 7.1018e-04
2.7646e-04 7.0923e-04
2.8082e-04 6.9657e-04
2.8570e-04 6.8351e-04
2.9065e-04 6.7132e-04
2.9570e-04 6.5992e-04
3.0083e-04 6.4928e-04
3.0605e-04 6.3934e-04
3.1015e-04 6.3209e-04
3.1137e-04 6.2924e-04
3.1677e-04 6.1703e-04
3.2227e-04 6.0565e-04
3.2786e-04 5.9502e-04
3.3356e-04 5.8509e-04
3.3935e-04 5.7583e-04
3.4524e-04 5.6719e-04
3.4799e-04 5.6335e-04
3.5123e-04 5.5737e-04
3.5733e-04 5.4672e-04
3.6353e-04 5.3677e-04
3.6984e-04 5.2746e-04
3.7626e-04 5.1878e-04
3.8279e-04 5.1070e-04
3.8943e-04 5.0319e-04
3.9044e-04 5.0208e-04
3.9619e-04 4.9376e-04
4.0307e-04 4.8449e-04
4.1007e-04 4.7582e-04
4.1718e-04 4.6773e-04
4.2443e-04 4.6013e-04
4.3179e-04 4.5304e-04
4.3806e-04 4.4747e-04
4.3929e-04 4.4603e-04
4.4691e-04 4.3738e-04
4.5467e-04 4.2930e-04
4.6256e-04 4.2176e-04
4.7059e-04 4.1472e-04
4.7876e-04 4.0815e-04
4.8707e-04 4.0194e-04
4.9151e-04 3.9880e-04
4.9553e-04 3.9506e-04
5.0413e-04 3.8747e-04
5.1288e-04 3.8047e-04
5.2178e-04 3.7392e-04
5.3084e-04 3.6774e-04
5.4005e-04 3.6193e-04
5.4943e-04 3.5650e-04
5.5137e-04 3.5543e-04
5.5896e-04 3.4993e-04
5.6867e-04 3.4337e-04
5.7854e-04 3.3722e-04
5.8858e-04 3.3144e-04
5.9880e-04 3.2605e-04
6.0919e-04 3.2103e-04
6.1876e-04 3.1677e-04
6.1976e-04 3.1619e-04
6.3052e-04 3.1000e-04
6.4147e-04 3.0427e-04
6.5260e-04 2.9891e-04
6.6393e-04 2.9391e-04
6.7545e-04 2.8924e-04
6.8718e-04 2.8488e-04
6.9447e-04 2.8232e-04
6.9911e-04 2.8017e-04
7.1124e-04 2.7479e-04
7.2359e-04 2.6976e-04
7.3615e-04 2.6506e-04
7.4893e-04 2.6066e-04
7.6193e-04 2.5657e-04
7.7515e-04 2.5277e-04
7.7931e-04 2.5162e-04
7.8861e-04 2.4823e-04
8.0229e-04 2.4352e-04
8.1622e-04 2.3911e-04
8.3039e-04 2.3498e-04
8.4480e-04 2.3115e-04
8.5947e-04 2.2758e-04
8.7438e-04 2.2425e-04
8.7439e-04 2.2425e-04
8.8956e-04 2.1987e-04
9.0500e-04 2.1577e-04
9.2071e-04 2.1194e-04
9.3670e-04 2.0837e-04
9.5295e-04 2.0504e-04
9.6950e-04 2.0193e-04
9.8123e-04 1.9986e-04
9.8632e-04 1.9868e-04
1.0034e-03 1.9484e-04
1.0209e-03 1.9122e-04
1.0386e-03 1.8785e-04
1.0566e-03 1.8473e-04
1.0750e-03 1.8184e-04
1.0936e-03 1.7915e-04
1.1009e-03 1.7813e-04
1.1126e-03 1.7597e-04
1.1319e-03 1.7260e-04
1.1516e-03 1.6947e-04
1.1715e-03 1.6655e-04
1.1919e-03 1.6383e-04
1.2126e-03 1.6129e-04
1.2336e-03 1.5892e-04
1.2351e-03 1.5875e-04
1.2550e-03 1.5587e-04
1.2768e-03 1.5294e-04
1.2990e-03 1.5021e-04
1.3215e-03 1.4766e-04
1.3445e-03 1.4529e-04
1.3678e-03 1.4308e-04
1.3858e-03 1.4149e-04
1.3915e-03 1.4083e-04
1.4157e-03 1.3812e-04
1.4403e-03 1.3558e-04
1.4653e-03 1.3319e-04
1.4907e-03 1.3094e-04
1.5166e-03 1.2885e-04
1.5429e-03 1.2692e-04
1.5546e-03 1.2610e-04
1.5697e-03 1.2471e-04
1.5969e-03 1.2233e-04
1.6247e-03 1.2010e-04
1.6529e-03 1.1803e-04
1.6815e-03 1.1609e-04
1.7107e-03 1.1429e-04
1.7404e-03 1.1261e-04
1.7445e-03 1.1238e-04
1.7706e-03 1.1049e-04
1.8014e-03 1.0842e-04
1.8326e-03 1.0649e-04
1.8645e-03 1.0466e-04
1.8968e-03 1.0296e-04
1.9297e-03 1.0139e-04
1.9575e-03 1.0016e-04
1.9632e-03 9.9826e-05
1.9973e-03 9.7893e-05
2.0320e-03 9.6079e-05
2.0673e-03 9.4385e-05
2.1031e-03 9.2807e-05
2.1396e-03 9.1337e-05
2.1768e-03 8.9967e-05
2.1966e-03 8.9268e-05
2.2146e-03 8.8433e-05
2.2530e-03 8.6727e-05
2.2921e-03 8.5137e-05
2.3319e-03 8.3668e-05
2.3724e-03 8.2295e-05
2.4136e-03 8.1012e-05
2.4555e-03 7.9811e-05
2.4646e-03 7.9559e-05
2.4981e-03 7.8331e-05
2.5414e-03 7.6853e-05
2.5856e-03 7.5475e-05
2.6304e-03 7.4188e-05
2.6761e-03 7.2985e-05
2.7226e-03 7.1861e-05
2.7653e-03 7.0906e-05
2.7698e-03 7.0772e-05
2.8179e-03 6.9389e-05
2.8668e-03 6.8099e-05
2.9166e-03 6.6894e-05
2.9672e-03 6.5772e-05
3.0187e-03 6.4724e-05
3.0711e-03 6.3740e-05
3.1019e-03 6.3195e-05
3.1244e-03 6.2671e-05
3.1786e-03 6.1463e-05
3.2338e-03 6.0336e-05
3.2899e-03 5.9284e-05
3.3470e-03 5.8306e-05
3.4051e-03 5.7394e-05
3.4643e-03 5.6543e-05
3.4802e-03 5.6322e-05
3.5244e-03 5.5511e-05
3.5856e-03 5.4462e-05
3.6478e-03 5.3482e-05
3.7111e-03 5.2568e-05
3.7755e-03 5.1715e-05
3.8411e-03 5.0911e-05
3.9040e-03 5.0196e-05
3.9077e-03 5.0141e-05
3.9756e-03 4.9146e-05
4.0446e-03 4.8233e-05
4.1148e-03 4.7382e-05
4.1862e-03 4.6586e-05
4.2589e-03 4.5841e-05
4.3328e-03 4.5145e-05
4.3790e-03 4.4737e-05
4.4080e-03 4.4400e-05
4.4845e-03 4.3546e-05
4.5624e-03 4.2750e-05
4.6416e-03 4.1997e-05
4.7221e-03 4.1293e-05
4.8041e-03 4.0638e-05
4.8875e-03 4.0029e-05
4.9099e-03 3.9871e-05
4.9723e-03 3.9292e-05
5.0586e-03 3.8541e-05
5.1465e-03 3.7840e-05
5.2358e-03 3.7184e-05
5.3267e-03 3.6578e-05
5.4191e-03 3.6014e-05
5.5039e-03 3.5535e-05
5.5132e-03 3.5466e-05
5.6089e-03 3.4766e-05
5.7062e-03 3.4114e-05
5.8053e-03 3.3499e-05
5.9061e-03 3.2922e-05
6.0086e-03 3.2385e-05
6.1129e-03 3.1888e-05
6.1609e-03 3.1670e-05
6.2190e-03 3.1323e-05
6.3269e-03 3.0713e-05
6.4368e-03 3.0140e-05
6.5485e-03 2.9604e-05
6.6622e-03 2.9105e-05
6.7778e-03 2.8641e-05
6.8905e-03 2.8226e-05
6.8955e-03 2.8202e-05
7.0151e-03 2.7637e-05
7.1369e-03 2.7109e-05
7.2608e-03 2.6615e-05
7.3868e-03 2.6146e-05
7.5151e-03 2.5709e-05
7.6455e-03 2.5302e-05
7.6946e-03 2.5156e-05
7.7782e-03 2.4828e-05
7.9132e-03 2.4330e-05
8.0506e-03 2.3863e-05
8.1903e-03 2.3426e-05
8.3325e-03 2.3020e-05
8.4771e-03 2.2645e-05
8.5690e-03 2.2420e-05
8.6243e-03 2.2243e-05
8.7740e-03 2.1781e-05
8.9263e-03 2.1349e-05
9.0812e-03 2.0946e-05
9.2389e-03 2.0570e-05
9.3992e-03 2.0220e-05
9.5161e-03 1.9982e-05
9.5624e-03 1.9858e-05
9.7284e-03 1.9430e-05
9.8972e-03 1.9031e-05
1.0069e-02 1.8660e-05
1.0244e-02 1.8314e-05
1.0422e-02 1.7991e-05
1.0529e-02 1.7808e-05
1.0603e-02 1.7643e-05
1.0787e-02 1.7249e-05
1.0974e-02 1.6882e-05
1.1164e-02 1.6540e-05
1.1358e-02 1.6223e-05
1.1555e-02 1.5929e-05
1.1594e-02 1.5872e-05
1.1756e-02 1.5566e-05
1.1960e-02 1.5210e-05
1.2167e-02 1.4882e-05
1.2379e-02 1.4577e-05
1.2594e-02 1.4293e-05
1.2710e-02 1.4145e-05
1.2812e-02 1.3978e-05
1.3035e-02 1.3631e-05
1.3261e-02 1.3310e-05
1.3491e-02 1.3014e-05
1.3725e-02 1.2740e-05
1.3845e-02 1.2607e-05
1.3963e-02 1.2439e-05
1.4206e-02 1.2113e-05
1.4452e-02 1.1815e-05
1.4703e-02 1.1540e-05
1.4958e-02 1.1288e-05
1.5012e-02 1.1236e-05
1.5218e-02 1.0981e-05
1.5482e-02 1.0681e-05
1.5751e-02 1.0407e-05
1.6024e-02 1.0158e-05
1.6195e-02 1.0014e-05
1.6303e-02 9.8982e-06
1.6585e-02 9.6078e-06
1.6873e-02 9.3448e-06
1.7166e-02 9.1066e-06
1.7413e-02 8.9247e-06
1.7464e-02 8.8770e-06
1.7767e-02 8.6015e-06
1.8076e-02 8.3530e-06
1.8390e-02 8.1291e-06
1.8663e-02 7.9541e-06
1.8709e-02 7.9168e-06
1.9034e-02 7.6603e-06
1.9364e-02 7.4302e-06
1.9700e-02 7.2242e-06
1.9943e-02 7.0890e-06
2.0042e-02 7.0203e-06
2.0390e-02 6.7886e-06
2.0744e-02 6.5819e-06
2.1104e-02 6.3976e-06
2.1270e-02 6.3180e-06
2.1470e-02 6.1980e-06
2.1843e-02 5.9915e-06
2.2222e-02 5.8084e-06
2.2608e-02 5.6453e-06
2.2643e-02 5.6309e-06
2.3000e-02 5.4474e-06
2.3399e-02 5.2670e-06
2.3806e-02 5.1087e-06
2.4061e-02 5.0185e-06
2.4219e-02 4.9497e-06
2.4639e-02 4.7767e-06
2.5067e-02 4.6238e-06
2.5502e-02 4.4888e-06
2.5555e-02 4.4727e-06
2.5945e-02 4.3277e-06
2.6395e-02 4.1804e-06
2.6853e-02 4.0496e-06
2.7095e-02 3.9862e-06
2.7319e-02 3.9141e-06
2.7794e-02 3.7726e-06
2.8276e-02 3.6504e-06
2.8721e-02 3.5527e-06
2.8767e-02 3.5404e-06
2.9266e-02 3.4087e-06
2.9774e-02 3.2929e-06
3.0291e-02 3.1909e-06
3.0422e-02 3.1663e-06
3.0817e-02 3.0752e-06
3.1352e-02 2.9654e-06
3.1896e-02 2.8690e-06
3.2187e-02 2.8219e-06
3.2449e-02 2.7700e-06
3.3013e-02 2.6669e-06
3.3586e-02 2.5779e-06
3.4048e-02 2.5150e-06
3.4169e-02 2.4948e-06
3.4762e-02 2.3998e-06
3.5365e-02 2.3171e-06
3.5979e-02 2.2450e-06
3.6009e-02 2.2415e-06
3.6604e-02 2.1580e-06
3.7239e-02 2.0811e-06
3.7885e-02 2.0136e-06
3.8046e-02 1.9977e-06
3.8543e-02 1.9377e-06
3.9212e-02 1.8660e-06
3.9893e-02 1.8042e-06
4.0176e-02 1.7804e-06
4.0585e-02 1.7384e-06
4.1290e-02 1.6728e-06
4.2006e-02 1.6157e-06
4.2403e-02 1.5868e-06
4.2736e-02 1.5573e-06
4.3477e-02 1.4966e-06
4.4232e-02 1.4443e-06
4.4723e-02 1.4142e-06
4.5000e-02 1.3936e-06
4.5781e-02 1.3390e-06
4.6576e-02 1.2918e-06
4.7166e-02 1.2604e-06
4.7384e-02 1.2463e-06
4.8207e-02 1.1957e-06
4.9043e-02 1.1522e-06
4.9684e-02 1.1233e-06
4.9895e-02 1.1118e-06
5.0761e-02 1.0671e-06
5.1642e-02 1.0285e-06
5.2353e-02 1.0012e-06
5.2538e-02 9.9258e-07
5.3450e-02 9.5116e-07
5.4378e-02 9.1560e-07
5.5071e-02 8.9227e-07
5.5322e-02 8.8209e-07
5.6282e-02 8.4492e-07
5.7259e-02 8.1304e-07
5.7871e-02 7.9522e-07
5.8253e-02 7.8181e-07
5.9264e-02 7.4929e-07
6.0293e-02 7.2167e-07
6.0822e-02 7.0874e-07
6.1339e-02 6.9355e-07
6.2404e-02 6.6465e-07
6.3487e-02 6.3949e-07
6.3848e-02 6.3166e-07
6.4589e-02 6.1242e-07
6.5711e-02 5.8661e-07
6.6851e-02 5.6462e-07
6.6939e-02 5.6296e-07
6.8012e-02 5.3889e-07
6.9192e-02 5.1644e-07
7.0080e-02 5.0173e-07
7.0393e-02 4.9559e-07
7.1615e-02 4.7277e-07
7.2858e-02 4.5346e-07
7.3294e-02 4.4716e-07
7.4123e-02 4.3299e-07
7.5409e-02 4.1353e-07
7.6586e-02 3.9853e-07
7.6718e-02 3.9655e-07
7.8050e-02 3.7701e-07
7.9405e-02 3.6051e-07
7.9874e-02 3.5519e-07
8.0783e-02 3.4316e-07
8.2185e-02 3.2682e-07
8.3223e-02 3.1656e-07
8.3612e-02 3.1209e-07
8.5063e-02 2.9635e-07
8.6540e-02 2.8318e-07
8.6657e-02 2.8213e-07
8.8042e-02 2.6782e-07
8.9570e-02 2.5436e-07
8.9917e-02 2.5144e-07
9.1125e-02 2.3997e-07
9.2707e-02 2.2726e-07
9.3130e-02 2.2410e-07
9.4316e-02 2.1415e-07
9.5953e-02 2.0239e-07
9.6343e-02 1.9972e-07
9.7619e-02 1.9003e-07
9.9313e-02 1.7917e-07
9.9498e-02 1.7800e-07
1.0104e-01 1.6735e-07
1.0254e-01 1.5864e-07
1.0279e-01 1.5704e-07
1.0458e-01 1.4601e-07
1.0541e-01 1.4139e-07
1.0639e-01 1.3562e-07
1.0824e-01 1.2604e-07
1.0825e-01 1.2601e-07
1.1012e-01 1.1565e-07
1.1077e-01 1.1231e-07
1.1203e-01 1.0586e-07
1.1320e-01 1.0009e-07
1.1397e-01 9.6407e-08
1.1548e-01 8.9206e-08
1.1595e-01 8.7092e-08
1.1752e-01 7.9504e-08
1.1796e-01 7.7623e-08
1.1934e-01 7.0857e-08
1.2001e-01 6.8120e-08
1.2098e-01 6.3151e-08
1.2209e-01 5.8723e-08
1.2253e-01 5.6283e-08
1.2403e-01 5.0161e-08
1.2421e-01 4.9530e-08
1.2505e-01 4.4706e-08
1.2637e-01 4.0103e-08
1.2640e-01 3.9844e-08
1.2705e-01 3.5510e-08
1.2809e-01 3.1648e-08
1.2856e-01 3.0298e-08
1.2876e-01 2.8206e-08
1.2919e-01 2.5139e-08
1.2989e-01 2.2404e-08
1.3079e-01 2.0266e-08
1.3080e-01 1.9968e-08
1.3087e-01 1.7796e-08
1.3099e-01 1.5861e-08
1.3118e-01 1.4136e-08
1.3147e-01 1.2598e-08
1.3194e-01 1.1228e-08
1.3267e-01 1.0007e-08
1.3306e-01 9.5308e-09
1.3306e-01 8.9186e-09
1.3307e-01 7.9486e-09
1.3307e-01 7.0841e-09
1.3308e-01 6.3136e-09
1.3310e-01 5.6270e-09
1.3312e-01 5.0150e-09
1.3316e-01 4.4696e-09
1.3322e-01 3.9835e-09
1.3331e-01 3.5502e-09
1.3347e-01 3.1641e-09
1.3370e-01 2.8200e-09
1.3408e-01 2.5133e-09
1.3469e-01 2.2399e-09
1.3537e-01 2.0453e-09
1.3606e-01 2.2399e-09
1.3668e-01 2.5133e-09
1.3706e-01 2.8200e-09
1.3730e-01 3.1641e-09
1.3746e-01 3.5502e-09
1.3756e-01 3.9835e-09
1.3762e-01 4.4696e-09
1.3765e-01 5.0150e-09
1.3768e-01 5.6270e-09
1.3769e-01 6.3136e-09
1.3770e-01 7.0841e-09
1.3771e-01 7.9486e-09
1.3771e-01 8.9186e-09
1.3772e-01 1.0007e-08
1.3772e-01 1.1228e-08
1.3772e-01 1.2598e-08
1.3772e-01 1.4136e-08
1.3772e-01 1.5033e-08
1.3817e-01 1.5861e-08
1.3894e-01 1.7796e-08
1.3943e-01 1.9968e-08
1.3974e-01 2.2404e-08
1.3993e-01 2.5139e-08
1.4005e-01 2.8206e-08
1.4011e-01 3.0487e-08
1.4046e-01 3.1648e-08
1.4137e-01 3.5510e-08
1.4194e-01 3.9844e-08
1.4231e-01 4.4706e-08
1.4253e-01 5.0161e-08
1.4255e-01 5.0616e-08
1.4355e-01 5.6283e-08
1.4426e-01 6.3151e-08
1.4470e-01 7.0857e-08
1.4499e-01 7.9504e-08
1.4502e-01 8.0794e-08
1.4591e-01 8.9206e-08
1.4660e-01 1.0009e-07
1.4704e-01 1.1231e-07
1.4732e-01 1.2601e-07
1.4749e-01 1.4139e-07
1.4754e-01 1.4666e-07
1.4823e-01 1.5864e-07
1.4896e-01 1.7800e-07
1.4943e-01 1.9972e-07
1.4972e-01 2.2410e-07
1.4990e-01 2.5144e-07
1.5002e-01 2.8213e-07
1.5009e-01 3.1656e-07
1.5010e-01 3.1941e-07
1.5011e-01 3.1656e-07
1.5019e-01 2.8213e-07
1.5034e-01 2.5144e-07
1.5056e-01 2.2410e-07
1.5091e-01 1.9972e-07
1.5147e-01 1.7800e-07
1.5236e-01 1.5864e-07
1.5270e-01 1.5277e-07
1.5354e-01 1.4139e-07
1.5530e-01 1.2601e-07
1.5536e-01 1.2556e-07
1.5805e-01 1.1336e-07
1.5848e-01 1.1231e-07
1.6080e-01 1.0612e-07
1.6359e-01 1.0181e-07
1.6523e-01 1.0009e-07
1.6643e-01 9.8531e-08
1.6932e-01 9.5670e-08
1.7225e-01 9.3445e-08
1.7524e-01 9.1626e-08
1.7829e-01 9.0077e-08
1.8022e-01 8.9206e-08
1.8138e-01 8.8517e-08
1.8453e-01 8.6783e-08
1.8773e-01 8.5158e-08
1.9099e-01 8.3659e-08
1.9431e-01 8.2266e-08
1.9768e-01 8.0961e-08
2.0111e-01 7.9733e-08
2.0176e-01 7.9504e-08
2.0460e-01 7.8195e-08
2.0815e-01 7.6492e-08
2.1177e-01 7.4828e-08
2.1544e-01 7.3281e-08
2.1918e-01 7.1900e-08
2.2251e-01 7.0857e-08
2.2299e-01 7.0662e-08
2.2686e-01 6.9099e-08
2.3079e-01 6.7634e-08
2.3480e-01 6.6076e-08
2.3888e-01 6.4636e-08
2.4302e-01 6.3309e-08
2.4352e-01 6.3151e-08
2.4724e-01 6.1656e-08
2.5153e-01 6.0079e-08
2.5590e-01 5.8629e-08
2.6034e-01 5.7300e-08
2.6405e-01 5.6283e-08
2.6486e-01 5.5999e-08
2.6946e-01 5.4420e-08
2.7413e-01 5.2979e-08
2.7889e-01 5.1684e-08
2.8373e-01 5.0501e-08
2.8517e-01 5.0161e-08
2.8866e-01 4.9115e-08
2.9367e-01 4.7737e-08
2.9877e-01 4.6484e-08
3.0395e-01 4.5341e-08
3.0695e-01 4.4706e-08
3.0923e-01 4.4099e-08
3.1460e-01 4.2691e-08
3.2006e-01 4.1422e-08
3.2561e-01 4.0283e-08
3.2790e-01 3.9844e-08
3.3126e-01 3.9038e-08
3.3701e-01 3.7756e-08
3.4286e-01 3.6603e-08
3.4882e-01 3.5594e-08
3.4932e-01 3.5510e-08
3.5487e-01 3.4356e-08
3.6103e-01 3.3210e-08
3.6730e-01 3.2188e-08
3.7087e-01 3.1648e-08
3.7367e-01 3.1127e-08
3.8016e-01 2.9974e-08
3.8676e-01 2.8935e-08
3.9174e-01 2.8206e-08
3.9347e-01 2.7899e-08
4.0030e-01 2.6708e-08
4.0725e-01 2.5651e-08
4.1098e-01 2.5139e-08
4.1432e-01 2.4593e-08
4.2151e-01 2.3470e-08
4.2883e-01 2.2473e-08
4.2930e-01 2.2404e-08
4.3627e-01 2.1231e-08
4.4384e-01 2.0103e-08
4.4470e-01 1.9968e-08
4.5155e-01 1.8786e-08
4.5792e-01 1.7796e-08
4.5939e-01 1.7553e-08
4.6736e-01 1.6207e-08
4.6930e-01 1.5861e-08
4.7547e-01 1.4782e-08
4.7889e-01 1.4136e-08
4.8373e-01 1.3292e-08
4.8706e-01 1.2598e-08
4.9212e-01 1.1703e-08
4.9412e-01 1.1228e-08
5.0067e-01 1.0049e-08
5.0082e-01 1.0007e-08
5.0515e-01 8.9186e-09
5.0936e-01 8.2252e-09
5.1018e-01 7.9486e-09
5.1352e-01 7.0841e-09
5.1820e-01 6.3732e-09
5.1833e-01 6.3136e-09
5.2001e-01 5.6270e-09
5.2268e-01 5.0150e-09
5.2691e-01 4.4696e-09
5.2719e-01 4.4382e-09
5.2772e-01 3.9835e-09
5.2859e-01 3.5502e-09
5.2996e-01 3.1641e-09
5.3212e-01 2.8200e-09
5.3556e-01 2.5133e-09
5.3634e-01 2.4559e-09
5.3635e-01 2.2399e-09
5.3636e-01 1.9963e-09
5.3637e-01 1.7792e-09
5.3640e-01 1.5857e-09
5.3644e-01 1.4132e-09
5.3651e-01 1.2595e-09
5.3661e-01 1.1225e-09
5.3677e-01 1.0005e-09
5.3703e-01 8.9165e-10
5.3745e-01 7.9468e-10
5.3810e-01 7.0825e-10
5.3913e-01 6.3122e-10
5.4076e-01 5.6257e-10
5.4335e-01 5.0138e-10
5.4565e-01 4.6494e-10
5.4800e-01 5.0138e-10
5.5066e-01 5.6257e-10
5.5234e-01 6.3122e-10
5.5339e-01 7.0825e-10
5.5406e-01 7.9468e-10
5.5448e-01 8.9165e-10
5.5475e-01 1.0005e-09
5.5492e-01 1.1225e-09
5.5502e-01 1.2595e-09
5.5509e-01 1.4132e-09
5.5512e-01 1.5265e-09
5.5637e-01 1.5857e-09
5.5955e-01 1.7792e-09
5.6157e-01 1.9963e-09
5.6286e-01 2.2399e-09
5.6368e-01 2.5133e-09
5.6421e-01 2.8200e-09
5.6456e-01 3.1641e-09
5.6476e-01 3.4905e-09
5.6543e-01 3.5502e-09
5.6952e-01 3.9835e-09
5.7211e-01 4.4696e-09
5.7374e-01 5.0150e-09
5.7456e-01 5.4446e-09
5.7611e-01 5.6270e-09
5.8073e-01 6.3136e-09
5.8365e-01 7.0841e-09
5.8454e-01 7.4028e-09
5.8837e-01 7.9486e-09
5.9303e-01 8.9186e-09
5.9468e-01 9.4050e-09
5.9848e-01 1.0007e-08
6.0395e-01 1.1228e-08
6.0501e-01 1.1526e-08
6.1086e-01 1.2598e-08
6.1551e-01 1.3852e-08
6.1695e-01 1.4136e-08
6.2419e-01 1.5861e-08
6.2619e-01 1.6496e-08
6.3136e-01 1.7796e-08
6.3706e-01 1.9911e-08
6.3725e-01 1.9968e-08
6.4432e-01 2.2404e-08
6.4812e-01 2.4539e-08
6.4947e-01 2.5139e-08
6.5510e-01 2.8206e-08
6.5867e-01 3.1648e-08
6.5937e-01 3.2512e-08
6.6307e-01 3.5510e-08
6.6648e-01 3.9844e-08
6.6865e-01 4.4706e-08
6.7002e-01 5.0161e-08
6.7081e-01 5.5456e-08
6.7179e-01 5.6283e-08
6.7863e-01 6.3151e-08
6.8246e-01 6.9522e-08
6.8297e-01 6.3151e-08
6.8388e-01 5.6283e-08
6.8531e-01 5.0161e-08
6.8757e-01 4.4706e-08
6.9112e-01 3.9844e-08
6.9430e-01 3.6928e-08
6.9553e-01 3.5510e-08
7.0002e-01 3.1648e-08
7.0636e-01 2.8449e-08
7.0687e-01 2.8206e-08
7.1440e-01 2.5139e-08
7.1862e-01 2.3869e-08
7.2428e-01 2.2404e-08
7.3109e-01 2.0933e-08
7.3647e-01 1.9968e-08
7.4378e-01 1.8771e-08
7.5099e-01 1.7796e-08
7.5669e-01 1.7057e-08
7.6784e-01 1.5861e-08
7.6983e-01 1.5650e-08
7.8319e-01 1.4372e-08
7.8596e-01 1.4136e-08
7.9678e-01 1.3201e-08
8.0481e-01 1.2598e-08
8.1062e-01 1.2157e-08
8.2439e-01 1.1228e-08
8.2469e-01 1.1207e-08
8.3900e-01 1.0216e-08
8.4208e-01 1.0007e-08
8.5356e-01 9.2595e-09
8.5866e-01 8.9186e-09
8.6838e-01 8.3179e-09
8.7381e-01 7.9486e-09
8.8345e-01 7.3711e-09
8.8745e-01 7.0841e-09
8.9879e-01 6.4064e-09
9.0024e-01 6.3136e-09
9.1106e-01 5.6270e-09
9.1439e-01 5.4448e-09
9.1911e-01 5.6270e-09
9.2570e-01 6.3136e-09
9.2737e-01 7.0841e-09
9.2779e-01 7.9486e-09
9.2801e-01 8.9186e-09
9.2819e-01 1.0007e-08
9.2835e-01 1.1228e-08
9.2850e-01 1.2598e-08
9.2863e-01 1.4136e-08
9.2871e-01 1.5861e-08
9.2865e-01 1.7796e-08
9.2849e-01 1.9968e-08
9.2815e-01 2.2404e-08
9.2729e-01 2.5139e-08
9.2559e-01 2.8206e-08
9.2183e-01 3.1648e-08
9.1439e-01 3.4730e-08
9.1435e-01 3.5510e-08
9.1425e-01 3.9844e-08
9.1418e-01 4.4706e-08
9.1410e-01 5.0161e-08
9.1397e-01 5.6283e-08
9.1365e-01 6.3151e-08
9.1283e-01 7.0857e-08
9.1050e-01 7.9504e-08
8.9976e-01 8.9206e-08
8.9879e-01 9.0044e-08
8.9875e-01 1.0009e-07
8.9870e-01 1.1231e-07
8.9862e-01 1.2601e-07
8.9839e-01 1.4139e-07
8.9747e-01 1.5864e-07
8.9325e-01 1.7800e-07
8.8345e-01 1.9436e-07
8.8344e-01 1.9972e-07
8.8342e-01 2.2410e-07
8.8338e-01 2.5144e-07
8.8323e-01 2.8213e-07
8.8252e-01 3.1656e-07
8.7752e-01 3.5519e-07
8.6838e-01 3.8389e-07
8.6836e-01 3.9853e-07
8.6828e-01 4.4716e-07
8.6787e-01 5.0173e-07
8.6469e-01 5.6296e-07
8.5356e-01 6.1869e-07
8.5340e-01 6.3166e-07
8.5206e-01 7.0874e-07
8.3900e-01 7.9265e-07
8.3874e-01 7.9522e-07
8.2744e-01 8.9227e-07
8.2469e-01 9.1370e-07
8.1062e-01 9.9302e-07
7.9678e-01 1.0009e-06
7.9621e-01 1.0012e-06
7.8319e-01 1.0538e-06
7.6983e-01 1.0864e-06
7.5669e-01 1.0993e-06
7.4378e-01 1.1124e-06
7.3109e-01 1.1190e-06
7.1862e-01 1.1197e-06
7.0636e-01 1.1173e-06
6.9430e-01 1.0913e-06
6.8625e-01 1.0012e-06
6.8254e-01 8.9227e-07
6.8246e-01 8.8862e-07
6.8157e-01 8.9227e-07
6.7081e-01 9.5921e-07
6.6822e-01 1.0012e-06
6.5937e-01 1.0940e-06
6.4812e-01 1.0807e-06
6.3706e-01 1.0491e-06
6.3207e-01 1.0012e-06
6.2619e-01 9.7810e-07
6.1638e-01 8.9227e-07
6.1551e-01 8.8887e-07
6.0581e-01 7.9522e-07
6.0501e-01 7.8649e-07
5.9630e-01 7.0874e-07
5.9468e-01 6.8116e-07
5.8865e-01 6.3166e-07
5.8508e-01 5.6296e-07
5.8456e-01 5.0173e-07
5.8454e-01 5.0063e-07
5.7575e-01 4.4716e-07
5.7462e-01 3.9853e-07
5.7456e-01 3.9676e-07
5.6604e-01 3.5519e-07
5.6497e-01 3.1656e-07
5.6479e-01 2.8213e-07
5.6476e-01 2.7754e-07
5.5726e-01 2.5144e-07
5.5543e-01 2.2410e-07
5.5518e-01 1.9972e-07
5.5514e-01 1.7800e-07
5.5513e-01 1.5864e-07
5.5512e-01 1.4139e-07
5.5512e-01 1.2601e-07
5.5512e-01 1.1231e-07
5.5512e-01 1.0009e-07
5.5512e-01 8.9206e-08
5.5512e-01 7.9504e-08
5.5512e-01 7.0857e-08
5.5512e-01 6.3151e-08
5.5512e-01 5.6283e-08
5.5512e-01 5.0161e-08
5.5512e-01 4.4706e-08
5.5512e-01 4.4609e-08
5.5512e-01 4.4706e-08
5.5510e-01 5.0161e-08
5.5500e-01 5.6283e-08
5.5379e-01 6.3151e-08
5.4565e-01 7.0136e-08
5.4565e-01 7.0857e-08
5.4565e-01 7.9504e-08
5.4565e-01 8.9206e-08
5.4564e-01 1.0009e-07
5.4564e-01 1.1231e-07
5.4561e-01 1.2601e-07
5.4549e-01 1.4139e-07
5.4482e-01 1.5864e-07
5.3729e-01 1.7800e-07
5.3634e-01 1.8037e-07
5.3634e-01 1.9972e-07
5.3633e-01 2.2410e-07
5.3632e-01 2.5144e-07
5.3625e-01 2.8213e-07
5.3586e-01 3.1656e-07
5.3169e-01 3.5519e-07
5.2719e-01 3.7802e-07
5.2710e-01 3.9853e-07
5.2667e-01 4.4716e-07
5.2215e-01 5.0173e-07
5.1820e-01 5.3044e-07
5.1804e-01 5.6296e-07
5.1693e-01 6.3166e-07
5.0936e-01 7.0531e-07
5.0933e-01 7.0874e-07
5.0882e-01 7.9522e-07
5.0430e-01 8.9227e-07
5.0067e-01 9.4035e-07
4.9952e-01 1.0012e-06
4.9212e-01 1.1156e-06
4.9202e-01 1.1233e-06
4.8997e-01 1.2604e-06
4.8373e-01 1.3816e-06
4.8261e-01 1.4142e-06
4.7547e-01 1.5684e-06
4.7508e-01 1.5868e-06
4.6813e-01 1.7804e-06
4.6736e-01 1.8018e-06
4.6536e-01 1.9977e-06
4.5939e-01 2.1886e-06
4.5802e-01 2.2415e-06
4.5155e-01 2.4705e-06
4.5128e-01 2.5150e-06
4.4661e-01 2.8219e-06
4.4384e-01 2.9509e-06
4.3627e-01 3.1517e-06
4.3589e-01 3.1663e-06
4.2883e-01 3.5285e-06
4.2855e-01 3.5527e-06
4.2151e-01 3.9824e-06
4.2129e-01 3.9862e-06
4.1432e-01 4.3758e-06
4.1088e-01 4.4727e-06
4.0725e-01 4.7297e-06
4.0030e-01 4.9960e-06
3.9940e-01 5.0185e-06
3.9347e-01 5.4751e-06
3.8676e-01 5.6096e-06
3.8611e-01 5.6309e-06
3.8016e-01 6.1783e-06
3.7367e-01 6.3180e-06
3.7367e-01 6.3180e-06
3.6730e-01 6.9104e-06
3.6103e-01 7.0729e-06
3.6060e-01 7.0890e-06
3.5487e-01 7.8022e-06
3.4882e-01 7.9527e-06
3.4876e-01 7.9541e-06
3.4286e-01 8.7182e-06
3.3701e-01 8.9038e-06
3.3637e-01 8.9247e-06
3.3126e-01 9.7073e-06
3.2561e-01 9.9886e-06
3.2483e-01 1.0014e-05
3.2006e-01 1.0804e-05
3.1460e-01 1.1137e-05
3.1191e-01 1.1236e-05
3.0923e-01 1.1777e-05
3.0395e-01 1.2461e-05
3.0023e-01 1.2607e-05
2.9877e-01 1.2959e-05
2.9367e-01 1.3898e-05
2.8866e-01 1.4120e-05
2.8814e-01 1.4145e-05
2.8373e-01 1.5379e-05
2.7889e-01 1.5795e-05
2.7708e-01 1.5872e-05
2.7413e-01 1.6819e-05
2.6946e-01 1.7621e-05
2.6567e-01 1.7808e-05
2.6486e-01 1.8104e-05
2.6034e-01 1.9568e-05
2.5590e-01 1.9948e-05
2.5536e-01 1.9982e-05
2.5153e-01 2.1603e-05
2.4724e-01 2.2277e-05
2.4555e-01 2.2420e-05
2.4302e-01 2.3742e-05
2.3888e-01 2.4835e-05
2.3518e-01 2.5156e-05
2.3480e-01 2.5393e-05
2.3079e-01 2.7685e-05
2.2686e-01 2.8159e-05
2.2629e-01 2.8226e-05
2.2299e-01 3.0678e-05
2.1918e-01 3.1533e-05
2.1788e-01 3.1670e-05
2.1544e-01 3.3776e-05
2.1177e-01 3.5287e-05
2.0980e-01 3.5535e-05
2.0815e-01 3.7190e-05
2.0460e-01 3.9493e-05
2.0242e-01 3.9871e-05
2.0111e-01 4.1403e-05
1.9768e-01 4.4265e-05
1.9585e-01 4.4737e-05
1.9431e-01 4.6953e-05
1.9099e-01 4.9784e-05
1.8991e-01 5.0196e-05
1.8773e-01 5.3982e-05
1.8453e-01 5.6115e-05
1.8417e-01 5.6322e-05
1.8138e-01 6.2077e-05
1.7889e-01 6.3195e-05
1.7829e-01 6.4618e-05
1.7524e-01 7.0677e-05
1.7503e-01 7.0906e-05
1.7225e-01 7.8776e-05
1.7179e-01 7.9559e-05
1.6932e-01 8.7649e-05
1.6884e-01 8.9268e-05
1.6643e-01 9.8334e-05
1.6621e-01 1.0016e-04
1.6359e-01 1.1151e-04
1.6356e-01 1.1238e-04
1.6159e-01 1.2610e-04
1.6080e-01 1.3050e-04
1.6075e-01 1.4149e-04
1.5805e-01 1.5867e-04
1.5805e-01 1.5875e-04
1.5805e-01 1.7813e-04
1.5791e-01 1.9986e-04
1.5536e-01 2.2311e-04
1.5536e-01 2.2425e-04
1.5536e-01 2.5162e-04
1.5536e-01 2.8232e-04
1.5535e-01 3.1677e-04
1.5454e-01 3.5543e-04
1.5270e-01 3.8562e-04
1.5270e-01 3.9880e-04
1.5270e-01 4.4747e-04
1.5270e-01 5.0208e-04
1.5270e-01 5.6335e-04
1.5270e-01 6.3209e-04
1.5270e-01 7.0923e-04
1.5270e-01 7.9577e-04
1.5270e-01 8.9288e-04
1.5270e-01 1.0018e-03
1.5270e-01 1.1241e-03
1.5270e-01 1.2613e-03
1.5270e-01 1.4152e-03
1.5270e-01 1.5879e-03
1.5264e-01 1.7817e-03
1.5010e-01 1.9950e-03
1.4760e-01 1.7817e-03
1.4754e-01 1.5879e-03
1.4754e-01 1.4152e-03
1.4754e-01 1.2613e-03
1.4754e-01 1.1241e-03
1.4754e-01 1.0018e-03
1.4754e-01 8.9288e-04
1.4754e-01 7.9577e-04
1.4754e-01 7.0923e-04
1.4754e-01 6.3209e-04
1.4754e-01 5.6335e-04
1.4754e-01 5.0208e-04
1.4754e-01 4.6914e-04
1.4654e-01 4.4747e-04
1.4503e-01 3.9880e-04
1.4502e-01 3.5543e-04
1.4502e-01 3.1677e-04
1.4502e-01 2.8232e-04
1.4502e-01 2.5162e-04
1.4502e-01 2.2425e-04
1.4502e-01 1.9986e-04
1.4502e-01 1.7813e-04
1.4502e-01 1.6297e-04
1.4448e-01 1.5875e-04
1.4257e-01 1.4149e-04
1.4255e-01 1.2610e-04
1.4255e-01 1.1238e-04
1.4255e-01 1.0016e-04
1.4255e-01 8.9268e-05
1.4255e-01 7.9559e-05
1.4255e-01 7.9519e-05
1.4015e-01 7.0906e-05
1.4011e-01 6.3195e-05
1.4011e-01 5.6322e-05
1.4011e-01 5.0196e-05
1.4011e-01 4.4737e-05
1.4011e-01 4.2449e-05
1.3885e-01 3.9871e-05
1.3774e-01 3.5535e-05
1.3772e-01 3.1670e-05
1.3772e-01 2.8226e-05
1.3772e-01 2.5156e-05
1.3772e-01 2.2420e-05
1.3772e-01 1.9982e-05
1.3772e-01 1.7808e-05
1.3772e-01 1.7803e-05
1.3541e-01 1.5872e-05
1.3537e-01 1.4145e-05
1.3537e-01 1.2607e-05
1.3537e-01 1.1236e-05
1.3537e-01 1.0014e-05
1.3537e-01 8.9247e-06
1.3537e-01 7.9541e-06
1.3537e-01 7.0890e-06
1.3537e-01 6.3180e-06
1.3537e-01 5.6309e-06
1.3537e-01 5.0185e-06
1.3537e-01 4.4727e-06
1.3537e-01 3.9862e-06
1.3537e-01 3.5527e-06
1.3537e-01 3.1663e-06
1.3537e-01 2.8219e-06
1.3537e-01 2.5150e-06
1.3537e-01 2.2415e-06
1.3537e-01 2.2357e-06
1.3537e-01 2.2415e-06
1.3537e-01 2.5150e-06
1.3537e-01 2.8219e-06
1.3537e-01 3.1663e-06
1.3537e-01 3.5527e-06
1.3537e-01 3.9862e-06
1.3537e-01 4.4727e-06
1.3537e-01 5.0185e-06
1.3537e-01 5.6309e-06
1.3537e-01 6.3180e-06
1.3537e-01 7.0890e-06
1.3536e-01 7.9541e-06
1.3504e-01 8.9247e-06
1.3306e-01 9.8696e-06
1.3306e-01 1.0014e-05
1.3306e-01 1.1236e-05
1.3306e-01 1.2607e-05
1.3306e-01 1.4145e-05
1.3305e-01 1.5872e-05
1.3258e-01 1.7808e-05
1.3079e-01 1.9544e-05
1.3079e-01 1.9982e-05
1.3078e-01 2.2420e-05
1.3029e-01 2.5156e-05
1.2856e-01 2.7570e-05
1.2854e-01 2.8226e-05
1.2795e-01 3.1670e-05
1.2637e-01 3.4491e-05
1.2628e-01 3.5535e-05
1.2421e-01 3.9737e-05
1.2417e-01 3.9871e-05
1.2209e-01 4.4672e-05
1.2206e-01 4.4737e-05
1.2001e-01 5.0083e-05
1.1991e-01 5.0196e-05
1.1796e-01 5.5908e-05
1.1749e-01 5.6322e-05
1.1595e-01 6.1389e-05
1.1397e-01 6.3174e-05
1.1394e-01 6.3195e-05
1.1203e-01 7.0160e-05
1.1084e-01 7.0906e-05
1.1012e-01 7.3826e-05
1.0824e-01 7.8913e-05
1.0714e-01 7.9559e-05
1.0639e-01 8.2898e-05
1.0458e-01 8.8287e-05
1.0303e-01 8.9268e-05
1.0279e-01 9.0490e-05
1.0104e-01 9.8216e-05
9.9313e-02 9.9977e-05
9.9035e-02 1.0016e-04
9.7619e-02 1.0816e-04
9.5953e-02 1.1149e-04
9.4807e-02 1.1238e-04
9.4316e-02 1.1582e-04
9.2707e-02 1.2357e-04
9.1125e-02 1.2560e-04
9.0521e-02 1.2610e-04
8.9570e-02 1.3367e-04
8.8042e-02 1.3959e-04
8.6540e-02 1.4116e-04
8.6158e-02 1.4149e-04
8.5063e-02 1.5146e-04
8.3612e-02 1.5713e-04
8.2185e-02 1.5850e-04
8.1908e-02 1.5875e-04
8.0783e-02 1.7052e-04
7.9405e-02 1.7637e-04
7.8050e-02 1.7792e-04
7.7823e-02 1.7813e-04
7.6718e-02 1.9131e-04
7.5409e-02 1.9775e-04
7.4123e-02 1.9962e-04
7.3898e-02 1.9986e-04
7.2858e-02 2.1409e-04
7.1615e-02 2.2153e-04
7.0393e-02 2.2392e-04
7.0156e-02 2.2425e-04
6.9192e-02 2.3940e-04
6.8012e-02 2.4799e-04
6.6851e-02 2.5107e-04
6.6558e-02 2.5162e-04
6.5711e-02 2.6768e-04
6.4589e-02 2.7762e-04
6.3487e-02 2.8128e-04
6.3049e-02 2.8232e-04
6.2404e-02 2.9773e-04
6.1339e-02 3.1089e-04
6.0293e-02 3.1515e-04
5.9559e-02 3.1677e-04
5.9264e-02 3.2491e-04
5.8253e-02 3.4716e-04
5.7259e-02 3.5319e-04
5.6282e-02 3.5538e-04
5.6264e-02 3.5543e-04
5.5322e-02 3.8591e-04
5.4378e-02 3.9541e-04
5.3450e-02 3.9839e-04
5.3304e-02 3.9880e-04
5.2538e-02 4.2722e-04
5.1642e-02 4.4180e-04
5.0761e-02 4.4654e-04
5.0489e-02 4.4747e-04
4.9895e-02 4.7302e-04
4.9043e-02 4.9308e-04
4.8207e-02 5.0031e-04
4.7813e-02 5.0208e-04
4.7384e-02 5.2322e-04
4.6576e-02 5.4987e-04
4.5781e-02 5.5961e-04
4.5170e-02 5.6335e-04
4.5000e-02 5.7447e-04
4.4232e-02 6.1313e-04
4.3477e-02 6.2602e-04
4.2736e-02 6.3136e-04
4.2642e-02 6.3209e-04
4.2006e-02 6.8079e-04
4.1290e-02 7.0071e-04
4.0585e-02 7.0725e-04
4.0306e-02 7.0923e-04
3.9893e-02 7.4593e-04
3.9212e-02 7.8140e-04
3.8543e-02 7.9238e-04
3.8041e-02 7.9577e-04
3.7885e-02 8.1176e-04
3.7239e-02 8.6819e-04
3.6604e-02 8.8635e-04
3.5979e-02 8.9253e-04
3.5940e-02 8.9288e-04
3.5365e-02 9.6171e-04
3.4762e-02 9.9005e-04
3.4169e-02 1.0002e-03
3.4043e-02 1.0018e-03
3.3586e-02 1.0650e-03
3.3013e-02 1.1047e-03
3.2449e-02 1.1198e-03
3.2209e-02 1.1241e-03
3.1896e-02 1.1801e-03
3.1352e-02 1.2327e-03
3.0817e-02 1.2529e-03
3.0338e-02 1.2613e-03
3.0291e-02 1.2713e-03
2.9774e-02 1.3749e-03
2.9266e-02 1.4023e-03
2.8767e-02 1.4131e-03
2.8671e-02 1.4152e-03
2.8276e-02 1.5131e-03
2.7794e-02 1.5667e-03
2.7319e-02 1.5833e-03
2.7093e-02 1.5879e-03
2.6853e-02 1.6572e-03
2.6395e-02 1.7447e-03
2.5945e-02 1.7725e-03
2.5569e-02 1.7817e-03
2.5502e-02 1.8038e-03
2.5067e-02 1.9351e-03
2.4639e-02 1.9816e-03
2.4219e-02 1.9980e-03
2.4189e-02 1.9991e-03
2.3806e-02 2.1489e-03
2.3399e-02 2.2132e-03
2.3000e-02 2.2379e-03
2.2895e-02 2.2430e-03
2.2608e-02 2.3838e-03
2.2222e-02 2.4704e-03
2.1843e-02 2.5043e-03
2.1604e-02 2.5167e-03
2.1470e-02 2.5974e-03
2.1104e-02 2.7616e-03
2.0744e-02 2.8044e-03
2.0390e-02 2.8228e-03
2.0373e-02 2.8239e-03
2.0042e-02 3.0564e-03
1.9700e-02 3.1384e-03
1.9364e-02 3.1635e-03
1.9281e-02 3.1685e-03
1.9034e-02 3.3701e-03
1.8709e-02 3.5022e-03
1.8390e-02 3.5446e-03
1.8241e-02 3.5551e-03
1.8076e-02 3.7112e-03
1.7767e-02 3.9024e-03
1.7464e-02 3.9692e-03
1.7261e-02 3.9890e-03
1.7166e-02 4.0951e-03
1.6873e-02 4.3495e-03
1.6585e-02 4.4393e-03
1.6303e-02 4.4749e-03
1.6297e-02 4.4757e-03
1.6024e-02 4.8524e-03
1.5751e-02 4.9673e-03
1.5482e-02 5.0124e-03
1.5420e-02 5.0219e-03
1.5218e-02 5.3656e-03
1.4958e-02 5.5651e-03
1.4703e-02 5.6176e-03
1.4578e-02 5.6348e-03
1.4452e-02 5.8831e-03
1.4206e-02 6.2004e-03
1.3963e-02 6.2952e-03
1.3778e-02 6.3224e-03
1.3725e-02 6.4442e-03
1.3491e-02 6.9046e-03
1.3261e-02 7.0490e-03
1.3036e-02 7.0939e-03
1.3035e-02 7.0969e-03
1.2812e-02 7.6931e-03
1.2594e-02 7.8866e-03
1.2379e-02 7.9560e-03
1.2366e-02 7.9596e-03
1.2167e-02 8.5886e-03
1.1960e-02 8.8271e-03
1.1756e-02 8.9125e-03
1.1704e-02 8.9309e-03
1.1555e-02 9.5366e-03
1.1358e-02 9.8874e-03
1.1164e-02 9.9887e-03
1.1062e-02 1.0021e-02
1.0974e-02 1.0442e-02
1.0787e-02 1.1038e-02
1.0603e-02 1.1200e-02
1.0454e-02 1.1244e-02
1.0422e-02 1.1421e-02
1.0244e-02 1.2292e-02
1.0069e-02 1.2541e-02
9.8972e-03 1.2615e-02
9.8939e-03 1.2616e-02
9.7284e-03 1.3698e-02
9.5624e-03 1.4041e-02
9.3992e-03 1.4150e-02
9.3908e-03 1.4155e-02
9.2389e-03 1.5307e-02
9.0812e-03 1.5721e-02
8.9263e-03 1.5859e-02
8.8968e-03 1.5883e-02
8.7740e-03 1.7091e-02
8.6243e-03 1.7610e-02
8.4771e-03 1.7775e-02
8.4138e-03 1.7821e-02
8.3325e-03 1.8759e-02
8.1903e-03 1.9702e-02
8.0506e-03 1.9932e-02
7.9537e-03 1.9995e-02
7.9132e-03 2.0538e-02
7.7782e-03 2.1963e-02
7.6455e-03 2.2335e-02
7.5226e-03 2.2435e-02
7.5151e-03 2.2552e-02
7.3868e-03 2.4484e-02
7.2608e-03 2.5017e-02
7.1369e-03 2.5169e-02
7.1338e-03 2.5173e-02
7.0151e-03 2.7340e-02
6.8955e-03 2.8012e-02
6.7778e-03 2.8220e-02
6.7634e-03 2.8245e-02
6.6622e-03 3.0588e-02
6.5485e-03 3.1381e-02
6.4368e-03 3.1633e-02
6.4000e-03 3.1692e-02
6.3269e-03 3.3713e-02
6.2190e-03 3.5160e-02
6.1129e-03 3.5472e-02
6.0527e-03 3.5559e-02
6.0086e-03 3.6984e-02
5.9061e-03 3.9230e-02
5.8053e-03 3.9770e-02
5.7228e-03 3.9899e-02
5.7062e-03 4.0519e-02
5.6089e-03 4.3723e-02
5.5132e-03 4.4550e-02
5.4191e-03 4.4765e-02
5.4178e-03 4.4768e-02
5.3267e-03 4.8777e-02
5.2358e-03 4.9886e-02
5.1465e-03 5.0207e-02
5.1393e-03 5.0231e-02
5.0586e-03 5.4535e-02
4.9723e-03 5.5887e-02
4.8875e-03 5.6284e-02
4.8666e-03 5.6361e-02
4.8041e-03 6.0514e-02
4.7221e-03 6.2661e-02
4.6416e-03 6.3114e-02
4.6013e-03 6.3238e-02
4.5624e-03 6.6248e-02
4.4845e-03 6.9964e-02
4.4080e-03 7.0779e-02
4.3498e-03 7.0955e-02
4.3328e-03 7.2492e-02
4.2589e-03 7.8031e-02
4.1862e-03 7.9311e-02
4.1149e-03 7.9614e-02
4.1148e-03 7.9626e-02
4.0446e-03 8.7027e-02
3.9756e-03 8.8826e-02
3.9077e-03 8.9313e-02
3.9049e-03 8.9330e-02
3.8411e-03 9.7176e-02
3.7755e-03 9.9490e-02
3.7111e-03 1.0012e-01
3.6978e-03 1.0023e-01
9.6284e-01 7.0469e-10
9.6311e-01 7.0825e-10
9.6877e-01 7.9468e-10
9.7240e-01 8.9165e-10
9.7476e-01 1.0005e-09
9.7632e-01 1.1225e-09
9.7732e-01 1.2595e-09
9.7800e-01 1.4132e-09
9.7846e-01 1.5857e-09
9.7876e-01 1.7792e-09
9.7898e-01 1.9963e-09
9.7914e-01 2.2399e-09
9.7925e-01 2.5133e-09
9.7934e-01 2.8200e-09
9.7942e-01 3.1641e-09
9.7950e-01 3.5502e-09
9.7955e-01 3.8290e-09
9.8065e-01 3.9835e-09
9.8201e-01 4.4696e-09
9.8212e-01 5.0150e-09
9.7989e-01 5.6270e-09
9.7955e-01 5.6681e-09
9.7824e-01 6.3136e-09
9.6593e-01 7.0841e-09
9.6284e-01 7.1786e-09
9.6154e-01 7.0841e-09
9.5182e-01 6.3136e-09
9.4903e-01 5.6270e-09
9.4785e-01 5.0150e-09
9.4733e-01 4.4696e-09
9.4711e-01 3.9835e-09
9.4698e-01 3.5502e-09
9.4692e-01 3.1641e-09
9.4693e-01 2.8200e-09
9.4696e-01 2.5133e-09
9.4702e-01 2.2399e-09
9.4715e-01 1.9963e-09
9.4734e-01 1.7792e-09
9.4762e-01 1.5857e-09
9.4806e-01 1.4132e-09
9.4871e-01 1.2595e-09
9.4968e-01 1.1225e-09
9.5120e-01 1.0005e-09
9.5350e-01 8.9165e-10
9.5705e-01 7.9468e-10
9.6258e-01 7.0825e-10
9.6284e-01 7.0469e-10
